12 13 14 15 16 17 18 19 20 21 22 23
12 13 14 15 16 17 18 19 24 25 26 27
12 13 14 15 16 17 18 19 28 29 30 31
12 13 14 15 16 17 18 19 32 33 34 35
12 13 14 15 20 21 22 23 24 25 26 27
12 13 14 15 20 21 22 23 28 29 30 31
12 13 14 15 20 21 22 23 32 33 34 35
12 13 14 15 24 25 26 27 28 29 30 31
12 13 14 15 24 25 26 27 32 33 34 35
12 13 14 15 28 29 30 31 32 33 34 35
16 17 18 19 20 21 22 23 24 25 26 27
16 17 18 19 20 21 22 23 28 29 30 31
16 17 18 19 20 21 22 23 32 33 34 35
16 17 18 19 24 25 26 27 28 29 30 31
16 17 18 19 24 25 26 27 32 33 34 35
16 17 18 19 28 29 30 31 32 33 34 35
20 21 22 23 24 25 26 27 28 29 30 31
20 21 22 23 24 25 26 27 32 33 34 35
20 21 22 23 28 29 30 31 32 33 34 35
24 25 26 27 28 29 30 31 32 33 34 35
0 1 2 3 4 5 6 7 8 9 10 11
