13 14 15 16 17 18 19 20 21 22 23 24
13 14 15 16 17 18 19 20 21 22 25 26
13 14 15 16 17 18 19 20 21 22 27 28
13 14 15 16 17 18 19 20 23 24 25 26
13 14 15 16 17 18 19 20 23 24 27 28
13 14 15 16 17 18 19 20 25 26 27 28
13 14 15 16 17 18 21 22 23 24 25 26
13 14 15 16 17 18 21 22 23 24 27 28
13 14 15 16 17 18 21 22 25 26 27 28
13 14 15 16 17 18 23 24 25 26 27 28
13 14 15 16 19 20 21 22 23 24 25 26
13 14 15 16 19 20 21 22 23 24 27 28
13 14 15 16 19 20 21 22 25 26 27 28
13 14 15 16 19 20 23 24 25 26 27 28
13 14 15 16 21 22 23 24 25 26 27 28
13 14 17 18 19 20 21 22 23 24 25 26
13 14 17 18 19 20 21 22 23 24 27 28
13 14 17 18 19 20 21 22 25 26 27 28
13 14 17 18 19 20 23 24 25 26 27 28
13 14 17 18 21 22 23 24 25 26 27 28
13 14 19 20 21 22 23 24 25 26 27 28
15 16 17 18 19 20 21 22 23 24 25 26
15 16 17 18 19 20 21 22 23 24 27 28
15 16 17 18 19 20 21 22 25 26 27 28
15 16 17 18 19 20 23 24 25 26 27 28
15 16 17 18 21 22 23 24 25 26 27 28
15 16 19 20 21 22 23 24 25 26 27 28
17 18 19 20 21 22 23 24 25 26 27 28
0 1 2 3 4 5 6 7 8 9 10 11
0 1 2 3 4 5 6 7 8 9 10 12
0 1 2 3 4 5 6 7 8 9 11 12
0 1 2 3 4 5 6 7 8 10 11 12
0 1 2 3 4 5 6 7 9 10 11 12
0 1 2 3 4 5 6 8 9 10 11 12
0 1 2 3 4 5 7 8 9 10 11 12
0 1 2 3 4 6 7 8 9 10 11 12
0 1 2 3 5 6 7 8 9 10 11 12
0 1 2 4 5 6 7 8 9 10 11 12
0 1 3 4 5 6 7 8 9 10 11 12
0 2 3 4 5 6 7 8 9 10 11 12
1 2 3 4 5 6 7 8 9 10 11 12
