24 25 26 27 28 29 30 31 32 33 34 35
24 25 26 27 28 29 30 31 32 33 36 37
24 25 26 27 28 29 30 31 32 33 38 39
24 25 26 27 28 29 30 31 34 35 36 37
24 25 26 27 28 29 30 31 34 35 38 39
24 25 26 27 28 29 30 31 36 37 38 39
24 25 26 27 28 29 32 33 34 35 36 37
24 25 26 27 28 29 32 33 34 35 38 39
24 25 26 27 28 29 32 33 36 37 38 39
24 25 26 27 28 29 34 35 36 37 38 39
24 25 26 27 30 31 32 33 34 35 36 37
24 25 26 27 30 31 32 33 34 35 38 39
24 25 26 27 30 31 32 33 36 37 38 39
24 25 26 27 30 31 34 35 36 37 38 39
24 25 26 27 32 33 34 35 36 37 38 39
24 25 28 29 30 31 32 33 34 35 36 37
24 25 28 29 30 31 32 33 34 35 38 39
24 25 28 29 30 31 32 33 36 37 38 39
24 25 28 29 30 31 34 35 36 37 38 39
24 25 28 29 32 33 34 35 36 37 38 39
24 25 30 31 32 33 34 35 36 37 38 39
26 27 28 29 30 31 32 33 34 35 36 37
26 27 28 29 30 31 32 33 34 35 38 39
26 27 28 29 30 31 32 33 36 37 38 39
26 27 28 29 30 31 34 35 36 37 38 39
26 27 28 29 32 33 34 35 36 37 38 39
26 27 30 31 32 33 34 35 36 37 38 39
28 29 30 31 32 33 34 35 36 37 38 39
0 1 2 3 4 5 6 7 8 9 10 11
0 1 2 3 4 5 12 13 14 15 16 17
0 1 2 3 4 5 18 19 20 21 22 23
6 7 8 9 10 11 12 13 14 15 16 17
6 7 8 9 10 11 18 19 20 21 22 23
12 13 14 15 16 17 18 19 20 21 22 23
