18 19 20 21 22 23 24 25 26 27 28 29
18 19 20 21 22 23 24 25 26 27 30 31
18 19 20 21 22 23 24 25 26 27 32 33
18 19 20 21 22 23 24 25 28 29 30 31
18 19 20 21 22 23 24 25 28 29 32 33
18 19 20 21 22 23 24 25 30 31 32 33
18 19 20 21 22 23 26 27 28 29 30 31
18 19 20 21 22 23 26 27 28 29 32 33
18 19 20 21 22 23 26 27 30 31 32 33
18 19 20 21 22 23 28 29 30 31 32 33
18 19 20 21 24 25 26 27 28 29 30 31
18 19 20 21 24 25 26 27 28 29 32 33
18 19 20 21 24 25 26 27 30 31 32 33
18 19 20 21 24 25 28 29 30 31 32 33
18 19 20 21 26 27 28 29 30 31 32 33
18 19 22 23 24 25 26 27 28 29 30 31
18 19 22 23 24 25 26 27 28 29 32 33
18 19 22 23 24 25 26 27 30 31 32 33
18 19 22 23 24 25 28 29 30 31 32 33
18 19 22 23 26 27 28 29 30 31 32 33
18 19 24 25 26 27 28 29 30 31 32 33
20 21 22 23 24 25 26 27 28 29 30 31
20 21 22 23 24 25 26 27 28 29 32 33
20 21 22 23 24 25 26 27 30 31 32 33
20 21 22 23 24 25 28 29 30 31 32 33
20 21 22 23 26 27 28 29 30 31 32 33
20 21 24 25 26 27 28 29 30 31 32 33
22 23 24 25 26 27 28 29 30 31 32 33
0 1 2 3 4 5 6 7 8 9 10 11
0 1 2 3 4 5 12 13 14 15 16 17
6 7 8 9 10 11 12 13 14 15 16 17
