20 21 22 23 24 25 26 27 28 29 30 31
20 21 22 23 24 25 26 27 28 29 32 33
20 21 22 23 24 25 26 27 28 29 34 35
20 21 22 23 24 25 26 27 30 31 32 33
20 21 22 23 24 25 26 27 30 31 34 35
20 21 22 23 24 25 26 27 32 33 34 35
20 21 22 23 24 25 28 29 30 31 32 33
20 21 22 23 24 25 28 29 30 31 34 35
20 21 22 23 24 25 28 29 32 33 34 35
20 21 22 23 24 25 30 31 32 33 34 35
20 21 22 23 26 27 28 29 30 31 32 33
20 21 22 23 26 27 28 29 30 31 34 35
20 21 22 23 26 27 28 29 32 33 34 35
20 21 22 23 26 27 30 31 32 33 34 35
20 21 22 23 28 29 30 31 32 33 34 35
20 21 24 25 26 27 28 29 30 31 32 33
20 21 24 25 26 27 28 29 30 31 34 35
20 21 24 25 26 27 28 29 32 33 34 35
20 21 24 25 26 27 30 31 32 33 34 35
20 21 24 25 28 29 30 31 32 33 34 35
20 21 26 27 28 29 30 31 32 33 34 35
22 23 24 25 26 27 28 29 30 31 32 33
22 23 24 25 26 27 28 29 30 31 34 35
22 23 24 25 26 27 28 29 32 33 34 35
22 23 24 25 26 27 30 31 32 33 34 35
22 23 24 25 28 29 30 31 32 33 34 35
22 23 26 27 28 29 30 31 32 33 34 35
24 25 26 27 28 29 30 31 32 33 34 35
0 1 2 3 4 5 6 7 8 9 10 11
0 1 2 3 4 5 6 7 12 13 14 15
0 1 2 3 4 5 6 7 16 17 18 19
0 1 2 3 8 9 10 11 12 13 14 15
0 1 2 3 8 9 10 11 16 17 18 19
0 1 2 3 12 13 14 15 16 17 18 19
4 5 6 7 8 9 10 11 12 13 14 15
4 5 6 7 8 9 10 11 16 17 18 19
4 5 6 7 12 13 14 15 16 17 18 19
8 9 10 11 12 13 14 15 16 17 18 19
