13 14 15 16 17 18 19 20 21 22 23 24
13 14 15 16 17 18 19 20 21 25 26 27
13 14 15 16 17 18 19 20 21 28 29 30
13 14 15 16 17 18 19 20 21 31 32 33
13 14 15 16 17 18 22 23 24 25 26 27
13 14 15 16 17 18 22 23 24 28 29 30
13 14 15 16 17 18 22 23 24 31 32 33
13 14 15 16 17 18 25 26 27 28 29 30
13 14 15 16 17 18 25 26 27 31 32 33
13 14 15 16 17 18 28 29 30 31 32 33
13 14 15 19 20 21 22 23 24 25 26 27
13 14 15 19 20 21 22 23 24 28 29 30
13 14 15 19 20 21 22 23 24 31 32 33
13 14 15 19 20 21 25 26 27 28 29 30
13 14 15 19 20 21 25 26 27 31 32 33
13 14 15 19 20 21 28 29 30 31 32 33
13 14 15 22 23 24 25 26 27 28 29 30
13 14 15 22 23 24 25 26 27 31 32 33
13 14 15 22 23 24 28 29 30 31 32 33
13 14 15 25 26 27 28 29 30 31 32 33
16 17 18 19 20 21 22 23 24 25 26 27
16 17 18 19 20 21 22 23 24 28 29 30
16 17 18 19 20 21 22 23 24 31 32 33
16 17 18 19 20 21 25 26 27 28 29 30
16 17 18 19 20 21 25 26 27 31 32 33
16 17 18 19 20 21 28 29 30 31 32 33
16 17 18 22 23 24 25 26 27 28 29 30
16 17 18 22 23 24 25 26 27 31 32 33
16 17 18 22 23 24 28 29 30 31 32 33
16 17 18 25 26 27 28 29 30 31 32 33
19 20 21 22 23 24 25 26 27 28 29 30
19 20 21 22 23 24 25 26 27 31 32 33
19 20 21 22 23 24 28 29 30 31 32 33
19 20 21 25 26 27 28 29 30 31 32 33
22 23 24 25 26 27 28 29 30 31 32 33
0 1 2 3 4 5 6 7 8 9 10 11
0 1 2 3 4 5 6 7 8 9 10 12
0 1 2 3 4 5 6 7 8 9 11 12
0 1 2 3 4 5 6 7 8 10 11 12
0 1 2 3 4 5 6 7 9 10 11 12
0 1 2 3 4 5 6 8 9 10 11 12
0 1 2 3 4 5 7 8 9 10 11 12
0 1 2 3 4 6 7 8 9 10 11 12
0 1 2 3 5 6 7 8 9 10 11 12
0 1 2 4 5 6 7 8 9 10 11 12
0 1 3 4 5 6 7 8 9 10 11 12
0 2 3 4 5 6 7 8 9 10 11 12
1 2 3 4 5 6 7 8 9 10 11 12
