1000 999 351
355 72 864079288
938 449 190139929
404 0 340444258
576 988 718780020
906 126 398406387
255 8 613307814
577 682 363622419
992 561 773601444
538 462 488408141
380 8 786404932
799 173 849314402
890 894 544464791
614 457 790528710
683 562 692453110
807 708 638373041
308 65 530878647
325 881 243594281
978 531 835578685
15 175 345559842
562 888 409512668
358 230 467346353
265 513 769990201
814 617 685280137
664 334 919964856
856 967 439781476
579 392 479070764
760 246 738292183
87 793 678912352
730 153 429261848
78 9 71316126
381 814 740283881
651 841 263362639
877 187 897984672
253 263 306081693
677 897 168020730
684 24 642216168
0 823 235687105
995 230 179790584
663 20 527077034
791 686 428128376
241 374 116538211
391 747 822247811
129 887 962008952
514 785 373825630
327 546 675760999
946 435 938067259
399 217 94782952
220 402 441286621
583 416 179986309
72 456 773185089
525 662 753578478
411 583 149754004
874 430 794974034
780 792 90546107
275 159 810911850
279 353 518181153
22 567 185819205
395 758 813813156
332 114 193085866
970 251 888471612
878 515 535644288
215 667 794326973
400 754 622565555
159 931 250528529
387 317 723771620
486 351 927340149
920 665 643119138
595 702 657550896
759 513 293650964
932 597 368217414
642 766 567533458
191 0 660029938
908 731 586006774
21 654 547325193
784 710 103909000
52 374 27706553
375 137 116969186
37 845 249678869
660 760 900367063
605 345 934734486
6 785 410956654
549 147 13744222
340 515 987273327
696 169 895587277
949 648 99940230
675 702 169318370
203 777 483113183
477 896 932611738
226 10 909181705
348 221 326014983
425 132 611295196
84 129 280235723
302 632 526919045
770 413 444067690
237 298 821490458
900 189 515335587
92 835 934559951
640 21 792907076
108 877 796901535
647 334 468312256
74 595 84617628
102 366 892531808
537 814 577320244
239 36 112851395
602 411 819299482
811 144 327092113
705 856 885627637
852 948 66686583
218 439 642910455
67 896 431212417
7 642 60784147
101 832 125013626
64 674 451486706
638 166 309479698
939 199 647612503
418 111 950250736
455 351 574028771
73 382 401063472
810 489 356956903
857 638 591169151
833 517 405435790
208 550 422346949
360 856 875132103
977 826 911266741
518 413 950332390
823 959 57671290
700 827 173350770
147 786 3150813
632 806 426738313
90 731 260066000
172 920 303494190
986 527 310613083
876 366 19447150
551 939 693150652
922 471 181537265
187 17 148500889
528 602 10483150
535 546 49635422
259 652 251525422
717 194 277912723
849 930 638988633
594 13 220546146
635 36 515689243
926 395 647030174
882 796 693677317
749 492 489295027
284 187 111416620
423 667 619063307
48 674 67792671
490 746 445402128
754 342 421876657
104 387 981507222
916 574 594690612
464 278 149022349
25 227 775952255
211 706 65437663
469 740 480264539
20 586 257338616
789 508 762388930
973 865 85597798
909 384 629141935
928 59 192521456
819 311 447289124
267 773 154728057
230 891 596152545
245 726 88212894
805 176 177951304
905 341 42617680
366 510 841724586
774 542 633835371
137 523 801695927
653 657 552235729
134 966 422269010
626 312 510673958
711 31 759752679
201 988 302578233
581 941 219221084
397 96 218006867
831 668 208186607
199 626 743639666
907 44 71805445
335 859 597092899
691 511 937707053
99 652 174161787
824 160 53957733
720 206 410833132
951 669 271217260
957 450 277097821
837 714 741065525
233 703 191609631
276 7 227448250
500 282 691527854
244 345 968214785
933 740 610759031
188 814 10123579
374 761 43241771
597 902 90899829
578 993 790102384
468 94 956291409
963 159 680199668
707 247 200951387
968 58 45083121
30 855 746673013
28 131 259587495
652 768 39124609
861 39 641600827
50 439 733433035
738 25 679044032
44 820 167157045
723 764 416237373
69 91 373141501
442 31 518691632
219 925 790793497
252 517 488802003
743 375 743905892
361 782 357725941
971 777 939447795
523 681 878607199
256 962 148952308
453 793 601251335
887 564 404165875
251 558 582151905
962 426 262555120
209 295 806181817
543 269 598215995
136 52 359778133
868 805 291311957
654 756 755244006
368 616 759287774
536 978 891444071
447 769 435012605
414 185 829988241
524 540 138216971
207 321 259770610
998 92 394195264
407 633 108639483
641 412 833017126
316 653 165265792
701 764 161686819
269 512 740857476
843 939 535725380
610 84 685165478
156 898 170449859
974 39 262529300
678 742 868213137
891 487 689310400
247 452 853684100
132 752 754103269
988 923 945652948
764 492 504067887
731 236 23102854
234 706 791274302
494 733 379172968
630 832 123448956
884 215 430456595
769 173 18464490
646 802 250750667
441 653 691829133
60 882 532107931
873 702 116029747
501 907 656060669
306 562 217446361
343 353 639281095
982 258 86119962
482 852 850558833
272 816 604691374
598 669 347838784
561 807 66081364
735 760 919886707
937 905 558473334
339 143 391611878
645 533 184702556
17 122 585841033
996 169 711346016
517 294 166865882
616 189 372909739
919 607 132197934
790 906 199900963
586 524 807155623
836 53 530243562
130 45 373621500
762 226 120453597
815 834 840954841
89 880 777694346
753 533 443966664
122 351 41663188
748 634 442402118
310 653 187301536
180 110 499106085
991 265 520119397
999 671 753792633
12 845 934677335
659 212 605249390
111 944 492204664
495 276 311295267
681 362 378849887
727 565 868005496
733 50 465054345
990 887 831114608
980 343 476960221
242 99 294738864
676 24 965994341
835 268 202274744
534 157 20714130
450 791 220213294
848 621 293762729
945 503 598212753
311 872 561395216
430 739 662090104
146 982 590364281
655 862 366962486
603 285 829194425
68 979 807432433
802 966 696206581
406 421 862567666
918 330 356182297
321 305 298646778
558 308 359982779
24 689 951957183
527 256 788922355
124 418 356645986
121 9 879471016
872 915 49800685
162 940 252130098
736 607 642209363
120 177 980884061
451 132 969866254
410 630 533775543
439 639 617089008
509 991 846629081
365 322 922368666
787 322 803960744
288 418 826648492
346 872 146612993
850 760 85308512
713 258 671688606
572 122 790286691
816 991 925030299
458 413 225979925
214 845 532371465
657 356 920760517
82 621 437820767
896 721 5183358
398 439 727062946
383 395 745454836
480 632 392984535
570 663 819581251
566 632 658601203
61 607 89018659
667 782 481492471
624 120 785058018
303 624 905328680
716 484 337005611
935 843 236036436
612 471 776122029
499 996 342996875
953 804 283025804
778 819 652626522
461 815 696618450
31 787 220101798
175 160 375556160
32 829 238138912
589 17 7647958
725 321 363803548
669 371 282881497
190 898 392214920
436 221 807358103
249 532 76636140
446 557 554023679
582 267 777859917
952 120 623357019
910 199 938442953
1 8 43573423
859 421 548012351
639 714 700153499
929 842 140750871
329 755 624264804
271 135 908491393
693 50 336448933
141 388 283834620
911 290 158537677
97 543 340751947
540 213 378762829
972 792 247440322
415 512 364970808
463 273 992323383
899 736 443462431
737 907 537790354
260 257 715560130
145 21 303783667
871 538 959663902
56 123 142578780
431 221 339710448
498 489 590774343
26 96 857866665
846 391 233181431
294 735 249526767
838 621 814778539
746 699 15690383
456 882 952626231
324 704 458678540
434 739 557931220
634 251 739270846
506 128 309154355
277 948 980654789
565 633 838358516
718 258 224904887
636 671 341563217
812 524 323138234
505 865 4632766
331 158 716697416
623 83 640723262
432 764 832962808
119 350 664097988
747 375 176549758
263 18 120729883
13 494 524533910
174 872 21717475
205 902 525864961
827 506 289977773
832 521 633291729
575 330 911580738
959 412 577857207
940 451 249871062
722 477 888090175
281 996 203375490
475 412 514345814
347 835 496477769
427 912 473095695
567 91 506441950
502 669 956677272
826 52 235966972
965 204 336920656
703 367 591417850
91 310 811422957
438 362 928714356
485 632 632868885
947 150 65396480
513 201 722398779
193 769 949771501
768 906 313449371
756 146 970694662
371 815 564912962
625 402 681518414
742 754 94521667
844 48 614424748
445 267 425017623
782 150 857387099
758 170 701292219
961 714 499217593
412 993 93793038
373 752 948308939
197 980 314915196
734 92 536167828
568 857 935739134
914 416 466003152
948 458 664639357
648 875 44191896
904 585 102103901
478 16 861145065
299 691 557530451
721 138 221273448
593 909 535272680
139 532 919904276
372 596 113026885
36 612 97528768
834 143 440115603
386 626 117312776
394 600 663245478
670 23 419004283
633 670 322623240
254 978 525052351
898 162 867585259
200 300 87709894
622 605 567872739
690 569 795412819
474 119 232887614
10 153 661472656
596 266 622233941
531 403 893414284
326 828 169898217
420 474 203448774
405 358 404840427
460 234 950064203
357 390 55515808
293 585 957892958
401 300 131681034
739 825 351020039
967 140 307073816
783 197 642631880
744 248 591885062
328 245 493414427
942 215 292887150
341 358 682826168
599 234 368799144
592 777 187880655
382 874 635507437
828 854 388803403
702 381 615617335
724 550 351806215
338 179 752816433
728 20 876551319
706 605 660743439
165 857 505057049
732 170 903392885
363 84 592187788
286 526 692348931
865 301 481480412
274 41 972259710
408 826 875619770
863 916 476683670
888 826 506414034
883 760 90837968
741 764 854735169
943 855 870369426
114 433 524233221
785 271 217202627
470 227 82948037
607 338 638972905
98 587 95002303
322 764 367623442
429 640 114737695
126 845 896616984
821 0 636012672
34 285 376010540
109 868 604371388
692 197 580377800
497 793 340866895
305 92 201389999
615 256 752743365
424 198 187751841
85 245 428405240
752 507 773319473
889 746 469737079
796 953 123987913
221 811 139549915
662 907 76669425
228 10 350413284
171 238 87305761
800 521 786694111
149 267 215567081
344 868 848339505
257 591 516367900
62 671 305775884
842 912 322714069
989 177 479223417
503 629 908580235
781 899 285251865
370 645 448010847
927 966 685462486
342 868 135571796
81 321 942465178
236 663 570377665
864 472 727510187
2 266 653276112
155 865 373149093
181 727 947540985
862 996 232789569
886 201 278412902
695 294 927445667
148 194 236450648
152 323 59186504
184 872 759685259
555 382 801935449
792 862 186273042
853 724 406784036
443 735 561271087
313 484 672932899
283 59 229437015
297 881 742418827
869 539 942960215
66 945 818907857
320 941 10301474
59 941 362390938
694 359 965204207
356 757 689288544
154 563 472600067
290 248 521622031
895 563 388059163
608 83 239244079
65 569 204897170
243 502 467192061
309 324 70320984
829 352 868769310
47 935 347488780
83 582 885922957
428 392 628445845
435 287 808639926
465 143 233031737
590 10 268807946
440 175 793974937
261 310 547354049
117 114 792480127
216 904 459903532
262 778 563199997
8 41 273325873
520 43 358837725
955 506 861099618
454 83 751970665
153 393 795407829
839 711 95091472
27 471 290837227
19 829 215721503
166 894 257478869
541 525 629155217
656 212 855877924
661 94 100129530
771 310 328148677
979 858 519512621
273 466 51459057
985 182 82471146
113 169 37916004
178 169 11445348
140 474 767031319
3 806 726463341
312 920 16675894
93 206 425285817
674 357 158080582
334 974 569638778
606 859 118329738
870 342 92840644
584 716 33153318
235 345 177794099
699 514 83327959
278 827 230074775
618 595 379686465
100 45 41782742
77 787 470355144
913 337 504409975
240 488 559732461
587 80 302094959
710 562 623215535
280 160 809702892
600 516 271151837
195 988 170624512
817 53 865398410
296 169 607505606
786 777 939482408
944 164 711823891
448 225 191446548
830 82 436992085
467 72 746478814
545 587 795869557
176 220 411354726
227 829 769013733
522 245 821823982
421 388 987713778
492 978 469084926
879 458 228095988
457 53 843131074
54 823 491556066
529 602 227049672
107 297 156553420
820 369 983680710
351 697 874517617
901 806 391478791
628 457 6635443
867 341 505481322
222 91 393608247
194 498 340339143
390 853 165781247
315 976 967500178
714 477 562917001
740 571 901363346
560 39 197744494
588 248 610613113
532 68 808357862
161 106 425733154
385 906 967183260
539 450 313107761
958 417 933181129
45 841 988365005
264 697 239555420
377 897 544685002
813 484 267169217
521 717 158654060
751 140 661161683
548 815 585170725
170 992 932473124
496 378 329484929
369 544 658723266
123 916 754660444
409 157 646242566
484 448 402915552
954 480 879823552
57 887 903734750
449 223 349281693
116 321 554815295
493 494 367474520
142 111 104671679
726 616 964444148
825 603 592089706
232 882 189742700
307 557 60180538
352 849 43701254
317 161 408178235
282 541 812101318
367 889 729088794
793 897 832546149
794 935 939599992
969 0 58687472
553 91 592129733
801 920 348824729
378 682 394724864
359 884 311435807
158 778 447579548
761 263 66626383
797 956 421953419
128 859 332411277
504 23 954135760
131 740 832976878
196 322 753396277
40 871 664851051
686 780 767820283
95 698 496724202
333 492 681563014
489 784 693016383
931 410 197236204
893 825 398754593
183 194 522615698
689 646 653488902
530 821 975184730
855 584 485420627
934 912 335212189
544 640 757914678
993 767 770107396
396 93 861949988
330 108 565512462
86 597 411791618
491 571 2322119
808 511 122998981
345 272 801778768
63 497 4047243
248 932 258390699
709 276 146572331
542 497 394190551
679 301 641909616
143 517 330112854
163 171 132069166
295 539 368279009
413 738 523270571
138 97 666510331
613 648 647994160
546 382 340275222
362 175 748645511
964 413 971948290
557 242 85473239
388 186 777085714
5 375 634063094
476 633 769516951
559 872 65856417
379 92 135050849
231 686 143994271
851 215 986596496
118 510 831191590
984 542 418353188
168 845 593529214
229 381 13607583
403 130 730227598
151 702 873166583
629 237 895658503
550 943 710414842
915 147 853105736
105 746 155503179
488 502 879802937
975 282 304638516
223 323 614044674
564 250 173080446
665 331 487552755
42 821 742297644
729 177 259774265
688 894 426456498
292 221 157351342
902 871 897615926
79 204 526889670
462 13 401698794
866 726 513090078
858 527 214301439
673 923 379643497
426 282 669575068
845 359 305070420
471 383 860049126
936 267 561662687
563 727 392779643
189 29 238789323
956 472 408643925
643 550 937405442
620 300 941762301
604 242 99328734
169 275 691887734
103 717 656876311
795 106 653036527
225 43 627619994
71 637 247489682
917 242 275526413
18 157 169168054
687 992 644716130
609 896 315274045
323 334 839045220
35 42 974334809
459 138 384197011
14 220 12032901
416 614 791712393
571 121 230277872
70 117 821653079
298 82 605613513
894 418 515995999
246 595 566051632
350 831 233497091
202 557 229923882
803 544 204839459
319 471 985297835
23 233 498822473
818 110 117325689
268 95 907184751
644 282 968222992
806 163 563225083
110 593 494990482
621 131 653536217
206 378 969388845
976 898 405228036
508 337 820064661
224 212 544595828
291 153 665930762
349 95 123900528
775 91 524809067
483 586 46912031
135 535 882981932
987 345 865744225
11 746 95181409
479 711 478231785
88 825 549449942
671 292 424646464
569 627 144679670
981 328 405193894
960 721 213269139
422 135 293215618
160 880 815648171
841 84 648920173
512 478 445117638
33 908 140786275
766 397 351127076
217 678 758690089
285 255 537960566
49 855 812166297
38 411 96823542
892 48 406541018
666 558 355676637
353 946 490633236
658 375 760536394
336 91 687505306
318 227 790680540
840 323 489988407
487 419 111034299
897 79 298662333
75 197 903350304
53 671 164816021
745 83 896832783
966 557 18895692
680 421 255853320
133 662 937709822
96 117 959008928
212 270 939872022
287 794 201333183
925 528 547635529
619 79 14688764
173 234 115967213
473 634 689901493
198 774 119205136
210 508 670243612
822 91 594713866
337 392 955501962
238 938 783127578
389 516 899166697
507 257 183606973
115 478 60000477
601 613 190635019
757 42 739475038
419 613 963316107
798 255 13996703
637 596 760108585
617 154 564158143
167 882 238973609
127 194 465330013
631 852 22361118
875 479 895278410
384 515 932825099
924 980 125521443
402 624 797728601
76 265 229826007
364 587 709468793
580 92 70656680
150 59 498111349
698 299 806153256
80 286 666995793
672 806 378268395
515 844 554946343
854 324 768685582
804 366 780544306
627 139 395204250
301 856 118658403
510 828 585408776
266 508 432764733
773 645 684017129
29 417 622030799
516 391 673071865
94 278 645069347
186 973 637283976
809 393 959087609
106 94 120589105
611 132 468265560
392 185 506801994
4 973 604039421
182 217 465163262
270 240 820581764
250 297 64982330
192 301 917553394
697 480 109547905
437 904 889406183
921 502 166035558
204 755 469287205
417 575 454528406
444 872 409454391
519 849 707191209
452 273 290482908
772 686 760507153
881 725 674165503
585 295 391733994
552 394 392949806
526 748 541655803
880 908 236680469
55 173 537325882
776 144 546394456
314 527 310958586
912 56 617972886
682 495 435267389
51 233 152335821
112 421 185488781
994 234 327535434
719 25 570497091
750 717 615783565
573 894 427725651
58 328 681688565
885 213 382714472
289 646 426396430
179 24 735289483
923 905 633524761
41 950 464671744
788 79 979672686
704 620 982381905
157 75 390514962
767 857 173581958
983 671 302323862
997 308 381299506
533 93 826609056
9 216 429631335
144 545 596645288
46 495 22754738
554 120 969262449
304 448 390283292
177 852 349984385
574 552 766051160
300 968 205598227
472 36 380815270
708 198 829046425
466 182 709255213
650 966 477574250
777 83 773674403
941 387 892339319
715 334 869330842
354 811 4680220
903 137 9780690
125 24 168516277
591 656 524086573
847 815 144782609
39 956 768947745
213 110 891659606
16 193 962124289
763 849 984243778
685 129 833650806
164 290 597787575
185 226 981713771
860 841 649581896
950 637 280150916
712 480 121371738
481 297 553205271
376 525 53570552
547 24 380715264
43 899 904863158
668 945 656433242
258 567 653349477
779 311 346545371
393 925 144343704
433 976 314254515
765 13 972395468
649 784 131079760
930 467 804355269
755 842 423311065
556 50 469368458
390 393
88 94
265 267
225 232
967 968
323 323
757 763
46 49
408 416
818 827
463 470
631 638
544 546
157 158
189 195
756 758
847 850
43 52
304 313
228 232
459 461
776 776
833 842
49 52
905 915
760 769
902 909
961 970
930 935
49 56
289 296
342 343
892 896
510 519
176 177
22 29
419 419
407 414
417 422
993 997
174 182
848 856
191 194
777 781
383 387
994 998
356 359
793 793
391 392
85 92
753 761
227 236
535 542
673 675
709 713
820 820
694 699
52 61
114 117
837 837
812 821
683 691
558 568
23 28
14 15
220 220
392 394
831 831
432 441
521 521
513 513
357 366
965 969
950 958
881 884
796 800
468 468
592 600
956 959
682 684
577 583
723 727
991 994
897 906
500 501
214 223
281 291
974 979
509 513
976 983
296 297
460 460
606 606
389 390
176 179
779 780
27 35
176 183
495 501
457 458
217 224
445 455
728 734
397 407
278 284
516 518
505 514
483 485
296 305
785 790
981 985
345 347
42 42
954 954
182 190
20 30
263 273
219 221
510 510
6 13
951 958
124 129
158 159
739 745
965 974
789 791
821 831
190 197
994 999
835 836
333 338
790 796
484 490
79 86
594 603
176 177
575 582
904 911
615 615
270 280
717 724
719 720
141 148
833 834
966 974
752 756
836 844
380 386
549 552
252 262
305 309
751 753
443 444
389 392
892 902
181 183
532 538
737 738
153 159
355 363
948 951
217 221
617 620
621 621
796 801
809 809
454 455
677 686
198 198
913 915
97 98
994 994
689 697
287 293
887 893
566 575
874 880
685 688
114 123
687 695
14 18
174 183
439 442
509 515
103 104
856 859
3 9
312 322
574 578
76 83
461 471
620 623
895 899
881 888
56 60
883 887
708 708
663 664
651 655
493 499
944 953
847 847
203 203
934 943
196 198
678 682
508 514
894 903
102 107
53 58
22 26
225 226
260 266
870 877
172 179
984 990
856 861
318 323
3 12
100 100
208 210
104 108
515 516
409 410
740 742
795 800
520 527
723 729
584 586
740 744
729 731
293 293
1 1
159 162
254 257
465 467
126 130
906 906
277 282
701 707
222 228
190 197
432 439
488 497
635 638
898 901
294 295
903 904
572 579
324 324
692 698
816 817
122 130
392 392
142 149
663 670
351 352
962 969
138 145
122 122
434 434
935 938
70 72
162 164
689 695
150 159
130 131
956 959
675 685
149 149
476 486
362 368
667 675
676 683
214 224
9 10
993 993
591 597
553 556
36 46
668 672
177 181
176 180
565 575
566 574
166 173
588 588
96 102
381 391
940 943
107 108
768 775
316 321
126 127
275 277
967 977
80 85
17 25
284 287
965 966
357 363
575 577
793 797
719 727
232 241
659 668
295 305
40 46
608 611
575 585
176 177
607 609
757 763
76 78
342 351
996 999
532 542
461 462
453 455
679 686
549 549
649 650
283 283
953 957
829 832
432 433
594 599
808 817
529 537
613 619
476 478
132 138
507 509
458 462
795 802
961 969
537 541
545 551
898 908
873 882
295 300
501 511
933 933
955 963
477 481
806 807
14 21
529 535
274 274
152 153
162 164
