496937595461
494180570833
497886301145
493072683755
498852134331
499839848109
493970505529
497012376060
493208587232
491576883626
493101618009
493360951775
497874453628
498900248117
494069615592
497881439669
496962381370
491362032929
491634805450
495916873596
497894043110
499839848109
491630594805
496898587367
490374178090
491065405109
493202391573
491199808201
495045108378
493062260306
493348029281
498852134331
496000298326
491179911995
498858964048
493102410780
499839848109
493392735481
494984505895
495966676391
492286704277
492312944474
496976489716
496320425409
496000520764
495940435675
496938052859
499839848109
498852134331
493309092187
492111313395
491233472530
493166458897
497868453621
495935748669
499839848109
495001253198
491104642221
497075322267
499839848109
491290473619
492240671761
490413645625
494997672228
498857466204
499839848109
497870420560
499839848109
491157723127
499839848109
499839848109
491273567578
495952052290
492234153540
496881387421
495916205462
499839848109
492256761470
496935272492
497882745486
493959119746
495915644468
496955275556
491385856532
499027746791
491749021184
490416946084
495128428650
496055015956
493122863881
498851483104
499839848109
499839848109
498907023010
496888868365
498900248117
492164991692
493307052025
494842751158
498852134331
493233349832
490399386899
494088682268
490575878324
494190300630
497869752426
491253918422
497974549886
491497195815
495010423288
495921627568
497867802394
499839848109
499839848109
492215234400
490294379836
490235917212
498009003257
499839848109
493628036704
493154040247
495031514449
498900248117
494013289363
491708204756
497882268077
490644905278
493190662959
495144566118
498851483104
495020355232
494315290717
494081744847
493032321753
491344063027
498858964048
493026752045
493141398780
499839848109
490181688087
493090879977
498852134331
493135461749
499399732506
492640677880
495916205462
492130160523
494244925875
497066203496
490610410431
495899673650
497930381863
498869981855
497020142535
490398439217
497882268077
494093179882
498852134331
494377682629
492256473167
496948566914
496157109410
497147406302
499839848109
494976605470
499839848109
498852134331
491429117010
499839848109
497888268084
498856167399
499839848109
492107996897
494135465082
494039606680
491433061521
494068147262
496880088616
491313900319
492051683299
495953598592
491475792427
496929154322
494088953341
498852134331
496886739850
494163334480
490153693651
495973856208
493094095400
490325025275
496928853629
495965762268
493233464447
495952699868
495928131433
499839848109
498907374985
495909393954
495285411017
491190912121
499839848109
499839848109
491749214483
497868453621
495948406398
494162843853
491389545957
494930013945
494953520179
495916205462
498852134331
494040185814
493063513901
493316065148
493991792351
494946417662
494944132403
491818706872
499839848109
497882268077
495930304921
498907023010
499146831726
497868453621
494964248279
493362538520
494000437464
497919309232
495922755609
497869752426
499839848109
499839848109
496930788303
496917776356
497871250270
495983471632
499839848109
495032731168
494086381703
494062351141
493190662959
493046101385
492326992218
496886739850
497007728494
498869981855
498852134331
493302306832
499839848109
494041667851
498856167399
492202900119
499839848109
493104559576
493156637300
498857466204
493079376379
493401273539
499839848109
499839848109
496928971213
497882268077
497868453621
493963304384
491564845085
498856167399
496935272492
490304168265
499839848109
490576271609
493983519816
492244199111
493195224623
490779154930
498858134338
499839848109
494073754800
496908789719
490429672450
495980667599
495967061073
495956043266
490463195267
492344642259
493172341126
499839848109
493971652993
490458911723
497042790049
498851483104
493220967295
495003750267
498852134331
497882745486
490792075201
494980446611
492304260322
496900554306
498887890926
494200979361
497868453621
495985322119
492067468464
491351912014
491307603140
490729375532
494003306753
496897936140
490172613183
498858964048
497868453621
493970505529
497892851292
491312288457
497073899776
490603845737
498856167399
497919661207
493290106114
499839848109
498852134331
499839848109
496037971691
497042190750
498856167399
495106001108
491251310766
492269962912
494294078569
497923555661
494008239141
497899490127
495973717594
493128031303
492119712477
495916873596
494222698705
490347783373
491390746558
495260025746
490328410313
499839848109
492298414048
495967841481
498907374985
493186371698
494069898376
499839848109
498852134331
497868453621
