200 199 344
144 177 657914367
30 106 106707766
50 48 352212261
147 165 515599699
15 79 777288207
176 170 985518909
29 37 109917563
150 114 90805681
173 8 210181139
178 149 450366873
87 31 820014877
72 23 966924926
127 164 753837100
52 29 115832084
38 55 513296754
120 65 758866271
163 148 374567268
142 7 545967455
47 108 882256800
157 15 546741858
164 150 451893900
99 45 108933116
81 157 28775967
158 81 198677068
49 73 586892973
94 67 651014008
160 39 974160530
26 189 669119138
199 196 407733775
33 94 892647610
185 20 337818961
61 121 339500573
24 174 311363502
102 33 244120824
67 184 374974828
9 74 927719458
5 159 686846361
28 133 508244469
59 54 844775388
168 188 693759624
167 31 943598055
140 51 722515088
39 127 613939677
149 77 540021369
23 91 463735892
156 14 165097780
45 160 292444033
78 120 250376446
179 62 966050344
79 3 779528619
96 163 578480180
170 116 680523532
25 13 434836898
1 103 232810688
138 129 116723946
141 19 322629849
115 155 110366049
196 11 363125227
169 187 119927970
134 111 370732664
194 130 862962127
166 40 546369004
143 126 694088170
165 88 33266681
58 119 486158028
191 139 989676767
36 50 279033364
73 52 353921876
132 115 252629906
151 182 702278523
177 156 469498863
88 175 183467482
40 147 25916443
48 161 980578097
118 47 927560916
95 104 215967262
14 98 473100546
91 137 743197474
131 0 759672185
13 102 740148147
0 53 396619677
195 131 841559070
192 72 19003285
57 18 866787565
159 30 109424274
108 90 414117471
97 134 684112339
162 192 129775137
43 60 972917837
51 190 288732966
68 63 787944307
74 152 508564149
190 191 941233660
146 4 583312347
90 26 154664569
181 31 347791858
35 110 399911535
17 100 767919923
174 171 93094936
152 101 700377565
31 43 599004881
161 107 595397275
110 176 672138246
153 27 145933844
125 89 832023466
66 105 728582200
189 96 520430400
198 178 589946764
129 25 933371223
133 140 739928474
42 31 637460278
109 78 648042865
84 112 262367880
60 151 131517705
117 169 526204053
93 31 520595332
56 124 116704695
46 132 893351750
130 158 338747358
21 17 558712345
121 197 234903150
10 57 972784768
20 179 506511091
145 5 559094669
139 118 417347344
82 41 916768867
100 22 655795137
119 193 166263414
124 198 797310539
89 95 41778850
65 56 844251673
193 168 517636010
22 75 853161130
54 143 641294596
188 109 527414606
106 36 848279854
8 99 656423428
172 31 959293462
114 58 520209733
75 84 502472337
101 199 157733252
55 80 986499427
3 83 850657226
41 183 967735215
155 186 502409468
186 135 45694734
126 128 265875656
11 113 48841035
44 38 463431307
34 136 576699051
175 125 571733493
197 97 1668051
135 146 996678856
154 1 569541234
83 154 897600012
32 10 380221649
86 31 24381547
2 195 566826278
76 32 943906697
18 71 768309089
182 59 293452807
92 69 229201014
103 28 984323845
71 180 441472924
122 194 902211541
136 141 958649743
80 61 883261954
69 35 229136877
180 166 963188367
19 92 20636320
37 122 450261282
16 145 764627147
63 16 896826728
77 162 436416792
112 49 416134130
116 2 66515303
85 31 432607626
187 21 133522259
111 117 653745115
6 31 604708355
62 12 371281440
184 68 333927141
105 76 673935141
64 31 643327004
113 144 251334975
53 9 687344208
128 44 982812032
4 34 952138286
12 142 169122531
104 46 502712931
27 123 582211454
7 24 762238944
98 82 100094120
123 66 134635550
137 153 235763831
148 173 954454348
183 185 257776335
171 138 475304614
70 31 647053286
33 37
98 99
114 121
114 114
65 74
170 173
64 65
49 53
89 90
117 127
83 87
9 18
121 131
122 129
55 60
119 120
15 17
132 134
105 110
132 135
98 104
87 93
69 73
77 77
150 160
97 97
103 113
147 155
131 135
73 81
194 196
178 181
107 115
161 166
124 124
176 186
113 115
145 150
199 199
135 144
101 104
121 131
2 4
62 68
90 100
156 163
177 180
26 35
10 13
173 176
23 27
164 171
31 35
23 25
37 45
176 185
43 44
154 154
86 95
184 186
170 179
174 174
9 19
60 68
43 44
143 144
43 51
159 169
108 114
104 106
169 170
95 101
143 144
165 170
114 121
198 199
18 20
10 10
189 198
134 144
51 51
189 189
74 79
84 84
99 102
84 94
97 98
148 156
130 139
158 158
16 20
121 123
181 185
116 117
179 181
42 51
48 52
115 119
15 18
101 104
27 27
1 4
38 46
109 117
170 170
86 87
147 156
142 146
154 163
145 148
7 12
105 112
63 72
165 170
51 57
79 89
139 144
138 144
146 148
191 198
168 169
13 21
118 123
166 168
12 20
9 9
151 160
57 65
128 133
146 147
138 145
18 26
83 88
84 87
88 89
75 81
189 190
58 62
127 130
110 118
91 98
102 102
53 53
84 89
181 183
12 15
40 45
144 153
117 126
99 101
167 174
53 63
147 155
23 27
26 35
156 159
137 145
126 127
103 110
166 171
168 168
171 177
128 138
130 140
118 128
100 102
98 106
5 10
51 58
117 125
198 198
54 60
69 73
28 34
95 97
194 199
137 137
39 45
196 199
49 57
143 144
62 65
158 158
170 180
147 150
139 148
80 89
193 195
62 72
138 144
11 21
15 16
77 82
81 88
50 53
83 93
45 53
89 92
162 170
149 150
60 62
112 113
21 23
50 52
28 28
31 35
154 161
157 167
172 172
159 161
178 181
86 89
182 183
68 77
132 142
185 194
67 77
11 16
57 59
119 120
93 100
182 187
22 27
178 182
44 46
84 88
135 140
33 43
128 129
7 9
160 163
37 40
151 159
73 79
96 101
153 156
122 130
111 119
48 54
143 148
109 115
97 104
106 106
173 181
190 196
82 91
114 124
117 125
169 175
46 54
129 130
26 33
61 70
86 92
28 34
2 8
173 179
86 96
52 60
0 6
103 106
68 69
15 15
18 26
131 134
116 117
30 33
115 120
39 42
74 76
75 77
142 152
180 180
165 171
123 126
43 53
101 111
36 40
95 101
114 123
61 62
198 199
16 19
96 101
20 21
163 169
15 25
192 194
155 165
180 181
61 63
65 75
20 27
72 75
6 10
85 87
153 158
63 71
40 50
165 172
196 196
111 116
188 192
107 109
109 109
126 129
6 15
161 161
132 135
179 187
61 70
95 100
74 84
193 199
135 136
162 168
147 148
168 169
61 61
159 166
76 76
183 190
38 40
68 70
129 134
197 199
120 124
151 157
37 37
111 111
198 198
79 85
41 47
74 84
160 165
148 150
136 145
25 30
53 59
188 188
160 164
129 136
89 93
192 195
