100925203601
103766198981
98931495220
104762877837
96677832468
101808786999
103773201070
101227246948
103788717307
96043709553
101621544366
96517958914
96017077878
98740185764
100271074074
104069118213
102863987440
102788877225
99859016519
102286467757
99274500561
99177538573
100817238019
104762877837
96111762703
104762877837
95173447098
97138549140
101289788901
97815690940
102838479523
101803737446
97316559156
100428633006
104762877837
96184039348
102793414213
99989483101
104762877837
96168934678
101808786999
96017077878
102780680072
99713306930
95498329956
98700916956
101825678998
96046636335
101865092543
101806519542
101115469754
98782924067
100832353562
102832827758
97759373872
97147227715
103780065805
104762877837
97629645482
102800148637
96889458054
104762877837
95532440005
97753889666
103780065805
103766198981
97542059771
95997214634
99269922021
102793414213
103766198981
99422073046
103766198981
100270869015
98931495220
103766198981
102780680072
104762877837
96612674743
95184610833
104762877837
104762877837
100063134074
104762877837
101808786999
96252317279
103766198981
97331523325
96487377938
104762877837
100824952961
102920039940
101569454465
103766198981
102776522214
96904599493
101842769902
100829576916
101874310673
101808786999
104762877837
101883080060
97913849833
97689833210
104762877837
103942862960
96438171575
100879573634
96830532176
101806519542
100350616323
98016178622
97197069517
100270869015
98850102142
96291957890
99836768663
99074529719
102792038451
98528068933
103773201070
97499467132
100285194860
102800416302
97124808254
104762877837
97078687629
97449804165
99837963727
103766198981
98141158496
97176716517
100631867599
102523755907
103930854371
99399262769
103773201070
101087744264
101790022787
97409432304
97889823365
104762877837
104762877837
100702055674
102793281144
101865092543
100182089374
96364768628
96797546653
102776522214
98795738644
95542013965
97138549140
101115469754
96046636335
102599786698
97166997966
103773201070
97896554984
99849502804
104762877837
99756012624
96358315095
95747449464
96461946236
102798463766
97404889065
99901255246
98005850469
97784046080
104762877837
99426298686
100817238019
98923353305
102799040540
100538857440
104762877837
99209304606
102368788439
97295473954
103766198981
101843150991
104762877837
95926269687
101971680866
96043026251
97069246097
102776522214
96263698294
99074529719
95908181542
103766198981
100252770793
98784531517
101814139921
96335624647
97956743042
101819253683
97932247079
103918626164
102779699554
103766198981
103005281147
102781875136
104762877837
100832353562
98757771292
96318747299
104762877837
102785620884
101803737446
102121162727
103766198981
96873749204
95896507533
96463796573
96498774376
100310351448
102800416302
104069118213
98125752771
100566196108
100125792987
100830819609
102799040540
101534079140
99844058007
95388235114
103766198981
102798463766
101837584103
101813916875
98052848159
99476241101
100396233576
101803737446
97837974223
97874741480
99888535260
99849107560
99271297783
98506580638
104762877837
96947084081
99078993578
96856219979
96267157491
97784046080
99755032106
97924697963
103766198981
97990804987
97094235308
99177538573
98923353305
98903397440
98899949215
96960526344
97443120403
99087286348
101803737446
103777358928
104762877837
97176716517
101792198369
103766198981
101879695486
100135817292
101803737446
102776522214
102806276144
95553546943
104762877837
99303133800
101833491376
95987431583
95129781500
100817238019
99422073046
97111409164
103766198981
103766198981
101791003305
100396233576
103766198981
99773177608
95793126433
102928949397
95990528765
103773201070
102832827758
96090939495
98391822720
102189629241
100834626469
103510255334
100707460366
98041321190
96089164657
98343840338
104762877837
100022856858
101013555207
102792038451
104762877837
102510646558
96783154539
104762877837
102286467757
98123578813
97094235308
100079987413
96349076785
99694605767
103766198981
99915425362
103788717307
103773201070
104762877837
98493600561
104762877837
98621426392
102800416302
102780680072
99922251613
102776522214
101108863341
99219260442
104762877837
104762877837
104762877837
99366280626
99227635026
96349076785
100020547662
102944465634
96208348223
99921211111
99131898353
104762877837
100993332430
98434323236
100829576916
101932270541
