1003918350993
1008310952640
1008148687208
1006001197450
1009005447112
1005212102810
1005798328729
1008208097693
1006321221697
1006675619363
1006782104541
1009188915323
1002833063123
1004918845015
1010020034259
1010897852618
1004935117340
1011896839000
1009853071985
1006802972928
1010148924019
1009097970974
1008413851315
1003778372087
1003863508985
1007131712796
1009258086932
1003266073441
1008888400935
1006226609705
1011896839000
1011896839000
1003318982152
1003954565261
1004786958259
1004302188234
1007248612618
1003807107240
1011896839000
1008294625740
1008179908524
1007291529136
1005446545183
1006348885475
1011896839000
1005752570253
1003242108093
1004102832427
1008294649188
1006605024178
1008201338467
1007443320319
1007071542912
1011896839000
1010942620641
1011896839000
1004390716544
1005903647652
1010961545850
1010957351732
1004645170067
1002784915847
1010912212300
1010038538810
1009096693361
1008336679496
1007464098696
1011896839000
1006398791608
1010050669404
1011896839000
1007393338890
1010074683114
1006358547129
1004488965378
1008370538185
1011079991621
1005580950129
1008146188111
1006361421016
1003490627798
1005765701239
1007332155230
1011896839000
1011896839000
1003458228979
1008427243321
1008183740483
1004867406973
1008492919469
1006704728331
1007274625879
1008550698763
1006633118667
1011896839000
1010905417722
1011896839000
1008414245047
1011896839000
1004704621586
1005676369831
1011045324322
1010957351732
1005591262436
1011896839000
1007435498226
1004029530826
1008329198098
1009276696974
1005807587641
1008301152449
1005689099834
1003896298652
1003119094782
1008975324762
1008214300893
1011896839000
1006344840523
1008269435735
1008370599530
1011896839000
1008022603559
1003573613382
1010041376679
1002665558898
1011074650681
1009072008056
1011896839000
1008601351237
1006679021956
1006523106976
1008471404901
1007516392820
1004972045330
1002889396344
1005723326532
1009137044096
1004863521486
1010083787473
1005964709120
1005578520140
1008071200064
1007835002021
1008271964361
1004301884222
1002882706131
1009220582431
1002772394697
1004709493034
1002772394697
1008225999925
1003896274156
1010996724915
1005608491733
1010957351732
1009966233363
1011062292195
1009326711595
1004197074072
1008095584463
1004589133178
1006493125935
1006511992512
1003791935672
1007805193847
1005219632494
1006493759303
1008424638995
1009152015682
1008529304030
1010153168586
1011411115413
1004711271632
1009228963708
1004725966682
1007667401347
1007447593892
1009967612174
1003521331043
1005865147688
1005516516115
1011896839000
1008113621132
1004029492417
1007385730990
1008179322776
1003134776342
1004783492773
1011035292452
1010918485911
1010056657538
1004631431937
1005933462517
1011896839000
1002944535230
1006389825318
1007862525268
1002999949449
1003981167295
1010255619149
1005833150881
1004609837289
1005190289623
1005547935507
1005378208972
1009110217254
1011896839000
1006487819739
1009100369255
1007755105153
1005391329134
1004643124956
1003018188437
1006695522068
1004109189163
1010083722760
1008410916792
1005686731038
1006961310061
1008214805398
1005418726796
1005995285922
1010967427224
1008056894020
1009096737312
1007252488049
1004765713427
1005969764753
1008247425095
1005405198618
1009198538285
1011896839000
1011896839000
1007157889764
1007508254810
1011896839000
1011896839000
1005398133985
1007640886551
1006258124812
1005509789197
1011896839000
1005693417329
1010912212300
1005570597090
1007748788601
1010045431323
1006371726174
1006260962724
1010938559050
1005482347324
1005806935175
1010996724915
1003048056098
1006061281188
1004314959959
1002989001759
1004246130118
1009319116691
1006299372538
1006897445529
1003031761490
1004073967263
1003470947966
1011896839000
1009125920749
1003887078118
1010068668014
1003256629179
1005284581407
1004192283031
1003095435128
1003086205682
1006368394188
1008845313517
1009060963918
1010941317264
1005011725577
1008880460131
1009544332171
1009004072677
1005115866850
1008167137192
1005747182740
1002717184879
1010919821537
1003999557126
1011010661534
1004809969437
1007605407922
1009683824640
1011092045689
1010135731398
1003780721346
1006439575571
1005659249991
1002796280666
1010905417722
1006162303697
1004783146805
1011896839000
1007500213958
1008319243325
1011896839000
1004454273947
1006490512363
1006284421561
1007468865452
1008288931681
1011896839000
1004781089629
1010939953252
1004577458822
1003828699955
1006535014588
1010098108711
1003531591597
1009151613499
1007515613285
1003221641823
1004783577382
1011896839000
1007793146506
1010908172216
