2000 1999 324
138 1987 925666275
1686 1603 823544803
1961 441 101946276
1372 1051 690058520
1546 255 59484017
1880 504 263660077
1443 940 466532289
1225 918 955032760
1571 1827 359837961
1793 815 931011987
916 1465 146310300
1502 794 438514747
1668 768 185966470
1733 1740 525563388
867 869 818399620
1155 728 189331197
22 290 325480061
661 1327 26287296
538 114 125298853
134 1743 77495165
1016 55 431183313
759 968 414578940
479 707 452451703
674 753 581804614
1822 1140 365351137
465 1526 171716835
782 1374 217640829
928 1189 946463966
790 235 863934823
1367 975 21101196
137 1494 972265186
55 1982 741037370
256 964 793126656
1330 1177 934216977
1596 496 482790308
897 59 179194719
1175 1489 15640547
1211 1580 107988219
1740 1169 762727180
1655 621 14567964
1641 374 587818133
888 1570 647963649
155 422 874444357
584 1215 126212364
1680 1895 925987284
387 754 731890932
290 275 852741925
384 1802 849166986
735 1787 11378914
1846 675 901924554
626 1783 471447640
1467 941 678411498
59 535 969973330
899 112 796990719
42 1974 673485822
1992 1483 149732512
221 1349 667885101
1490 314 354667994
210 431 835797725
1174 1867 913651735
834 516 102105949
1613 570 424289763
159 119 242918205
1856 937 630384213
421 1700 870835621
863 1054 438042778
1265 1085 487003338
1070 1316 459748082
716 673 92088943
1072 670 586313438
237 1175 659194916
1972 384 689828552
912 1371 864347147
810 85 902599149
1563 1285 296727449
1881 1930 70864221
1496 1873 62523437
1911 983 288092742
1696 1327 230628248
78 362 204986714
49 1750 644682757
1109 1400 950759033
1577 1964 733595051
801 1179 795530651
1389 1442 272412343
106 837 686845923
6 820 32115585
69 971 984953275
798 1652 987909967
1710 1860 145549087
153 1446 308631056
65 391 536175428
1703 1586 732763475
599 1956 341013276
1566 417 781906897
1124 1599 621602532
1447 1628 828737626
1120 580 729222289
663 297 502841803
712 608 185861775
1530 1660 833303708
1606 1227 409259590
1927 1421 57836762
1778 1546 15055847
1348 918 951644936
637 341 682456586
438 1536 967570058
902 1058 822188319
809 1196 244229925
865 1590 851782483
701 669 724512977
267 113 151600980
229 665 802305885
930 1058 617093974
848 392 282228545
1243 719 490659531
236 297 885500226
202 463 200824866
161 441 397597589
1266 1356 824869285
542 349 728448786
299 626 596817117
1213 1136 55246302
81 1158 975416582
1316 1775 286909001
589 1314 146672727
436 25 982943347
1218 1198 51140588
73 673 421829535
781 1660 568478854
652 684 529216015
1580 1127 726436358
1521 1855 225762820
1030 298 408311806
1281 1599 819635853
1478 556 338494828
1322 935 362081104
1480 608 641073940
262 1252 600482321
1160 918 450582716
203 882 694962265
1421 943 223900216
549 268 350733024
35 803 609392748
151 572 292847251
1913 1200 917694299
570 619 14391497
1157 116 918737503
563 1191 791558161
1843 666 307948382
1814 1078 439580250
1308 481 319407266
1659 1272 78951551
1048 1644 393779204
941 1510 900593615
1682 1652 730837115
57 344 437010373
28 1298 404084352
521 1251 697517418
1368 150 82652790
143 1775 882381550
1507 351 740511364
761 1718 862799125
423 1152 129093288
519 1703 17166882
649 962 862376863
1280 202 431297483
1485 432 76598080
612 998 776173696
1837 1583 161558900
1946 55 480261015
261 1570 759190698
1771 1947 229803510
1687 867 312133233
1831 933 104565302
633 613 673544661
651 8 837952957
731 1170 980321866
1953 115 416152331
590 828 233306624
1630 1132 459891046
711 66 769962868
903 384 804888672
1278 472 364124054
1059 830 606940573
895 1934 238839247
1369 111 275543397
607 327 164435799
271 1298 673465315
208 446 416962900
1646 255 368052718
473 1755 867604914
1824 1197 803159003
43 1140 855884523
1441 416 105306522
592 1757 690984988
1647 676 954551466
1198 580 884967808
275 1569 520941486
10 51 951641510
1770 1489 306307783
1286 508 359776749
1945 313 302831955
172 1373 776313250
827 1564 987814778
1103 413 373814377
1660 1160 28398155
293 282 744358261
1826 991 430370846
1413 1651 727654099
1855 650 606383154
167 909 313277418
1774 496 649026540
379 741 525514503
749 1583 360044595
1385 699 917320913
1568 1787 203204156
1319 716 68702484
1951 1590 504314350
1304 613 722519801
980 565 944010175
314 970 57214041
1514 1004 170491360
1963 998 984626700
609 1019 263199760
1307 1213 109442499
180 514 230573386
442 822 362348531
1231 1779 598119111
1718 298 241225897
1235 1349 748666538
5 167 320580721
1747 1995 608867044
310 1287 123431961
543 1784 973514011
923 1658 418991681
1262 1964 653563309
245 341 89755772
1140 1166 129705309
1423 1072 669143268
419 1390 41486574
870 255 196134676
295 214 973952619
734 813 762745350
1616 565 328886586
1581 442 528470600
534 917 168327815
1614 1626 343809021
330 1166 125039531
228 280 615860108
127 414 611178863
1903 424 686381034
708 203 209201512
929 485 154531702
1807 1375 735011070
871 1119 142723617
145 1019 563384104
1399 1502 689325958
1821 1324 861491500
1454 176 949452013
1753 777 92070616
1115 1933 629987356
747 1349 329443354
1878 729 29237853
545 1570 883631064
937 1731 760308933
1375 1208 187229577
184 1536 763494603
409 1789 157301155
1329 1208 214051226
1350 1109 971042092
569 1476 658289232
181 1153 835424404
1532 802 181627995
515 1970 689753430
1857 55 245660435
1775 850 716271843
552 1197 621449183
1052 981 277756814
878 1185 488580539
1652 404 780617597
407 1983 795101227
1693 1356 25819388
1597 1299 729284482
1751 935 534358760
1621 1661 64222238
738 261 595680902
361 791 107285083
628 918 801730737
345 615 938240973
1040 977 393428987
1464 1466 194265934
1601 980 607277255
1996 235 215142227
1461 1367 255056603
188 109 732917631
823 1784 96488632
414 704 849224213
1765 1442 448807064
1679 634 480897186
1893 1031 912700635
535 933 959253496
508 1166 69920039
1535 217 76681336
692 275 451268014
107 1311 746133819
1390 1414 136062856
1489 933 222572963
1104 1110 861888670
1376 245 805889695
1141 1124 832513563
965 683 717884285
986 1652 131684124
631 1625 552550613
1077 105 888805479
957 946 31058683
1729 981 605357569
1342 1233 860409887
341 753 94897338
1132 212 417119406
1816 261 436231264
1762 1137 198513752
353 472 860686319
566 697 557577408
673 1106 991421278
26 1149 859399048
1053 1065 242486009
199 1231 267730018
737 925 809490441
1800 753 27508740
1021 416 20220258
632 1564 434105799
946 1653 543367086
829 186 954218359
1555 251 228334056
850 1166 461844604
1162 1976 123998719
744 1538 94913768
1540 1891 820672779
357 1887 421346840
1300 1111 204524554
722 799 134418696
970 998 770510916
1154 1424 71898069
1321 402 50087462
788 1462 401241810
197 1573 440685748
399 48 10240111
398 1309 442671170
724 455 192853826
1229 1827 502980343
1267 1417 884531743
292 1759 677611516
962 341 702544249
690 1016 362910818
1121 447 472812891
1037 1827 778225997
616 866 594501394
1493 1802 934018980
1638 902 940425560
1662 1935 874790344
354 1757 524541978
665 671 84239972
1644 683 612754156
1355 459 949672221
1622 393 264448318
1564 866 743230769
176 869 294245165
1987 1216 165902463
1615 1802 875844207
802 713 99540402
1684 1360 292621954
1194 1201 642837884
1667 525 542124808
1277 1853 625453502
373 300 30909939
565 1132 445346320
1909 200 61380396
595 1718 531890427
670 1106 188926138
389 1261 72616501
85 1442 802666855
62 1056 838263158
640 102 327360737
1179 1100 824021783
3 1537 87743530
725 1978 972691549
1217 1153 681048572
1341 576 545718658
506 503 40607921
30 327 467354078
1499 1289 433990459
1253 988 49697966
1299 673 678306037
160 1403 977078566
1171 1247 55057376
728 1293 978194667
931 1993 975133133
1634 1428 998952812
555 1083 489738104
621 573 507008045
1658 1119 523090241
1984 816 206290518
1829 1990 314248682
1830 1285 266746715
821 565 964513043
1361 675 189001564
1626 1322 358345980
130 1786 631832386
494 472 804793311
273 944 631435675
718 1354 779296344
703 1763 344155990
1827 1511 581046592
507 1882 400054216
1223 816 523729339
1859 36 675093686
1862 32 537117382
1187 55 283783700
1135 1911 474132264
88 191 484044420
302 442 621073689
780 580 698191320
1864 716 507555415
504 1354 768099289
48 341 16787545
1702 908 798097628
1541 283 677410484
1060 675 724489726
1619 916 766308138
582 1946 740851490
1699 1973 668439376
1942 801 211600641
233 597 738482275
1078 399 672360103
676 1963 90303639
1425 1784 766225207
223 869 178473996
64 96 814928267
182 1392 674020071
963 95 514926350
887 4 136140638
1870 1395 792065474
998 753 117295855
1106 753 793330378
1139 1782 272407312
420 396 438687764
20 554 784868430
1156 1370 183986560
745 1272 345382395
266 361 749047835
89 1014 73855174
1100 367 457591900
1956 485 209269357
472 753 335107196
367 1897 827842852
338 84 94864748
528 1612 940979277
894 1296 852571131
1865 384 986256019
322 15 46155004
694 1202 228930887
126 684 879540041
1781 681 630034688
17 1855 148731139
1759 1600 344752831
764 1525 302396128
1340 1737 702697275
1144 20 869351336
1076 864 339952512
1469 1583 59079475
1650 573 81912158
249 804 615708157
910 1616 467350017
1935 1947 633369781
372 1974 761456750
483 977 300776413
1388 758 710928454
1309 1293 86990853
1518 561 382260016
1685 1960 193179693
679 598 680132199
1098 673 921913504
1216 780 286873802
659 1336 137504351
1442 1236 755928409
1182 652 376580076
1312 279 431138870
40 1757 354262925
305 1570 18227428
1954 1771 480048455
1044 305 502506862
822 375 958279950
1642 1859 950406643
560 383 491194347
1359 718 243986435
890 1857 818601859
327 1860 91047421
1407 50 529489539
1705 1348 769767494
351 1279 550125277
1583 1406 584259445
1969 1947 974175173
546 583 427428604
147 214 281201607
513 114 483898475
1573 1688 666120828
606 1303 357680482
495 699 613994528
1431 134 926095909
282 1927 258321661
408 1322 464869239
911 1920 585731588
1494 902 560710272
1063 1870 338421715
1561 503 283331144
1285 1127 993434941
416 89 34358403
1275 1486 470767482
1440 591 162864554
776 1996 236434753
953 1439 920693318
1788 1349 349863454
218 1002 259758392
820 210 778660412
1378 1753 414013299
417 1607 861546548
678 1295 24543520
1418 455 26968178
634 798 732094511
683 1106 705162782
1127 1406 190378811
1854 1696 109973373
166 727 936837135
597 1662 272006581
1028 1078 317577591
1525 1385 142112591
1264 626 983311613
526 797 241927750
669 1119 478980224
1306 1247 307296392
220 408 498815549
1746 1479 930212621
1041 1418 97794663
1067 1222 565448173
1068 511 943806669
1587 297 205840815
109 1561 217703802
484 1349 916395789
1714 667 807133877
730 920 100489297
323 1932 711244601
561 1607 618225880
328 46 859152756
440 981 819884605
1884 986 156737779
1784 1779 562051237
1955 676 734341210
1465 1963 723606530
784 1046 4682067
243 1419 788729925
1666 1948 810347398
1184 275 750062196
1531 1150 624931785
1301 764 787357606
38 1831 793484844
1704 151 976113451
1737 693 705558412
921 598 82793737
1522 1072 459046492
395 1671 214067677
531 1202 354812633
240 855 491415151
550 1381 115005949
247 7 925820535
142 994 813811114
356 384 116923491
1529 1368 762628710
141 1747 735903811
391 27 565651243
1383 481 182141806
874 989 719856251
1042 1189 240953798
148 1113 366156727
364 1073 60520321
274 591 498153451
585 1389 708891037
499 1356 62549793
988 1564 533247158
1551 567 513693665
457 811 136283540
1649 1845 752685373
533 1676 318800318
1712 926 592305942
954 1114 59547184
32 1639 864953263
512 32 83689761
443 256 989660805
111 780 566373414
1064 1955 254619450
1366 510 450351858
557 1631 773212462
1664 887 766971048
1176 1075 151245449
1089 713 983671717
1528 525 620744474
995 1767 309715764
480 451 107509381
1841 653 66274647
300 186 891165466
333 115 314043813
13 454 425374
568 251 936124539
1547 231 556190118
547 1842 960251595
835 1185 721955259
1871 1609 353318816
129 506 42037038
1363 27 390296654
175 1504 845107637
1149 807 796096807
478 652 802519373
1432 986 294310032
1706 836 781500321
1754 848 726295395
340 1385 280633822
434 878 721813407
1902 848 560087500
27 53 667929692
97 1140 687494080
1592 477 503149701
108 986 261011393
1283 1023 709138547
1050 588 402792188
907 524 823355764
1874 1571 353148594
186 1764 742211085
84 1417 833858530
1519 96 986540588
994 1799 237300464
1008 878 61427445
1858 1470 105199376
281 1958 524562097
1842 1743 701548577
248 1961 401010803
1247 111 723451731
1978 271 512251253
935 970 900114085
757 1285 224167649
885 554 365773329
313 1660 971540902
1536 460 329441188
315 1297 967388125
1675 1619 699736835
723 484 512715666
477 1250 642504818
378 1964 598662301
230 996 710946547
1036 1464 713162310
289 44 695414481
56 967 37410250
1605 410 928991875
46 221 937850734
1404 960 257639908
269 1809 648028109
1477 991 750114139
1553 1876 457300741
1734 1817 330462286
61 1426 766944531
114 494 135797664
219 283 241089223
306 277 985229591
1410 1298 346639563
794 1794 202787064
1457 695 208403500
648 1897 571083809
751 955 527075857
702 1732 701141899
1131 955 538974756
239 632 708033286
689 1612 919338000
502 1605 368161632
1591 912 804127802
1114 448 674142663
872 925 836131556
1260 721 915679321
604 1899 200955439
831 1822 228277978
1092 829 782577084
556 1349 172500808
1769 367 960915225
21 802 103681017
427 1750 450280866
360 669 485723587
695 463 893127727
1326 260 568216103
915 594 616233228
392 1400 719368652
1172 306 283361214
103 366 840868040
1643 546 821061993
1136 887 689030182
1952 1496 723948920
843 50 333389408
1959 1572 333378520
75 541 356820109
608 866 941924636
1094 607 923722545
964 866 511700840
205 206 852423127
1797 521 688670519
41 853 643654939
401 463 386223600
836 1371 503480704
383 1143 308270037
1752 1488 954778511
1450 1743 780059683
359 534 99476907
493 1356 518001394
1150 1812 817312730
1310 1919 387135894
680 807 598625532
602 697 421277607
968 61 64497228
891 149 476631666
1773 1106 474740877
1995 905 39882565
1506 856 174958959
643 1208 348819908
1624 482 376297776
39 1570 645935247
777 949 334649792
1414 699 7159431
1302 37 909799527
1056 1892 726368609
1912 1336 717281336
1906 1974 132775223
77 1093 437450055
866 1510 739908825
1833 1900 873352132
1125 1692 645943729
837 1759 577346567
1977 89 640695206
1161 193 388973065
1294 1234 36317581
1206 1870 600776057
1394 1745 21865664
450 1161 772111202
158 807 497834463
576 902 115879075
1205 840 600624608
325 1970 400846524
1844 1857 804639577
157 1466 836730634
721 471 809496468
1338 4 364178446
280 1413 787864924
177 1758 403416106
940 676 207338546
1107 1964 840439632
1409 42 538663900
516 753 774383607
1328 455 805597897
787 482 23162502
818 486 927488241
1487 165 852918871
194 463 951691844
128 587 212934794
439 535 673825488
214 1780 548435291
101 1522 992188174
1838 1994 363680705
1061 378 675929234
244 1395 401943113
540 1328 839446720
231 5 218594912
1819 1428 943344188
943 1759 397682292
869 1779 851514678
410 1002 998928840
838 1605 685955678
879 1659 525358961
390 895 323310841
1452 824 455562626
1916 1571 635229632
1979 1317 528444766
162 102 244221217
1082 441 951385831
16 383 419000524
1656 1204 480787621
1709 103 212737111
1392 1185 255292240
1602 1032 124466087
845 1552 662525050
877 780 91040601
1273 1420 541618697
1220 1692 623904809
1669 1943 158060803
1159 878 631535617
1852 1897 115936592
1810 1935 877738538
847 1791 84121026
1609 867 470182314
580 1343 600041278
1024 639 879589267
140 1421 299403484
375 1676 327233050
447 1852 593125506
225 1476 393833105
1545 277 251869478
992 1954 417969815
86 344 151588519
917 1127 227230996
1809 55 469664010
1214 801 61124084
451 774 172927491
80 981 916835364
1717 1430 425818769
1732 428 153845382
593 275 127258553
1725 149 393678311
635 1728 104203136
1509 399 334881717
1293 38 700028024
996 753 778660938
944 59 921433176
1400 765 419085638
424 116 338252315
720 399 974895463
52 1307 923301230
1590 1693 374425723
1167 1370 800485269
1738 194 475121273
1748 1810 779894878
1688 909 495096698
1997 1828 32696792
66 794 510198776
978 125 576433786
1990 1264 305630133
227 524 436419952
1437 331 558986998
826 1452 363850516
1000 1864 760007135
206 597 943434886
1158 464 546852555
1805 106 699009357
251 797 68725873
1458 463 888864980
68 477 325584345
939 1451 543866231
1360 1609 967370825
1542 986 850225320
1272 298 95870473
1201 1947 765350075
1210 237 139418895
1080 1717 766407319
156 1565 146142671
1539 73 549304394
1224 1227 603496704
152 650 468020213
1921 405 264530567
1988 1796 129899089
1973 1487 527599985
1254 503 307090149
8 1935 107062667
396 1314 779511688
932 1179 452871230
1057 608 361715702
832 196 141852883
684 1571 170124637
1334 1660 854431156
382 547 863174433
972 1068 205517842
1625 1442 839691272
50 1055 550412255
1910 1140 465438638
92 204 640002134
1046 1689 439011903
1663 877 291655294
1380 1356 158165700
1868 377 153604613
1013 966 844203665
1544 50 707853150
1428 928 120819653
489 921 660274277
1271 9 896471490
337 268 475650887
1133 716 117311620
638 1406 891051720
72 712 667593090
855 1842 302798629
187 280 920109952
355 611 32527916
24 1084 257675029
1742 509 825152993
1241 196 462936972
464 1892 586038093
1904 831 386729961
1129 270 877583301
1347 513 239344119
1344 1618 864848041
997 817 833358057
1018 1124 959028098
1349 753 886177466
575 802 500916712
1051 599 560904952
381 598 344521884
116 1517 932565759
905 822 630535331
1811 677 985789480
400 1883 535278655
537 1503 654872415
14 1676 420596878
862 167 97420173
1456 787 428213665
1200 349 532802118
793 1590 103021763
1603 1599 715225448
977 116 693900554
19 1870 244866886
258 1401 217768880
806 212 819233278
139 854 571540938
1899 680 692351059
881 448 696151744
500 686 604500212
925 970 64587648
1631 1779 655902864
1847 32 206925192
1692 925 923694846
583 591 395952216
1976 1511 944457487
523 786 191015963
1749 1285 520865179
1697 632 423239185
1786 1529 954699079
904 1204 911873077
918 1718 970641208
1189 1652 351206586
1292 1917 769466827
1474 1539 998346350
825 1857 701722497
1451 528 927311777
1689 1008 366557076
146 1222 370670054
1117 255 279107850
1755 1373 314114065
1119 298 346693092
54 340 196090222
53 1423 813244911
458 1960 947439537
377 1522 900140691
1866 1731 403844911
868 1708 134162036
1801 1958 833835076
969 284 828853796
259 361 699887110
811 1489 342095617
1887 1083 951795174
1143 528 991244969
960 1586 153159703
852 1318 166191404
1889 567 801477021
956 1059 624608768
1672 470 83731891
1722 791 28246864
246 1160 431086448
1848 1535 961249942
216 286 902571912
1244 1294 184888564
1628 221 981189086
371 487 766006217
763 295 254184130
598 1764 386116702
1836 221 44009005
1907 1127 134503381
1971 887 588558617
522 384 187513242
1617 635 50780844
1905 314 553845597
882 259 918332030
1311 586 955691254
562 1785 504604727
1588 1974 562918840
437 176 532241088
1221 1153 310201308
765 1279 978353089
1676 114 222945917
686 1930 147652604
1288 206 228741594
1794 1437 834546805
1186 556 645826031
1287 961 402695793
294 1059 994969718
1882 1535 209102478
1789 599 906347793
461 805 499392691
1212 1710 279668197
1434 1272 650561526
112 217 676509669
455 765 269376856
1039 1687 812209173
475 1877 957976847
914 220 78869292
422 1381 766345711
1245 1404 834084878
253 1513 950442208
779 1330 388511265
324 479 951286407
1508 940 315462537
312 1557 604214057
1932 1299 3149394
1033 1393 682920867
841 763 486949914
1517 535 345968656
691 1119 112248367
44 1406 859259001
795 1000 77788830
1337 500 835088780
339 1718 212332131
1919 1454 493754123
581 695 92205927
492 1338 854025830
149 614 43485764
413 803 270890365
23 683 432497469
732 1586 801276435
717 214 768285291
1839 507 978724461
350 1450 370021597
1325 1208 226351881
710 1791 437613077
1269 494 259128235
45 528 195007224
1303 878 754311743
746 211 653116027
1948 1423 340988194
1908 562 853744072
973 25 52061843
388 313 9727783
936 926 968782849
1001 813 807309011
1920 443 95448301
1015 573 22216873
405 753 235685246
873 1179 770823963
601 1032 236923998
1142 715 917493400
1895 516 521139569
1395 1907 94583056
743 612 369608621
662 144 364971537
1640 1138 336592435
1113 22 561071185
169 1354 102517860
571 986 190169971
209 1630 105821770
370 1122 729143516
741 1948 719566049
1006 1203 382483144
445 1128 210460470
641 416 774093731
700 459 342465671
91 1855 377249696
1032 43 926938774
173 397 625339850
123 1831 442211291
1922 701 489414895
642 970 853572446
1795 632 11858746
241 1503 86473839
117 762 825272137
536 1659 187681881
856 413 828424827
1074 487 979029314
896 318 672619997
1209 1290 532888131
913 1503 307742058
1505 800 831233188
1147 949 218206137
1818 450 961754676
1122 1989 763193552
1009 1266 632085100
1635 1140 630563992
1387 1395 398427553
1083 872 190508352
1023 1852 701548620
456 925 124709405
1623 1827 966742554
808 1972 50971882
667 1014 343795409
893 110 36957081
1572 1127 394326268
990 1489 397378028
87 1419 976707085
1408 1614 48723936
94 727 474769027
1720 1517 218757819
105 1935 71046025
786 1561 949990483
74 531 286982381
591 1120 545187859
1763 279 513481519
1336 1119 71882023
317 1745 156828320
1512 1936 960796461
1500 289 590400701
1673 1138 818898126
462 1060 102935581
696 1774 845398996
677 77 239883250
1549 888 102667199
18 1349 359013827
1840 437 146379462
329 80 349661096
1276 1071 441755810
1097 1160 585695486
812 879 839281199
1716 616 938684576
1257 1764 476764812
58 911 469885462
979 701 790738046
260 866 948099900
1950 163 81024254
193 28 615530413
573 1059 234792497
179 1352 954497650
1146 1892 420085318
1576 498 164564586
697 1676 619362855
900 621 59333634
620 999 69364166
1728 1197 204826027
1317 909 656268168
1926 1181 8346840
898 970 852910526
933 1773 939487268
1393 807 339506237
1558 1133 208651600
113 1896 71743961
813 1106 464297171
1270 1289 103833344
1034 713 940205782
1173 1347 710331419
1479 1160 110361919
1731 1323 701514840
287 421 423429766
1138 1072 759314547
1352 1521 887351840
164 1988 200838568
653 866 43414790
1772 973 3255308
1417 612 680787388
1227 1457 272934489
514 464 973475318
529 42 228876022
1297 586 902786097
1756 230 342209685
1867 1016 599142931
1861 1882 346265165
1022 1714 954041325
1863 1100 472745836
1792 943 587164122
131 1069 162669830
1585 316 189692
1258 1187 607161767
1412 1265 395393195
25 642 985490544
1790 1658 234356362
268 580 276134882
1491 270 313054545
33 598 919954083
276 594 799192766
1472 341 973161820
1373 455 164214111
311 1001 889564491
1569 1626 563106101
742 1302 375428918
1466 84 847750122
1202 1570 835895350
352 1033 292867327
196 1875 971788486
1256 1535 331480526
551 1231 767407571
297 962 733659889
1382 1621 770557048
1834 1157 706688536
491 570 218721827
705 940 785844306
1075 471 933002281
1683 917 728471836
1556 1649 872921486
706 1067 716781590
301 1551 121208032
374 797 864604284
610 1511 129874945
740 464 448360321
279 753 250697944
1397 1637 893336505
211 742 331314054
1719 994 894139750
619 1250 228885648
756 1527 152212975
150 1127 690595175
1933 42 860194973
1850 425 161474110
1501 1815 358134866
656 1226 923109684
96 66 977017463
553 209 708661452
955 1277 328223272
1259 1343 104810643
1567 1522 793074062
1533 1146 103453084
365 1788 25741730
727 729 318845257
1320 135 552900150
1949 287 216358058
1678 202 688676483
1804 1034 993918155
1876 61 99728564
1282 1543 523782009
1137 573 624231674
947 988 475663515
1358 1836 992741667
1010 996 34697851
406 1331 766229868
1715 209 554289059
1803 1740 33884601
938 431 682894186
739 1430 607973626
950 1891 684725906
1559 1053 492088436
748 276 550599576
1379 1289 581424320
386 73 270275794
34 1585 669851469
1730 1526 357646037
1332 634 302439441
682 1370 167947381
224 1758 947717786
961 305 492432105
1088 299 121489648
1049 622 276895262
404 1570 61042574
1785 827 339527464
1170 1031 640813998
1298 1406 8982113
1012 1720 315374426
170 1935 278148908
1196 822 880095925
1415 737 955521736
524 1327 885272110
817 704 31782490
1222 1269 333300970
1579 1916 392590967
213 1723 960830939
1498 160 493911516
1939 186 542417835
517 1857 579476251
1872 1302 246056167
1430 9 286495456
1543 858 105828198
548 220 716101127
1343 1349 900237296
985 1607 766233999
463 1406 55193420
975 878 869132854
908 1084 643383805
1190 47 281906250
824 962 552484025
698 918 583356363
1515 704 58227203
448 624 116282056
687 1277 721208197
833 1289 164380957
853 1946 5855205
1608 1975 358142530
1674 1384 391405233
234 824 414734713
1947 1329 75778418
1405 1746 595736906
861 496 93092750
1463 1597 831066076
639 234 63918604
1937 1814 693461765
238 46 918379979
344 902 247490663
1261 733 890648945
1169 828 716860059
1892 1652 526277444
471 727 522991577
1284 391 323103967
1066 209 425927905
1931 1728 918297901
999 119 204514005
1195 27 731080411
1193 870 981243323
805 1783 978185183
1416 471 328723004
29 232 263030780
1598 489 149381985
924 1789 675465775
1575 547 723826508
614 1511 791379202
1918 863 916552788
949 1356 514622211
1101 847 78456991
559 1735 441195020
1741 239 527417292
342 1161 977182229
886 888 974395546
1448 209 676735399
1970 1539 876004557
272 1235 133885399
1761 1251 562951946
800 1572 407381794
1025 191 335506694
1315 1012 452414486
99 1216 771468447
1180 1607 434092776
1873 253 649770583
474 1738 633963364
1985 1940 43108304
617 1437 417474898
393 1824 713746236
453 221 167249270
496 1336 443898647
1726 769 740195093
588 670 70211526
358 1651 973435804
1883 190 109612306
380 433 601955487
984 572 462840276
1629 331 242643636
971 1251 129681182
819 59 881730249
9 1964 701737930
1165 664 955148308
242 297 695329344
572 176 563164223
773 1640 724670181
1377 1894 873753955
264 1796 485807669
120 1143 454727339
1681 452 390363325
1455 585 96353576
1424 1599 416875115
444 396 243707463
1295 272 797352584
1928 484 182832324
646 35 272464688
1079 84 852178536
981 904 828795345
432 1460 159144150
618 313 467954105
1701 757 714295121
645 1295 855115891
36 769 975127189
1632 266 552987169
296 211 780073735
1998 392 115572807
755 886 514080077
754 1742 818060263
922 1511 565192393
726 1250 298733577
1011 706 559547644
98 1344 300168333
1780 1343 407047526
144 1084 279865150
1607 1773 571957952
1764 1773 340863098
688 421 868617579
1207 82 594786167
102 185 571729350
1618 613 581266509
263 1001 658829225
1346 303 324011645
1 1597 141488498
487 170 321384180
265 673 521752292
668 1321 55859312
51 277 829160184
257 375 625771093
485 1279 784999447
1975 556 972692906
466 1616 4017875
1177 273 258674983
1027 1021 771503065
1279 494 814613486
600 766 147610663
1384 1618 862637021
1482 753 689963139
125 1978 313541890
1099 1098 545169186
343 910 222795451
1923 663 189850780
1823 771 764738455
952 442 516027538
397 922 60096838
778 909 415982135
348 611 597601065
498 804 528458979
189 1279 430479247
579 824 545065132
596 1980 602868107
1736 1375 33459081
446 994 890491611
858 101 235508822
76 1454 84042173
1548 150 877378559
1323 340 479182110
839 1406 926065031
363 503 772455807
558 1065 957290648
789 1102 539149061
627 864 837647746
1594 1073 816847379
1944 764 839591247
1116 1126 618798594
1014 339 668237396
1168 1720 394925344
1239 1084 633830010
1578 1038 164148040
1962 151 188746895
1599 673 701157888
655 597 452203444
115 9 615376950
1700 1406 764418981
1657 1381 312064881
1054 1414 216333032
118 1533 744181156
766 958 839829405
1802 506 43670872
183 817 426244795
636 1594 51519649
1914 1174 745315207
83 1170 991366891
1735 812 847327792
1484 598 467806599
1483 1229 181148620
1398 1106 713305263
842 1659 233191093
195 1770 104069853
1670 1365 265990445
1356 902 488899754
254 1991 632032813
2 1725 531185004
611 1631 223913637
791 1110 665878363
1232 993 234568712
283 48 475744356
1721 1019 777289732
1449 613 291556992
1651 341 462560297
1357 1095 242973640
785 1789 975868374
1043 1656 880323364
1374 1494 658623284
316 567 27337217
807 729 585478886
1445 1735 458325208
1677 1046 661526171
1055 524 568618349
460 114 151624485
349 1692 837179251
1799 929 759695327
587 306 16528571
1520 728 355700264
490 1166 294575080
624 1303 551081959
430 1428 839968430
1435 1576 886160583
574 1893 556770170
1879 713 67041304
1538 1254 568961431
762 60 755118761
1504 1618 614564154
1020 1334 865541467
1249 807 867926369
1391 1362 326113649
1552 445 6393420
736 383 313706400
481 1743 318615343
1411 427 744920306
983 1339 988666784
476 1305 902637573
1791 724 456524933
1828 494 32278204
1698 504 236381046
278 1810 122811294
1475 1511 876494550
715 1414 970992639
1574 800 332373127
1185 580 435847455
1090 82 170828968
1885 836 914411151
1453 1809 498139257
0 470 334708929
1497 1718 166706647
1188 1690 108595126
1936 749 313938359
567 1666 22421236
951 1095 247156066
428 627 313577683
713 871 938437619
362 25 684344501
1815 168 732210367
1915 1817 611335745
90 1027 796015519
369 1111 309999002
892 638 447496507
1766 719 781948005
1817 1570 24538586
1365 535 860476458
63 1564 249458235
774 1214 188055257
644 1488 116363098
1191 1413 328126476
982 627 132594998
1612 1437 810064247
133 553 531420916
1268 613 18285363
1163 550 783896958
1345 1293 221579869
1869 673 593037824
1968 168 804502786
1825 1335 328656941
1436 1110 966180350
1654 1482 137855500
70 1014 14045767
467 1477 234111719
1550 1939 375079075
828 1794 393188890
1251 1809 135417543
376 1393 412068170
1636 1583 762229401
1860 1897 525713662
1386 1219 455981808
1958 887 774288881
11 694 571518780
394 955 678084857
232 530 148522512
1671 1928 936880418
654 128 411531281
1744 1693 265111913
1166 902 323188105
1723 1354 593558846
1967 255 51446727
1181 1451 684457594
426 1565 458677074
168 886 176338466
510 1795 627007224
1038 719 119145175
770 178 456787333
366 1783 916169704
804 1002 549471807
71 924 385735646
1808 1734 355331937
154 920 513517727
191 1783 20149919
1473 996 744649326
758 218 357701806
1960 1263 332695760
1439 1187 588264812
1965 1801 542340324
830 1317 582943442
1105 1557 449613847
1782 1058 821094883
1570 935 160387080
1197 142 791765844
1851 1289 308024845
647 328 741359991
1620 1700 220126461
100 328 205279556
1126 1356 225989869
79 506 493138340
1537 666 574595697
760 204 824444624
174 927 234496716
1096 798 934794343
1327 1773 384417355
675 1002 168901577
1510 998 525037373
1296 1976 100960210
605 431 686770942
1093 1430 58027128
1145 1166 977808843
926 729 838774728
284 242 317717191
431 1019 584730608
204 1493 420049183
1215 1853 872642282
403 1048 437677084
1045 1014 908460587
1757 422 717690672
603 1449 935000587
1069 1365 893754149
889 254 445209196
1152 869 528585649
331 612 629432769
511 1400 666113497
1886 1288 893694681
124 926 303879619
335 422 908028335
1085 266 28301992
1560 735 294820228
385 1897 158672647
255 1773 596282461
1164 766 608481639
429 1948 434608556
1516 1795 353936581
875 1497 204667453
1112 1172 558486128
1118 1266 939672933
212 614 168727880
622 1444 540928377
958 1120 360624887
1246 733 144694043
693 156 348957200
95 1963 856681960
685 1728 982492384
470 485 541407286
1134 778 381489356
1289 4 240031124
1429 1970 571952313
165 573 354213897
1019 869 874939183
854 1736 458008144
368 1369 965614919
1331 1128 811915406
308 1750 856285635
666 1991 171730090
1073 823 59350446
1917 481 472852191
1471 1326 90186365
1128 1954 773832042
285 1538 302710416
1991 986 725682261
1924 234 511703608
1402 1641 742278089
1986 1251 315259376
815 579 956885748
468 1100 72208040
1582 1223 887200984
304 825 324809058
1095 51 71549938
326 1327 611099550
31 1430 292030638
1708 1976 151220095
1351 1809 36139038
1691 39 728803094
1017 817 684459659
1406 341 357021326
486 1376 177431687
525 513 265014811
671 298 923394115
136 1817 236012612
1362 1126 661212775
1371 927 520164835
1637 1794 857414147
60 1499 72733151
1743 273 239052649
660 1420 600877505
1633 30 224891305
1183 1768 60571887
884 128 284939415
1787 743 339140514
250 1503 609575
1711 579 536440437
783 1768 468955519
1589 1705 652071207
347 276 393530969
12 1124 898747297
530 420 382965856
415 858 5881322
1234 1666 252811269
767 262 241967353
658 534 951707456
1004 905 883934979
630 1140 14722341
1255 1919 324763684
1758 1327 515452418
402 625 172436043
1565 807 801384065
497 213 787728774
775 1859 540806060
577 306 510374516
1745 1718 845871409
520 1414 604169662
664 1181 612931226
1370 273 702362796
1526 120 332298265
1739 1857 776710148
554 1868 553854924
1707 1572 390617997
1086 967 497439077
945 1407 102401963
681 671 782679209
1401 1774 622880947
772 1210 405124698
190 887 729628853
1203 1990 173902815
814 882 806387296
1983 556 660704056
93 1257 839473357
1989 678 41763949
1940 454 762053488
1974 297 945449677
270 104 936050921
307 1089 414670204
321 1285 934433937
1148 897 869405657
909 1773 847889473
1240 136 52160175
1877 1293 311752934
1776 1415 135258601
1980 437 757792837
1511 933 649391464
452 1190 205303505
1777 294 357565325
1779 1406 799823142
771 1660 245028290
1199 377 386402547
1123 1252 429079818
1639 1166 737074995
1610 1294 28940631
541 1323 142658210
509 14 999102673
1248 1567 387232570
586 1110 818579803
864 925 931282887
816 135 141114754
1102 314 913383480
1627 1003 437172708
1002 964 791134272
1110 1305 854748318
1835 569 360404448
1611 556 598961674
1459 638 731523531
132 1786 227869394
1694 959 213273689
1291 964 12800535
1488 413 363766971
1354 1640 562752153
1026 933 769861820
1313 289 268595567
1849 342 12144427
1335 817 26168649
1444 185 877467923
1178 256 994414975
215 998 46416783
298 1298 49520852
1339 275 524154643
425 579 847931537
709 1419 570523543
1938 1651 103979186
803 1612 580124
1381 1472 552470460
769 298 915042062
1898 916 675771408
1981 1050 614814685
1534 1423 714728477
1713 1931 898689225
1353 1003 449117055
1422 1753 77044357
47 1106 291985396
1250 813 746727091
1396 151 653425288
1943 695 692206507
991 1423 958089781
650 998 818498642
1462 1806 647138226
1853 1110 592866189
840 319 606824357
1900 583 282323903
1003 1227 398677539
615 1929 262229408
1081 1586 352429710
1527 649 280742172
1724 494 976881599
1364 1636 73586234
851 1215 960438118
959 1885 877422185
967 673 558481244
857 594 259123563
1481 528 931529053
1219 1930 793152201
201 1567 249515004
544 686 346428876
846 1810 428976915
503 1119 622945508
1760 305 968015424
1767 516 442380656
1845 1813 292496115
1957 766 999654396
1318 1161 523706187
482 1749 76901314
7 1105 349572690
1228 1549 930070046
1648 221 688503927
277 878 79901992
469 1269 391309601
613 1583 211196345
411 1044 323072338
1595 710 119082542
1333 929 793725538
235 304 50328790
505 897 819172355
1492 1540 959487525
1750 245 964664661
1192 383 699676004
1503 888 117379486
672 1236 134514323
532 1007 647045336
1653 467 447908275
849 1022 926006337
1305 1437 221390215
4 472 955805490
876 1930 116862214
449 319 207547202
226 1695 755830871
1065 1033 347602334
768 1212 137878035
966 202 536155919
1242 287 980454876
1470 1877 314182675
1524 490 657733810
989 1636 835911445
334 749 31121047
752 942 263298563
1108 1922 801569105
796 996 361478458
1111 1489 283708757
719 279 407572159
309 1570 693371529
207 740 465867545
318 85 477490899
539 445 216672309
320 482 87835169
792 816 94154417
699 1257 541529936
750 922 554376008
1468 1414 689532233
942 991 758707893
976 1987 517381959
37 485 712096377
1894 562 884244226
1420 948 607766072
1419 1114 120720659
844 1839 667568551
1062 1262 284673942
1604 1127 852766751
121 917 122938893
104 743 782733966
1130 569 444195464
1875 1442 915907714
927 1599 360570625
501 1327 92249546
1426 1076 498369520
1999 420 668842355
291 1609 643383981
252 1853 311088891
288 1006 279840049
1084 643 409006644
1204 1451 998986382
974 878 530946248
1891 1398 469444009
1236 38 788703490
1645 1466 626278674
163 1102 676915133
82 1323 662031474
880 836 356720418
412 761 154865912
1890 1953 928056901
1796 1072 142116558
198 1642 597885128
185 1160 199931441
1964 104 94826877
1930 1652 917595260
1897 1676 503421389
1690 1201 579523700
1982 1072 558256173
704 803 345877316
934 1757 391272732
729 1773 599227330
625 1100 819686807
1832 551 477021536
1513 1050 615626012
286 1605 278814893
1523 353 494129384
1554 1878 195680339
594 1254 945978937
1586 314 929411776
1768 478 389238702
1994 299 263675260
657 464 783543593
993 1779 410595064
1058 1779 528691228
1438 567 467474372
1584 1759 224568866
110 778 358269828
1476 674 76206491
527 1624 970633345
1562 1111 704085948
1238 468 301402257
1314 1931 293328567
1966 789 876057942
1151 276 878157854
1460 565 216553998
1896 1851 387387858
433 165 593354575
1925 713 92151914
1029 158 183102090
797 1197 111998672
303 151 410606123
1813 531 88533208
1324 1059 456436279
920 1368 710751846
418 852 188081795
1695 1652 286256670
1929 1618 162506010
1593 1216 45704233
1427 987 932086406
1665 119 626639791
119 1202 174656232
1934 1796 636053313
1233 965 423573063
1007 289 717918383
733 1417 688845481
200 1272 283651221
319 1279 595945713
578 825 965568229
1005 59 666240439
1071 1799 206615135
1226 365 144457252
1888 1161 773542937
332 616 761490276
336 1517 692592919
1941 152 293221357
346 84 334893041
15 95 1376140
171 1728 420233609
1290 598 123134397
987 1001 732791760
1035 1855 222941141
860 384 687773141
1495 1782 18358713
1901 285 751732740
859 670 147414496
488 1653 345705055
454 1000 204445207
435 827 733153941
883 1417 637329957
1263 823 301777012
707 1569 954613890
122 506 730569627
441 689 361824129
799 1072 33644129
1727 1791 625297844
178 111 875067934
629 1982 595873942
1047 990 385892525
901 114 485837211
192 48 561946837
948 1801 864090683
1087 863 188025170
217 1935 983573787
67 1110 883009456
714 1724 650070494
1661 1647 441767706
623 937 882203035
1812 829 383249951
1446 571 509112019
1486 80 395666683
1091 402 257156732
1820 326 485629397
1274 890 414905995
135 791 287277713
459 367 957499743
1403 726 716177247
1237 1787 7263069
1600 1434 713699495
1798 639 12348816
1230 259 60011845
919 1719 621630841
1993 1851 527275992
1153 321 157448459
1557 1620 824666882
1252 1324 811076408
1208 747 935293150
1031 1478 151740132
1783 1963 915324001
1806 1522 921769841
1433 1494 783416258
906 1245 80241471
564 722 888648596
518 275 34274344
222 1895 313862626
940 949
310 314
1328 1332
205 212
533 537
1149 1156
1469 1476
777 781
1574 1581
1265 1271
329 335
1951 1954
882 892
1568 1577
199 202
440 441
595 603
380 380
726 729
249 255
646 648
1282 1285
1897 1901
385 394
1200 1209
1916 1921
1036 1039
694 704
337 341
1922 1929
322 322
1169 1169
1555 1565
1289 1298
769 777
864 873
626 631
1655 1664
666 666
1866 1870
1781 1785
1720 1725
529 537
36 42
135 135
889 896
410 420
1629 1638
1304 1308
1540 1546
1407 1411
923 928
823 829
1229 1229
1812 1813
1927 1927
1922 1931
125 132
538 539
989 990
1342 1350
909 919
1621 1622
937 939
1970 1973
916 920
1468 1473
383 383
524 530
1984 1986
255 255
1985 1990
1346 1348
894 900
97 105
1465 1469
636 637
1836 1843
532 537
1166 1172
1927 1937
1431 1438
323 328
1267 1267
1604 1604
1020 1030
1813 1817
771 775
1208 1216
1374 1378
1205 1211
1130 1135
1387 1391
1904 1911
1464 1464
835 836
823 823
1137 1141
833 833
1960 1968
648 655
984 985
148 149
314 321
1906 1906
1897 1902
1540 1549
67 71
301 304
1448 1455
557 561
1551 1558
625 634
1953 1963
1729 1732
1356 1360
591 591
621 627
550 554
361 365
1847 1847
1882 1886
1759 1769
287 289
318 328
1422 1423
1110 1113
1641 1641
1013 1017
1754 1760
1095 1101
868 872
31 36
1917 1925
1969 1979
1375 1382
1902 1905
1834 1842
1506 1508
1249 1256
1345 1352
1917 1921
121 126
229 233
785 794
5 15
1253 1256
584 594
1738 1746
584 594
1081 1085
1014 1024
1813 1814
818 825
783 784
915 917
1794 1795
151 154
855 864
1425 1429
1509 1518
702 708
1286 1292
1830 1839
1059 1064
1745 1752
1542 1548
1611 1615
1604 1607
1933 1937
279 281
359 360
703 711
1114 1117
1490 1498
669 674
333 338
1156 1158
1879 1888
1851 1858
300 307
1658 1658
507 511
1888 1897
1958 1963
1604 1608
1211 1221
295 303
1565 1566
1067 1068
983 985
424 432
26 33
262 262
1656 1666
1089 1095
1278 1283
40 50
1795 1805
378 380
1734 1741
872 881
336 344
1453 1460
832 839
1594 1597
709 709
869 876
1713 1716
1666 1671
1296 1303
868 877
1340 1350
699 705
119 128
1031 1033
250 254
129 136
1799 1805
82 86
1722 1729
1226 1233
1585 1586
1427 1431
475 478
1994 1999
1539 1547
1024 1031
393 397
1088 1095
1334 1337
728 728
1386 1386
1729 1734
1833 1838
1170 1170
80 80
1720 1727
1186 1191
1570 1577
1465 1472
1261 1261
1677 1684
460 461
93 100
1361 1366
1002 1004
334 341
1602 1608
1747 1748
1719 1726
1387 1395
531 532
1183 1193
1482 1489
639 648
37 47
326 335
719 722
1369 1375
865 871
1239 1249
1549 1558
315 324
1255 1255
1647 1650
557 566
1890 1892
1612 1622
1228 1236
1010 1019
948 958
1364 1374
159 165
1796 1800
753 756
1775 1776
1102 1110
1572 1576
1980 1983
819 822
963 971
829 833
400 408
426 436
64 65
609 619
1169 1170
345 353
567 572
1935 1938
375 376
1575 1577
716 725
940 946
1045 1052
836 846
1319 1320
319 325
1893 1901
1925 1925
1242 1247
1599 1603
177 177
1698 1706
511 517
935 941
512 517
1842 1846
1286 1286
1599 1607
1792 1793
654 662
650 659
1349 1355
1000 1002
516 526
1896 1899
25 30
1010 1020
721 730
1999 1999
1761 1766
982 983
