200 199 36
195 177 432443667
166 34 266492114
195 117 638815062
22 175 528454546
19 98 27433715
188 68 673336538
95 173 430193993
107 104 395323996
32 153 890987062
26 106 205001172
136 59 750907480
61 133 208567118
65 81 132709169
70 19 349205231
83 71 918779693
190 41 311289741
61 168 644095056
196 129 734927867
183 69 177256918
48 1 517145575
170 30 536024482
66 193 808553646
137 150 169216169
46 26 55883193
0 39 102450157
147 164 651469403
16 7 362421227
21 140 162293623
187 21 76138368
23 194 647196128
14 9 478300108
138 199 270751848
33 158 727130854
177 31 130227977
20 66 31882954
168 10 784282232
53 105 996075893
44 102 310508777
120 187 909826084
183 44 10947929
80 183 110763598
121 65 977420963
160 80 872355639
2 145 886138636
43 47 874798400
65 131 446824483
45 56 278463598
114 58 848623827
64 174 606546278
70 17 974779568
51 85 80670170
116 128 848365196
196 18 907291983
78 42 984450684
87 126 990394646
0 196 944861283
125 182 233621620
29 127 52003394
27 13 583919194
76 63 653627684
126 97 985639350
186 166 689293553
127 118 234692441
146 192 397465302
33 154 700836870
36 92 589156752
77 88 679550875
35 33 251967356
185 112 65904544
5 190 399519731
13 103 164304291
35 152 464279176
57 46 630870966
33 141 976132053
109 73 571835141
64 197 853174755
151 156 786207571
25 119 383998836
30 32 387372485
136 4 649050864
158 2 629946791
82 91 638623296
16 171 529838097
146 55 9450885
33 142 334417330
77 107 936226008
147 25 674414745
191 101 550932555
72 186 778766726
100 45 808819761
15 172 735006969
111 74 818214497
57 20 634906326
168 169 775965739
79 15 274507076
132 49 300284838
44 121 321510454
113 40 128556438
153 137 865517512
111 54 191496842
16 43 159946503
94 72 959055550
182 3 42911817
19 115 137843053
146 96 516034776
163 148 796330558
13 52 361171408
108 90 506654084
108 8 471360827
0 161 983817020
9 38 943519195
75 87 485393467
65 147 464492984
23 167 218654527
144 181 882984878
14 144 729015219
148 165 788439493
151 62 955486700
4 22 472856570
5 163 926841695
145 120 423446365
30 75 945254198
47 176 564967410
125 29 990785357
190 184 112129055
171 50 936550767
42 198 277113223
138 185 468547328
191 151 271461814
99 132 715949101
73 82 591022011
43 114 135926374
91 60 266191667
33 159 229554666
71 138 598182879
64 195 498466172
77 100 381519760
174 61 130918204
134 36 157208576
94 14 53065514
167 170 239490240
126 136 771948496
4 160 882893873
88 149 436355112
159 188 138879969
199 143 692568169
55 110 152945266
64 95 851443444
123 111 782858371
112 67 525626717
123 130 884740946
54 35 962343625
20 135 949259757
192 94 850492877
95 27 986234858
78 125 666054901
103 28 895534552
43 178 863580107
72 89 731425283
143 162 808299864
84 180 885250144
140 99 588783955
101 5 704775621
192 155 662208507
13 109 425658955
118 139 922929043
85 53 55518305
61 191 513854554
52 79 277200368
41 78 217549193
4 16 720152520
127 124 611527365
146 0 137122933
198 23 257031309
57 146 160780067
123 70 323251196
22 108 448206962
117 24 796017314
0 189 175964753
61 123 568074529
182 11 703093113
86 157 606840811
190 37 501683822
11 84 804553780
101 51 855253842
17 86 945139412
187 122 917824680
173 48 38687549
38 134 168541522
26 64 960229159
144 116 326054147
74 93 301442426
117 179 627848932
45 12 968317727
162 113 509680285
115 77 179984588
190 76 261397720
56 6 584744997
135 83 54638322
46 178
11 185
4 35
21 57
17 173
166 170
176 191
194 198
42 99
114 181
168 181
142 158
156 156
83 186
45 141
36 120
73 188
142 155
135 162
115 169
161 188
11 59
107 125
27 141
113 196
170 194
99 168
129 132
25 166
183 193
114 160
42 46
133 183
54 129
147 159
116 159
