1000 999 8
171 312 678337125
790 246 344292448
541 28 676869806
34 623 520882033
480 518 923575507
907 18 60161989
899 992 877373937
675 236 634993571
534 352 514286170
855 608 418612672
717 899 502251030
987 914 642653846
232 443 751678592
260 601 101393752
658 445 222261906
536 211 61188389
444 193 171328973
332 510 522051657
584 42 648761780
589 388 979791493
970 369 114558949
945 4 467052149
915 793 554960213
797 385 910242650
668 588 561190788
867 751 145009990
808 364 816461373
376 304 525294469
469 42 831386855
207 192 142443671
936 460 412810401
652 181 3834049
782 162 952975746
94 41 18579321
102 832 549051839
497 287 159352240
909 879 44815223
265 336 937673310
471 655 583744605
533 324 369436381
17 1 537180684
482 908 67933079
61 603 515437741
308 69 511425163
748 501 597369641
856 811 82096071
512 304 990540476
786 377 246518995
297 401 924419490
490 402 313027927
888 671 51324658
45 405 320288610
731 656 693571197
861 17 751672142
751 463 515198395
800 861 144159586
173 914 99703766
928 815 729236310
448 705 645997333
167 662 878361721
864 903 567439751
66 678 748091754
415 198 333921603
754 344 653422095
283 442 986306522
408 492 1602061
210 246 611137870
155 999 305635547
239 386 762701009
230 181 734785720
842 909 338101463
954 138 612170953
999 174 763455088
608 126 546569617
117 760 923148109
234 421 503267006
770 904 2355383
462 860 885914511
251 446 573863132
757 796 889326417
72 236 242682467
195 3 385089566
662 29 160481390
79 158 715925970
794 495 357792972
563 197 302189141
424 646 314062165
944 74 553019690
5 578 563334116
813 453 563330563
205 239 327098095
130 116 926660939
961 889 23513626
989 710 861438846
343 488 817117801
412 477 253262924
713 689 541357672
624 411 498377326
373 353 592696972
733 136 77570238
570 261 157127116
254 670 761165984
835 866 579795511
509 257 689453142
270 765 301420109
316 534 611031290
910 311 422085665
903 865 473243943
822 359 767673802
868 322 4823351
278 142 655937621
965 762 186672596
29 502 415597398
671 119 955409533
227 482 45441743
426 724 99289061
496 778 66746937
543 792 193299809
740 609 397259869
963 736 121677225
325 743 263918206
585 789 871910396
964 473 949924895
798 581 391148722
422 5 49302489
702 254 847723024
179 811 948129899
622 38 113753169
969 87 574987233
295 277 806770347
525 147 786394897
572 19 823363117
548 725 643791780
803 521 337505483
440 569 490205406
1 246 385522554
147 86 424139374
593 14 148074938
4 988 363319346
456 33 534112953
414 850 182366536
871 397 22048476
893 134 499302453
105 621 157832023
201 51 79914624
22 723 45668169
663 667 832172007
280 955 616309516
99 763 325681844
472 91 201011915
712 885 301262534
255 861 172203516
233 580 348025330
403 922 526703068
333 895 544782595
160 558 314315601
631 627 506812607
246 742 936628827
257 366 158646684
804 847 103832944
705 623 299655823
952 64 204834137
666 483 675130052
753 833 512678152
626 571 806211760
940 501 290938215
11 294 71729388
413 826 296167874
698 133 289629826
898 983 116736290
552 144 268403742
557 988 373895175
710 288 764520877
292 517 52405318
737 983 93058027
81 771 140344943
213 196 512686743
894 485 474278837
828 855 766375685
919 213 705406265
18 846 789040285
564 609 806039813
138 702 49489976
9 548 645335638
781 319 817408945
760 928 355832212
643 781 776696616
730 836 705234719
571 310 901914947
587 762 837718393
132 155 831667743
530 618 116339698
502 857 631922840
409 867 384604041
269 624 201155561
962 201 294668405
400 896 488150699
870 364 461061796
309 404 199545632
892 973 943812151
166 713 218118041
955 286 847009253
378 150 788583186
633 853 288339634
704 439 761545391
690 272 196812416
634 331 953462914
58 88 301933179
420 739 935454113
651 385 920227443
436 179 178120700
716 721 320287529
555 344 10398684
644 480 13430115
51 977 564469874
46 524 817112095
267 616 591995598
613 469 94414727
678 70 93314491
104 827 122042619
939 379 388425178
998 178 565457194
802 413 968028467
971 694 977781248
461 613 13685997
235 885 296294746
188 538 282741851
891 905 879835345
931 65 497558528
189 71 616933391
935 199 541206613
459 680 651724739
249 810 352532902
857 945 406325074
375 950 270120955
268 195 6388994
499 342 118821324
926 563 691599190
779 901 374654289
967 478 584392902
381 421 420866396
259 731 450586475
370 487 821525684
688 684 819274980
778 435 123628543
443 84 613847777
906 306 747862422
575 602 390729677
379 603 760594559
212 145 139445400
8 110 985492587
364 590 331865188
148 271 396870680
63 535 676149880
301 535 267161295
356 163 600473280
796 699 115456626
692 628 608996502
925 574 908592566
27 155 411563490
795 381 993294734
124 831 314636609
273 477 805092268
114 314 584547982
595 816 552105869
884 373 339492720
289 739 730142525
521 731 354468893
100 459 937435747
238 196 349100041
908 215 186487802
741 314 163697795
74 300 935330349
299 370 613762128
380 840 902466515
271 727 633108726
505 674 975703125
997 374 308496197
591 876 901870846
882 545 276675806
450 934 895029699
767 255 390101766
734 514 713099299
457 66 244509910
306 882 720858984
431 356 292597253
531 878 926244233
657 225 662954879
170 54 106999716
385 265 566408030
830 108 545371786
349 487 255650803
902 65 974260607
883 921 48460659
315 718 606905706
7 793 104117695
433 221 405653796
402 132 744245487
3 187 394782723
296 906 882578941
342 45 110646480
841 474 472540394
719 746 436175982
745 320 757331989
460 717 377015843
913 309 530434137
639 705 929772083
111 780 70988148
73 778 913543775
37 632 909420343
938 506 871565011
905 778 360991833
371 509 937355464
53 182 800762503
223 48 452539498
508 647 185509496
522 824 747221710
645 393 862610479
131 373 88502908
736 911 860806657
996 627 126927831
956 997 874819532
683 538 593662323
526 929 782722310
726 66 154115219
799 783 861839015
500 169 633602784
92 269 229335435
701 847 216247055
449 762 761682482
990 743 604825925
447 53 656298081
481 374 916667502
532 988 737659933
849 84 313391631
266 897 181337187
784 561 776303952
789 886 577180497
847 382 290132041
761 682 452442320
186 671 256147333
667 440 662540564
984 553 45287795
943 772 108790120
455 608 178654367
600 749 983904326
896 94 896355237
190 413 231273648
287 159 15058304
113 178 253920064
69 214 585568518
588 237 608151049
831 789 23537821
228 742 866733186
693 321 772891656
454 571 144383866
351 277 375564001
711 408 616625355
818 170 166852125
846 275 798172090
886 915 618115170
901 555 419821894
304 323 652815887
142 577 539616778
566 947 110004544
948 183 832655692
904 892 189664639
488 90 852285098
421 774 706328040
236 391 777225346
68 358 575381708
311 56 335469799
476 231 473321939
87 23 790611765
494 423 621299895
127 879 206244427
679 176 309348402
477 749 689193259
610 209 186232696
811 828 550048661
374 447 687010305
958 676 511985130
317 329 83222938
372 202 587481392
648 303 530358927
96 862 376422116
83 470 343281527
759 529 945419144
732 786 549951945
852 745 558003336
635 252 629922598
977 960 512893
57 384 939313683
59 784 41657161
288 22 189334978
463 641 795335350
162 240 929178385
146 111 949171931
715 900 784279960
423 813 990061870
64 239 778465527
141 950 17889030
881 345 931314932
513 969 250158151
336 696 265377107
28 566 775281718
681 121 16080131
140 757 969107762
324 891 34423166
122 593 249156732
329 817 561238239
718 5 38832817
442 212 176445994
549 203 308021766
840 659 877387967
947 40 495564059
553 16 470258259
274 537 345151974
20 642 37782702
814 497 560313428
586 404 905950888
604 379 237475064
923 673 329762717
432 397 271308468
708 284 785204948
859 384 381322279
567 55 191700030
670 465 102224612
176 610 260654845
264 785 753157879
650 88 756534469
120 425 440411708
755 316 665619919
225 805 253506266
38 866 507899508
31 462 427475633
439 870 464160265
470 181 426179430
982 413 655411284
172 62 831688094
56 229 314215271
597 160 33573916
607 592 711733298
346 995 505439398
576 160 567915757
183 472 387957493
995 779 117699352
204 531 790727852
514 252 986817129
389 5 253551864
850 276 958672870
159 464 123410582
992 355 42759845
540 173 171930005
388 414 13835761
0 381 285646600
577 750 409585521
636 207 837505561
777 292 473232294
976 863 166380603
281 102 455886730
407 291 294090359
788 315 392783123
50 574 612705167
863 434 138808546
699 937 775014924
523 350 561585398
310 211 115625457
642 938 652379655
365 552 100067017
960 220 761870953
890 495 882366307
885 630 79632990
52 524 167767092
396 746 813221317
843 776 704426101
763 365 259746556
237 920 150843153
67 963 620600936
169 531 204314829
581 198 164258404
331 654 810480980
240 130 274638382
785 544 302408874
614 747 624180387
226 505 129039683
24 99 743144783
191 974 899209133
419 256 809266315
838 797 250071144
220 706 622206813
506 909 115092132
478 581 34494744
959 201 861561839
524 273 282063876
377 543 538425126
196 894 71350187
150 985 240505776
93 28 254168564
611 676 54063811
973 184 325323171
695 44 382023219
750 79 859120867
924 679 528278373
787 189 590624065
382 283 542096926
727 491 565436137
516 226 337429962
774 99 640960180
475 77 729653219
358 634 437455609
406 682 815407350
565 582 647859770
328 486 554021554
139 736 78598182
714 685 717154229
399 167 727892227
14 419 418009587
641 200 702461410
783 160 807510443
546 732 926155727
16 339 325713076
298 617 970517916
112 552 259924581
90 399 666582752
134 280 902648007
568 487 846208984
78 979 603595640
596 136 199917016
434 290 40370083
23 289 705076408
32 807 505120827
632 47 847249049
876 816 207791927
618 698 241300014
520 11 110432521
519 926 611899718
216 359 808022781
594 549 727064655
362 637 365209457
673 681 717438836
972 942 174493318
655 48 104996428
348 605 486813234
43 480 128648877
743 551 210497322
197 380 997681209
583 594 640431141
929 432 28275937
263 335 924330887
887 364 992989982
985 512 184995414
209 841 83657709
341 378 226734733
637 493 656505336
869 461 673092472
776 154 805648297
345 171 679091942
545 387 910665706
418 74 613012260
880 764 860653999
185 780 981976094
738 632 318501212
121 667 787009038
47 494 826424458
253 907 719756325
689 726 477959970
194 546 260849526
241 10 86122982
900 686 398320215
694 707 656008305
339 862 571411530
347 981 149852270
438 643 241375226
606 402 822951507
791 244 778983910
669 380 861386552
573 503 885789786
126 936 594027188
756 268 91365736
656 746 673448631
49 138 977687885
350 844 868046241
685 527 532645835
184 599 147766745
806 685 311166741
558 450 990852051
511 896 935238714
276 852 993380188
218 373 193914003
780 166 241163553
244 407 565187045
115 838 989750836
366 162 573908027
340 44 36382492
510 804 117628396
21 760 201293643
792 741 782579556
464 436 457834562
874 525 551329710
765 553 480801576
609 729 497475772
231 341 663756845
101 478 28381380
875 971 913843332
612 907 491747864
544 864 746699432
554 98 839194548
243 780 290199166
128 178 638489933
452 93 46620524
559 922 314354017
845 628 176519166
180 530 957310073
674 394 562854766
501 783 277370773
697 38 448632156
647 777 586231391
467 31 961446605
282 708 882520389
395 785 594221324
437 593 318336379
15 656 874962502
203 946 617500445
538 255 541857153
484 296 182530631
556 64 320872301
219 617 913113364
742 218 776143800
108 769 635317497
300 233 728631136
851 242 35418007
918 441 677558526
853 495 608363264
941 843 704825203
435 30 923973456
123 83 14075896
664 106 947763895
410 914 581823406
720 282 894840097
728 505 855346868
993 267 122802965
330 296 738796590
933 986 742042939
250 400 610238198
10 328 778473172
468 933 698544906
446 270 517225835
151 403 553457181
721 274 901847033
242 433 741866758
957 645 511612033
569 118 851558209
19 711 334767558
620 569 775413613
833 607 225171202
354 316 570369335
55 260 492980718
485 31 607024135
97 370 210834863
465 36 939784595
54 535 327850152
386 738 437255112
837 847 602535652
70 716 111407410
30 643 853232678
76 146 214591576
430 545 386980072
812 715 212021453
617 926 37538694
724 825 570328604
498 853 648597347
627 113 60128028
486 907 474364291
834 110 311182886
836 101 141617259
369 941 103773414
599 869 175369526
62 21 77200636
723 78 788372000
256 526 188383311
361 978 879456331
353 80 750156304
277 516 101460560
722 293 101821289
729 693 739894481
771 369 301471651
504 688 67085139
865 949 69042418
109 464 634163774
580 269 418110981
77 271 76089043
367 913 911873622
161 166 244343790
314 556 496420930
319 629 711405761
286 567 165392842
744 913 718462321
71 540 328012449
427 12 981303414
174 877 829465936
397 756 228854991
991 993 275737996
429 942 492263043
168 526 141064442
819 768 632812923
769 33 964785920
107 224 983796097
844 770 742259606
535 134 879517146
48 819 712323005
691 290 406711788
327 638 213944000
39 697 827097211
279 361 384897412
368 716 488722
649 462 70663303
562 250 820730787
551 262 471736926
495 499 653087400
491 362 985903867
895 554 801206799
312 523 425950817
988 89 780760203
974 333 459608206
560 495 256369706
135 876 587021822
417 936 200117217
680 918 857215828
303 666 919797080
89 830 76593363
198 758 402633625
994 817 514748717
33 883 761778601
178 507 974405794
749 67 477811349
854 343 144255530
953 562 394384321
12 428 806136689
187 773 569697197
193 575 598093611
950 611 669326460
592 606 885112058
823 265 746232519
735 147 561295622
932 596 861078150
582 20 577191624
103 459 477301499
975 868 271585620
503 747 584282558
145 671 548066104
916 549 113121271
878 303 66943828
682 348 420561159
889 688 397788345
392 330 723858935
911 69 778319514
323 683 562095410
623 249 855824329
527 775 815999262
383 634 228325171
764 298 801632904
805 429 881232113
706 409 821400897
578 874 660076587
75 500 825785907
810 787 950805372
602 734 276431036
363 21 117766079
258 543 36181990
809 521 369230730
119 104 760587078
248 164 618107963
772 403 189182635
646 361 369421572
261 910 225297716
125 400 709408138
156 964 300928278
820 41 538967947
36 332 410631894
129 548 931418767
529 426 108234782
539 807 113167909
561 10 99257224
793 802 569420886
921 795 912274118
942 281 184767072
181 32 185132248
357 894 710899915
88 996 570213891
84 25 153720753
518 975 279041661
686 959 371271145
628 529 388809226
677 981 600431962
824 388 149269494
262 851 853660799
405 180 408558872
206 918 318079012
285 570 328966135
42 354 30276350
411 105 282821114
725 533 182750253
98 100 530463486
707 248 268708540
968 833 463321171
441 340 632954599
473 479 689355240
687 377 983296887
879 367 25689011
978 939 141479906
398 807 938614554
493 227 316114376
294 326 157801016
352 152 753095643
574 677 86025784
337 607 784756204
700 166 306536993
305 720 10992033
40 35 839762530
211 208 84324775
547 645 840942184
474 305 346790690
284 295 986892937
65 991 515395469
640 297 747831878
825 873 87350382
937 346 758503881
275 431 146659671
630 550 715145582
922 329 290521905
164 562 63075561
709 302 249734953
601 990 54029691
252 515 75987147
986 297 105165707
208 106 567387767
827 761 965806289
82 679 208951594
672 980 745146842
858 364 850451248
334 882 246527177
320 944 987381249
801 405 98713230
136 454 690259360
676 829 36856548
215 142 36495386
816 583 867226352
860 912 175526578
451 666 189655834
528 903 338148355
137 727 535195368
625 471 81430234
934 930 677256707
80 425 55592034
752 818 874276084
360 216 856331682
479 448 650282512
517 360 395129928
149 895 575249543
35 395 789855496
321 193 627589623
866 8 508033476
199 76 648060388
839 606 883982235
326 501 468627517
86 752 79570609
182 740 559825657
638 285 74897879
165 391 221202026
897 788 686669797
202 885 265990708
318 944 972647899
445 75 552795428
826 327 35350362
598 304 593581148
116 343 603606838
466 672 771066588
217 826 209560277
106 338 628941861
6 319 2224247
507 965 555238256
245 989 118765364
979 43 31799312
489 613 441278937
293 141 486357813
338 875 608545171
95 486 659921370
133 466 936496103
621 443 245439805
393 933 417973691
229 625 654491932
917 3 463606291
775 661 275891399
453 371 432092272
118 392 125538903
821 913 620499606
927 408 61363551
659 833 536904874
313 81 224466856
758 931 306237844
200 542 487721035
26 580 78330336
175 594 195323527
359 924 316485203
2 599 922324626
746 925 784627674
914 263 392269060
951 780 735734731
272 199 132391682
817 156 453934523
946 272 814708359
13 522 764017542
425 59 826350090
41 12 741736774
912 458 341899334
661 194 736646834
25 633 337781037
550 547 233618351
404 11 799076196
877 809 716865095
660 173 924913951
163 129 177815032
153 443 875132513
515 497 394760865
157 436 255086897
387 812 551104354
966 29 608855840
949 183 424853411
391 19 318390881
603 191 524371512
684 722 961012755
44 665 17104128
872 609 456083658
807 565 139557426
768 845 194618534
344 266 953976851
355 522 628759140
85 155 939911839
983 704 139329812
873 68 753230680
703 734 141300155
930 39 677417209
629 475 144979483
483 889 494197500
221 513 140921803
322 452 872791809
335 57 730397177
492 943 709305382
747 135 862219817
390 361 673766126
762 445 814729814
773 97 73670371
110 172 723413988
177 988 601068054
815 72 159882818
696 593 61869167
739 880 676436236
862 919 860530788
143 788 347069250
458 923 314319355
302 476 428851403
766 91 14449438
579 732 738935950
920 573 761691025
384 714 600618394
605 244 89079935
428 709 624246799
154 636 195442128
401 115 396337554
307 625 186791057
542 954 229961420
619 865 130192076
394 730 498699012
60 960 609088788
214 932 179303614
247 732 809166923
981 446 948747408
222 616 814566503
291 225 711840186
290 58 642818867
144 668 671778966
615 645 471007160
590 313 290252446
616 989 582368008
654 140 9322136
152 737 779609719
848 224 220273209
487 46 112720245
665 881 361237957
832 508 692082982
224 956 347511252
653 879 579081446
158 124 824043026
416 313 986989503
829 107 506766936
980 424 919032257
192 123 308233004
91 976 946042989
437 464
263 884
463 536
210 337
440 976
320 696
186 328
845 935
