1000 999 8
224 298 926273326
47 318 967926004
198 791 270709141
813 400 527099957
979 59 657618629
951 415 873921464
911 244 724425773
441 641 818968189
529 513 938812475
718 473 565496650
574 923 920654641
46 41 146931603
860 971 902117497
756 664 838691338
904 839 480250002
615 154 690069626
509 864 505760000
388 250 667201656
689 952 351721822
117 174 600408986
206 593 206408425
751 710 535397626
308 40 619877318
130 591 678369362
328 211 916399968
430 195 798965123
937 683 453123062
204 885 891711219
475 8 195146129
865 308 310769707
987 209 781708132
643 102 315566536
190 30 741981785
417 907 242877510
890 278 889785127
172 339 289090167
874 730 411703907
30 226 695658386
537 888 984248107
817 0 651196014
581 211 776479086
744 490 636987633
746 129 172727851
199 486 191232311
24 130 379849429
255 24 661233672
334 508 879097006
493 9 399273107
351 595 36482164
834 451 588729180
7 549 647861020
258 211 293696961
220 443 217079845
831 441 403762854
196 336 778180578
146 408 925387028
245 402 162126326
48 459 270948495
534 178 548561550
641 488 701609704
277 728 251774005
811 233 488456402
864 672 294079711
861 696 417127520
845 749 540143469
445 429 169019774
393 313 179157616
374 999 135229731
111 853 235942641
997 78 741016332
923 887 81286911
408 617 243787013
148 989 600005002
880 354 293913477
671 830 951908150
691 541 282261375
85 526 447063200
191 304 719561403
928 596 987261565
438 770 365528307
391 206 367037714
558 903 678748868
133 211 515680337
944 504 413416417
182 351 773750368
977 211 493844123
679 555 542099971
233 275 585909199
314 976 49213031
582 42 60839499
131 82 317669096
839 954 118878490
938 317 175225905
90 56 735913855
551 364 979483734
583 12 917538756
181 480 638627036
734 963 600362381
435 385 911178413
369 211 277275714
339 335 75698360
868 355 657376170
618 271 630357257
593 478 324275483
419 578 371459716
422 168 475986954
336 659 910721085
64 5 611043698
548 751 719920220
285 742 240160697
502 779 507148708
3 961 639062450
797 739 37010156
690 493 75664259
222 119 939686372
630 211 691307562
846 360 769684070
479 211 916853444
250 998 815250575
819 22 603622819
693 911 942182290
284 193 506416818
270 23 116682455
660 390 381043188
573 871 539145448
60 869 108102994
311 211 174764041
967 584 94627241
107 263 25672286
778 211 462506449
79 598 408686898
82 801 357983483
577 21 753904680
378 881 896798865
546 91 9116120
604 211 60980666
348 799 563305142
136 256 612016940
52 95 509006837
96 309 196673210
714 337 686659963
467 556 764558157
406 391 975440753
253 851 423736677
875 846 353642819
686 232 620546208
273 616 587795244
175 10 63371708
94 757 649173656
698 588 698047079
449 39 5469343
450 374 595953741
20 357 684802716
527 856 617116767
469 608 692858298
126 590 680924725
217 542 460915653
389 405 369865766
293 155 875684206
776 65 970980724
187 444 568807694
395 384 235718723
382 554 332592817
722 211 942426010
448 828 579239486
931 597 679397986
768 94 896453454
532 240 939988781
383 673 179809524
53 211 514676960
112 639 128057942
256 619 773395985
971 413 48252254
177 200 960252199
609 145 80363379
531 181 798566262
561 705 398154786
749 237 537802914
760 211 283536528
712 248 839385665
526 421 179314311
152 375 989565269
826 387 257170810
767 758 61430848
218 381 489129263
50 605 358429889
380 134 406885223
119 127 274624530
67 211 370810730
246 211 927405817
625 165 407005988
335 855 475961206
9 792 475020834
856 32 328673463
262 868 982882265
144 307 575030988
375 20 202258193
230 837 854139510
891 269 419963505
57 286 960907578
513 531 243717477
104 424 31508564
807 624 77306278
597 456 614872547
405 131 993159321
594 215 380622025
156 622 183075385
35 110 240617502
900 735 42711098
454 964 350345705
836 261 122386209
252 967 558148451
945 975 871893006
223 600 551411849
957 322 414911728
23 601 789431984
869 210 763873958
12 565 113914124
648 530 412964134
514 481 314042976
740 45 263363839
878 611 626299794
710 689 870888642
848 582 292918173
975 363 595986385
801 47 286436910
885 725 698159729
33 151 485914643
366 211 547690539
149 107 24974903
451 523 516494804
106 185 679227767
329 714 598824986
86 874 781701218
237 932 303900601
292 323 521943131
910 262 636443344
8 54 116537117
247 211 144736839
992 211 307532372
97 116 675830914
494 338 283028395
45 410 578214213
319 191 200082007
283 74 481399297
802 253 743586307
632 898 78283038
562 412 370511834
961 756 110833639
242 211 126768418
401 211 473462911
200 310 188516571
504 345 534812046
665 211 915294392
553 60 843981197
552 901 51698403
828 788 78334911
683 28 238067768
517 518 150504395
153 208 412229985
171 773 311223000
356 553 72632429
4 105 226085106
326 570 863202142
924 877 407518048
100 331 114198563
506 576 526462731
359 633 228863115
616 860 37235215
496 686 860649651
983 156 380703232
894 436 323625737
638 948 259270076
847 522 357056461
443 26 443279400
272 535 54400339
440 823 336087114
453 15 201484531
973 211 870148542
726 768 653627408
323 509 211318805
752 190 161280287
688 211 638561457
575 211 217701073
525 183 305715826
116 534 593334185
173 175 252360919
58 211 204065591
936 755 10715207
205 221 56003980
267 249 320032804
738 524 678707160
793 16 99511921
65 574 846050225
893 632 118502216
110 937 702057154
93 255 82695150
492 699 609260976
570 527 812844242
701 2 245205884
668 484 732348689
43 284 598323654
628 812 403215146
163 667 237183590
713 198 814560997
995 356 71665420
949 862 945953815
269 551 479514082
473 510 164124596
579 252 157644833
209 889 42016257
569 96 781738379
384 187 683221536
926 1 623928023
560 220 934830733
481 64 957468338
835 211 269769087
629 207 198919412
732 808 822730247
881 824 521149382
603 933 597365542
612 211 702875274
483 66 21129168
739 807 685978413
545 485 608357349
636 211 483266706
584 157 856208080
71 259 67565825
178 192 189827477
38 211 228998579
279 511 730413910
596 396 57502830
396 117 976612045
25 876 173683538
633 160 81346253
984 447 35250860
120 380 636054166
948 365 822611852
827 970 839805997
207 469 630826249
248 610 994951697
428 765 242760334
862 813 883621877
482 382 732908415
779 468 462475543
516 211 89181030
729 981 140985232
772 724 782355113
325 669 683008019
804 389 728468521
522 519 97128428
969 678 314275214
423 439 323183772
193 753 845288726
349 700 997356442
755 358 452184757
109 159 555803304
658 434 732365029
716 211 536812250
489 70 621593908
624 467 153473945
282 986 769689532
139 302 713336268
495 211 811466611
765 147 878600108
877 547 83288773
700 987 917818852
930 211 912486193
305 340 961364245
620 377 189464484
235 865 430804065
88 599 235987723
623 786 243990114
294 550 786436620
606 276 951398246
340 89 832129707
795 393 786567571
226 969 579499112
160 292 23808077
161 926 237761533
39 29 731803512
457 319 27145183
621 7 462862521
361 743 476131298
963 18 378294098
402 378 51589181
354 703 40321743
13 14 998096032
655 63 638866853
940 152 946019828
11 449 387478443
174 750 722092813
956 558 747893108
123 448 579424297
899 816 934436918
989 216 865579527
970 818 79890367
617 266 454434357
115 993 718086177
886 229 457897362
539 744 403815095
737 282 142469809
947 399 726237116
83 802 719961327
185 103 596725612
993 726 326901011
238 675 194407848
941 649 352659864
873 939 18759355
266 787 815653309
922 587 173621534
503 211 440458032
705 438 711982483
416 17 660111066
857 811 460800435
214 211 747831437
521 211 876475783
823 314 717493251
21 189 351799139
213 615 38785696
22 533 477276516
876 90 18412792
186 211 734633153
724 142 117957341
866 231 186953207
673 197 978317634
599 349 107479067
578 859 871346319
261 283 472690362
392 732 498577502
943 211 270820044
304 238 631995901
842 75 541037554
608 985 154648195
717 194 953623011
81 125 108739787
870 296 958006944
837 113 576134336
958 325 596340365
507 872 71542322
14 826 219908367
540 392 973377332
709 362 529497479
919 563 762831174
825 500 850705797
98 239 537586332
902 126 52989856
589 625 616393248
80 290 778405649
591 695 225752955
611 780 806594304
129 453 651972615
364 776 284186119
312 955 509470262
275 692 820118398
56 454 814179451
998 505 851792778
404 211 539594066
499 483 924360235
980 475 862961591
962 621 860953184
685 109 283812470
867 260 79690266
820 947 211755435
642 912 165098994
669 180 816388587
547 687 190256854
377 643 843999438
708 921 237154911
436 960 458628505
390 834 909268064
385 674 708713234
484 635 709031492
135 92 60712432
883 243 159922705
954 938 157266687
398 419 375804697
278 268 580503626
368 81 684436905
286 99 923943018
695 182 924806493
179 71 699033570
605 111 438901448
346 607 349235043
44 211 586325694
994 211 651613135
69 704 483006845
403 136 388031695
610 80 413414571
105 425 126174638
127 98 15583973
818 891 132343342
809 211 478337265
468 420 796192728
358 747 869642586
770 995 96113143
343 920 522251887
458 169 988471216
331 61 46770229
952 951 49007214
508 72 631680267
736 690 290087055
592 188 459626478
774 908 727684478
676 573 424757097
459 144 6413840
953 560 769332637
229 966 507343219
317 398 499585064
821 383 140929890
680 817 338176159
601 297 319399673
960 708 535766733
189 288 263623221
652 343 924334448
955 149 337375963
215 736 330783129
350 829 743408757
706 902 978070516
169 927 139631766
122 470 452228988
872 642 981504093
158 962 947122846
798 211 745468092
773 223 302487993
26 199 110143175
721 341 81963416
627 211 418950486
786 33 996123331
538 293 501740300
965 577 82134126
602 614 754888618
550 499 970401461
34 847 760541576
488 457 648872028
935 211 57275319
863 394 196226592
470 701 74002514
934 106 122003844
889 988 712797435
572 819 327421689
784 520 208995671
352 539 262479941
785 548 923821896
815 913 907055006
549 896 322028501
639 790 877168630
571 764 994268091
477 650 694297814
966 950 371838535
520 629 61989040
634 88 144138606
321 982 143244365
921 115 767970317
898 464 950683542
113 386 255823092
929 538 224086857
631 34 280340096
103 916 489180627
227 433 114979710
999 945 78185322
66 517 709371878
824 97 475739911
647 928 859576095
51 822 816593813
310 427 543005007
805 211 915048856
745 118 489757243
556 491 39727179
920 676 234908017
985 395 954142160
791 925 80018074
143 257 550785501
505 101 181009225
27 211 922502529
849 904 781334598
733 43 88185835
925 367 374122755
667 321 48796394
128 543 980330251
243 906 127850451
557 772 451662805
456 980 275642032
986 344 982728330
933 942 274858241
142 281 919453388
554 638 346489367
296 265 359103166
471 211 731205120
741 211 975662839
407 332 605183331
87 666 301584026
672 361 747448168
276 559 880585838
281 330 727954559
412 628 527606682
814 211 409772890
327 346 334328513
102 273 19556626
418 211 595729076
833 718 369666865
725 49 551697573
36 845 288799592
399 416 627508761
918 205 407391592
812 264 447933992
318 784 352328621
761 86 722919806
410 291 42199925
852 657 551392926
342 936 839023501
465 73 616376459
333 752 943178453
656 128 140129004
613 445 476066952
415 918 160021898
89 852 524572588
439 990 676629964
241 211 224385335
397 179 769914197
497 326 453219311
775 546 535251168
432 301 998420598
240 217 391806038
280 211 995056985
95 972 104574386
727 564 961629314
6 866 197431409
176 603 997232338
302 272 301748148
759 983 464553677
662 3 473063109
757 727 655422601
2 827 365557124
600 831 213069514
466 623 523708249
77 108 391344714
322 79 570696690
657 841 406997695
195 512 731762393
137 211 924298351
76 211 653992750
41 766 406793681
341 487 565340006
964 235 944230929
74 761 109283696
851 651 940388670
586 435 445860998
167 833 585942921
101 460 504653252
347 211 75245700
157 647 459790984
202 709 5790213
800 660 595748977
166 655 915185830
114 211 439296174
78 825 153784848
303 211 584521332
682 350 714545891
511 48 440004164
300 861 261553536
799 482 122067409
29 719 208932217
239 644 400039355
982 892 58281118
731 211 662475971
696 878 678631464
892 305 48401402
287 406 524767145
996 315 923106143
990 890 119482560
164 359 455682589
313 634 582176207
942 277 408835256
978 677 768063401
790 984 165673199
675 682 111696345
702 498 572317351
859 740 253469343
646 870 211278547
165 771 956179907
687 782 732819815
905 211 52808990
211 112 340341914
585 815 968284463
31 211 852289524
707 211 169263262
320 177 788464416
17 93 606033472
838 840 973869453
882 472 475336684
188 123 841107213
748 694 536665346
124 893 233494138
486 836 233726536
903 734 23897618
541 373 12821086
460 161 159726373
806 867 911718722
150 783 130443053
510 138 216455974
566 863 833323844
703 122 427157552
437 403 651040635
425 52 232204065
762 300 284951433
888 729 596529817
728 11 785303230
543 712 583057944
518 104 858292504
154 164 693899602
747 875 552920326
225 211 191262406
118 184 125050022
788 568 584517665
832 211 22855798
16 139 453398124
909 211 507871997
614 820 298350810
372 211 253717471
464 494 578119925
498 680 703050651
221 212 22949767
145 455 60783369
212 579 932056822
409 637 324636137
635 978 709775544
830 842 268564502
915 974 239876764
766 613 836105137
121 167 416874406
332 299 936930012
192 85 330762024
567 583 620634901
367 922 320993094
251 211 261151211
370 428 13044903
533 713 411517535
542 371 9047991
487 691 441990587
490 681 430770130
650 497 446386836
70 658 579392469
810 706 497061637
678 140 926057257
704 536 63413592
907 929 298171116
108 201 416320685
595 4 570577364
822 529 997790903
916 886 79404394
917 171 500120077
40 762 257484623
426 211 260507977
829 602 776175626
151 991 208772683
974 721 720041759
654 873 84623598
32 417 660754209
850 211 443240791
353 211 782489213
337 946 137888126
946 609 949657254
210 170 451182185
663 141 522919257
92 62 373220471
981 849 390045237
260 569 433492012
789 203 249721604
140 594 824173514
387 143 512923334
792 668 927163865
413 477 143416750
753 388 890179543
295 211 889464816
555 810 416271678
988 800 394450516
841 501 967921001
649 803 113074559
381 51 427774086
782 312 753750893
15 218 378067853
563 100 879232499
580 211 259696200
219 211 609292196
0 552 334042963
480 606 445201318
19 211 521359567
421 370 820614749
73 545 171242249
720 915 252041137
338 172 481203455
512 592 599578907
236 857 559559904
519 287 120542247
424 228 83661553
433 148 452442494
271 224 691612029
769 654 160678863
735 759 38744896
274 957 311678670
887 379 272989372
719 685 757452185
301 738 887831602
59 153 762729894
234 949 797771576
37 795 550717745
666 324 539393019
950 894 766286546
763 211 508180209
939 285 386146197
715 537 75103286
840 777 408883171
268 737 352954583
590 463 744315108
565 37 181591138
180 711 101815466
371 227 624405932
694 502 263183540
478 437 308498239
681 316 975257692
259 6 496082464
692 965 803697757
742 352 610353048
896 432 186932865
431 544 596004812
783 953 953108023
653 57 941846534
446 211 277482236
297 848 181485177
796 211 397725229
854 715 922338900
855 158 832365739
844 620 368691226
168 132 249079212
777 124 290580105
771 561 796276669
10 431 771009175
730 794 840261640
697 618 472976104
884 900 599032872
559 821 514366013
414 917 208000570
528 646 221776973
794 769 855072190
183 789 889221959
959 211 471224378
781 910 71967541
197 806 627007027
54 781 641400660
500 698 851803656
420 880 374352581
362 723 387436432
330 919 262227477
290 897 636470850
228 306 150633253
299 234 602840175
265 557 382960132
263 854 816294514
201 914 391438083
455 36 583347423
474 213 813685585
677 236 588287003
637 697 857702487
360 996 556681995
544 465 61530040
568 979 636989922
316 222 172512391
897 958 495612246
780 294 222194115
879 838 777263157
622 843 394980943
684 458 510925082
787 858 290491389
411 211 314048725
72 68 776172007
307 514 179628745
644 146 82803063
598 997 279174057
147 46 90706418
159 693 797877036
472 35 855086412
91 567 59352015
244 166 943201971
976 423 75504750
254 934 608212798
427 163 265156446
357 793 619217493
257 720 899205943
501 733 18107257
515 267 708113081
743 525 490120377
535 653 871784107
315 196 32185338
134 474 439459985
913 176 932716930
61 941 872391170
400 150 544071079
298 173 548748498
906 422 36310083
576 135 75534321
138 279 909525731
232 204 665814006
203 440 263761933
750 745 406666967
373 679 605799144
434 767 375992330
62 746 858663546
324 804 679651996
901 785 385318684
491 515 951364214
306 120 864914453
132 572 568773835
141 566 77179103
587 797 876626986
429 414 328065189
764 931 17438666
754 87 247229817
63 717 828069650
376 211 369175970
659 348 19750539
972 77 339788603
674 25 553497852
194 924 301456446
309 640 877539232
536 270 418595255
99 289 18056080
645 748 638903730
816 368 380019465
758 202 772904245
664 671 56734571
564 462 107573024
231 496 39051539
651 409 206125712
216 956 846935994
463 532 876403171
912 944 520500520
452 245 627704672
476 211 210438742
619 540 886460605
461 211 267920147
853 774 734298607
626 211 445966222
991 652 253643654
379 883 889498412
462 775 608198951
49 254 300356434
444 430 177220098
5 571 937801922
661 211 689668492
530 507 883939277
670 211 154401561
363 586 424550673
914 754 115357074
485 940 271918189
523 50 839243465
289 407 799218156
55 884 11888412
932 656 469741688
858 562 787738589
125 631 774215144
75 13 875862951
28 452 260193598
155 585 880054456
699 121 622191450
723 83 700566787
524 329 656780205
84 211 15331686
442 211 10532164
386 69 664475299
208 342 38775960
42 489 854968594
344 589 390887396
288 844 86155735
808 968 782908039
447 334 178914819
908 899 166846378
18 492 572103493
968 882 802849809
803 645 489167297
249 333 876464524
170 466 82545868
394 327 765553594
927 528 68779862
588 662 413058875
355 663 853417721
607 684 658955533
264 506 59928243
871 320 380275024
162 211 445771947
345 230 219406641
711 702 200688659
640 274 36970446
1 397 699697617
895 211 250533783
843 450 10821763
68 55 738921221
365 879 779466831
184 648 907245219
758 819
446 883
363 377
479 479
16 986
969 983
549 719
642 968
