1000 999 6
445 891 214693498
856 757 845448192
386 336 982352730
338 28 288947787
621 157 353829421
491 284 36566095
765 560 506305852
224 117 507767729
590 557 924573088
439 69 771678852
58 8 737346868
505 157 415494887
978 977 838093722
763 95 216491481
35 858 809295754
194 911 942784180
205 302 5370538
393 816 666552783
48 355 621953671
80 679 250413969
376 59 299462008
944 730 913618257
471 232 299480759
85 346 363857558
20 431 430193652
729 66 442306469
942 128 61238221
174 472 258909080
208 245 457966733
515 861 914994799
366 42 941791467
292 314 420919488
614 200 797459886
223 409 427374091
703 540 112524401
370 786 364532021
959 720 952413697
259 139 299802280
503 6 364224331
601 972 677357584
514 829 449604711
268 174 19799015
341 997 195498203
600 832 978242142
796 210 327357223
824 466 690166573
297 937 858468754
184 638 977192459
586 112 168540387
899 350 976087041
156 408 510290053
645 249 9063326
625 162 96917970
379 685 996971056
153 641 456023592
842 531 800584191
832 132 292574415
233 246 710166709
889 40 631963768
438 576 54153425
864 393 714981532
611 222 962200119
360 251 236143920
754 832 603919918
343 425 696351730
141 971 316667288
288 117 875154231
295 328 116407943
552 188 92482010
282 447 382152123
54 33 976502152
145 30 512070682
330 33 241966253
502 93 962139383
433 303 942406099
691 595 654546633
826 369 800153613
100 902 394211670
32 556 18015105
245 162 506085564
685 233 243033838
37 660 587922906
147 800 373066977
979 988 353898489
201 196 545270880
596 223 288400197
340 485 347804421
537 654 352719337
189 788 169620967
271 767 630183930
164 377 491859005
377 880 801603071
642 589 328169336
932 660 957720417
107 584 594516736
473 705 235318786
814 627 37439171
819 486 30612869
761 830 44516996
693 234 953169143
227 247 590573495
739 171 652290290
593 38 462080577
349 296 108653115
598 466 801889186
543 996 615088530
395 786 167892394
240 768 694010654
236 136 931418685
296 748 753009535
876 161 311358685
410 291 158139436
550 449 204312925
420 638 793039572
479 245 173795661
214 709 152443679
680 508 130050544
24 762 652918488
715 618 313484711
202 367 102211728
64 571 377709435
956 942 921108087
1 824 574790993
667 165 753465398
299 346 606281216
373 219 761389928
716 6 159581189
177 180 436260876
939 438 330140907
216 158 910070019
623 51 765571484
605 28 865158261
50 551 746201459
911 333 261005870
151 197 316095870
15 93 565314524
738 33 888616375
112 531 767126499
307 286 474690908
322 307 768713448
870 412 146559908
318 431 730441403
142 907 502556858
830 482 432977042
13 74 928516193
455 40 119065142
49 862 80908458
776 239 674698346
430 483 853401449
984 449 402584762
706 317 364576930
383 824 902982208
710 198 308651264
509 62 428037632
906 571 246697690
572 558 878329184
807 521 568170222
560 685 443994941
440 579 50002779
562 830 604239699
808 638 328446285
891 764 186630999
98 271 620301845
7 644 113468677
735 164 774197594
802 423 744579307
539 716 613546237
723 200 320170592
480 285 151736887
928 238 722871991
719 865 288908910
449 307 539394361
345 880 426186364
660 536 3093366
946 210 674097808
504 449 56865444
87 506 701601588
486 490 154601827
334 504 346906764
165 317 473266539
231 449 42221574
976 620 278641372
238 536 367075506
220 40 303582158
267 670 374022004
454 684 199933137
158 93 996670513
150 245 54529148
728 745 763563873
39 805 499045840
548 771 454884003
997 501 547601004
140 103 494592009
973 383 106054271
204 924 51169421
938 446 257460517
980 880 960728037
852 808 443062732
38 957 914776697
279 516 458231455
256 219 445552432
639 596 127399704
694 715 730844557
743 591 829604241
584 380 80834339
477 307 746821955
446 117 248352968
511 220 423587495
453 335 569526782
556 64 593100248
450 281 107044422
829 952 739343773
442 240 877681175
544 630 643761719
580 760 411445239
608 46 364988003
510 142 689718971
941 988 189576321
861 330 337765256
650 597 581161619
679 501 650848071
443 641 905853705
404 350 59053505
809 904 565215188
390 844 318919284
489 627 871935129
18 836 438211051
866 591 95568551
387 717 916315355
892 450 540311560
551 670 831530323
745 984 33462376
748 328 321281069
278 263 726797231
708 143 967039160
135 31 33842136
507 712 616224697
209 920 790975691
950 981 379816234
536 306 213706270
578 811 308438095
381 679 908068372
923 767 485789531
409 407 683705672
317 835 351877931
331 377 825634888
753 536 771317542
74 665 28551844
686 685 783618008
526 862 331412548
752 29 395574500
836 319 240954724
249 508 935411258
116 69 256882674
92 255 125628595
324 764 846789133
767 286 441929500
110 156 730095575
813 77 532744472
736 295 796365206
456 240 134149605
789 59 556665953
564 619 436344986
845 980 822415825
117 730 475656631
23 388 430026272
649 984 422347656
190 411 802425878
732 974 168195283
128 38 128050224
835 316 65032753
603 384 89089294
563 416 139376200
328 755 192944742
730 132 676881394
75 551 798524723
199 826 320951293
68 119 599850855
517 944 800277592
844 893 153645366
799 69 618546490
834 423 948466429
123 94 383078843
269 476 563353924
661 773 897873764
800 157 599708555
127 830 566734956
113 581 913992529
884 568 369409026
731 180 674164326
463 278 98924268
391 285 463066063
627 562 42455111
695 322 42543546
902 708 521526280
188 196 131800923
647 442 853033780
782 371 43857973
958 957 508538156
966 469 51846902
243 610 801007842
291 414 522789015
242 312 932208107
222 468 597129549
182 670 405805639
651 201 418888324
412 330 589847368
806 245 70602775
428 345 212820867
234 923 941164561
16 796 76809992
6 755 75161780
88 806 708957778
818 886 570492719
380 343 723869806
444 982 122353846
488 767 137546026
221 960 59803376
136 439 322735530
812 663 851126173
718 697 126108113
3 660 319701849
101 531 969602304
581 122 739144446
106 822 445906271
36 114 429138634
722 560 579371654
874 662 882813533
254 662 852437959
251 832 981518446
762 615 50069955
672 319 594121895
371 432 20790237
441 65 862591106
361 893 33544059
619 293 44170730
881 396 649752227
91 416 958535951
879 872 545967130
466 287 633240153
843 425 599480855
759 181 469220205
195 392 297910866
329 521 860949938
628 396 357493960
609 596 407715364
665 207 749985300
687 906 970759939
406 847 290716522
470 536 272959329
770 42 375031487
798 333 205044166
967 281 940640126
57 31 672453581
992 153 753305830
160 654 211611559
990 940 418214661
102 513 807507366
846 190 195021043
179 233 236840885
130 683 437902334
217 566 682456342
557 245 858510849
931 821 578755946
277 388 622509412
402 996 880788204
207 137 859528881
353 332 536724938
193 416 904314697
585 628 295273926
4 644 911476733
527 441 123281451
161 334 24142372
258 932 836800199
167 696 110643359
197 633 287150401
704 211 159339137
668 105 901855766
859 933 567626924
415 977 261638842
678 481 289893047
957 162 845286533
255 52 520755292
431 147 272285483
186 856 229647059
877 24 430159123
797 902 670886510
565 905 75862897
252 615 532180116
42 449 564207120
574 95 286835166
452 679 534000324
118 73 70291792
218 190 997061528
149 619 339687424
490 330 173204740
863 276 92222268
674 309 794561592
546 650 209526314
720 409 361505507
940 988 723606017
500 325 781797393
792 50 649348418
263 118 761059682
692 748 69552096
561 586 55924466
682 880 742971844
34 110 543519502
482 563 335271124
999 784 539061505
94 684 236008761
83 197 76057844
172 797 145887676
403 272 667095835
365 397 695891041
588 61 451646050
617 160 352821373
312 384 164573074
43 736 580912534
303 767 257653119
305 959 677966416
163 710 854534232
673 147 579663621
804 192 593823182
675 491 389962612
833 521 634128755
613 785 682409474
518 219 516625547
741 618 12694282
399 335 560147720
760 641 954104991
400 446 662247101
146 506 406737283
362 974 55631072
429 551 157332096
579 286 9943473
766 732 949550476
47 283 412516054
79 384 488679203
120 304 282633660
129 147 748861478
974 531 128552141
747 411 426525540
401 653 827812530
333 977 280088487
929 950 223454606
273 950 246443374
793 733 67920149
714 910 765619150
260 744 585885655
495 312 930645440
69 708 472309816
569 767 986656787
638 654 732777263
392 213 23171847
40 899 552844890
624 472 311802309
472 112 668912190
200 302 400977765
293 348 141213523
41 486 987101433
604 708 964449338
655 0 226509087
426 869 907359133
506 532 537401211
567 414 629037174
827 6 107205436
346 698 105959411
66 306 581903376
858 755 204934929
78 712 568902109
196 504 841623691
575 316 745489495
46 746 925356950
558 930 336005755
573 186 781114620
583 206 303682691
494 536 532661106
347 419 277551862
212 625 484987726
95 212 387795744
986 758 6872043
786 633 637247069
862 816 846969254
501 152 740674160
203 670 345405670
890 133 223091276
683 267 530344314
918 73 355140982
436 556 692115321
945 73 771391071
917 311 295025036
266 174 39296808
60 902 158522862
427 264 597149294
907 640 675266492
780 588 586407722
898 93 749624239
689 560 264378578
437 590 928869592
850 949 823192893
847 563 817184090
900 433 529395837
408 12 247283151
211 881 22219066
989 536 53202044
838 914 977584552
176 133 362079018
105 218 395884842
817 233 657799020
663 240 997872830
521 470 806306174
865 545 874656864
791 328 806041431
82 64 252977177
895 939 379837780
531 286 688906168
784 711 125675925
396 477 145886228
14 408 10822960
750 74 222555571
144 835 15776281
226 2 608607153
820 3 158312794
995 556 639544835
582 694 59759507
487 40 401270876
283 789 790790954
916 265 689186093
553 311 209030729
419 860 486682745
447 977 765177802
994 54 945489614
484 28 588270447
264 186 568403174
886 348 775572887
483 251 326220489
2 392 694308961
972 192 792204041
577 629 665737807
787 989 902086919
713 156 540287118
253 906 653568084
225 494 849830746
411 286 487974485
924 571 131196257
801 625 938144892
871 631 44888225
461 557 23608451
903 306 433059725
922 275 314843394
742 411 612649741
5 506 690480972
670 307 767630803
790 204 951219862
538 518 596157925
828 233 193527033
99 412 145980692
327 482 676980841
56 282 743221824
270 764 294376118
987 209 446836885
955 741 429367712
643 506 734362490
953 116 429567422
775 650 844054246
498 556 756022138
171 828 671979593
637 504 833544078
646 513 587387530
351 152 965478608
21 872 824038930
239 351 198439810
912 677 88681277
27 164 938832079
418 575 105636330
29 560 273998233
641 579 339800932
168 627 905794538
840 263 8516777
28 384 907038029
316 709 297741857
795 817 951082995
554 339 165313578
933 880 417539311
803 379 184816044
855 681 962672364
9 143 228029873
724 93 724775736
159 921 267161585
632 423 668352606
465 89 70083364
62 309 74806930
332 400 192916760
315 64 155266467
0 586 58058835
656 534 455011975
148 755 981057752
246 412 493007670
977 738 737427162
985 270 938140868
529 89 857133817
684 851 150897192
592 349 741685505
52 679 482864108
84 149 269344756
841 294 917064183
522 330 126762391
306 112 273426844
975 851 768342846
570 771 886449466
294 411 608865128
464 182 276253278
662 162 726750161
530 295 701576992
55 561 658459922
89 557 48577095
169 984 403831695
451 235 360351193
697 175 708747404
778 774 295031919
458 267 484042964
137 449 405475298
434 660 284679110
777 825 347239158
594 51 829796310
19 263 624173818
949 929 820343354
133 884 283291757
77 516 295124427
374 425 30242100
696 336 538670541
934 960 101485639
97 456 920175127
215 479 170371225
968 135 254417177
618 73 186905340
385 444 385407199
981 832 586776269
115 909 82099815
948 207 806967540
262 730 674457023
698 623 136914973
805 212 148289524
666 682 339011255
555 904 486685870
607 826 322116157
367 978 756983080
516 618 964346278
853 839 718891006
462 674 820922977
825 91 889735467
769 797 927412208
681 662 723793325
290 749 752929290
725 537 788069044
811 64 898307957
302 621 769181708
416 730 472124425
964 981 980019647
822 625 908718306
960 929 658708534
178 695 830346289
854 493 16436773
612 423 722260706
758 212 864082297
576 724 638851168
925 636 917067391
138 747 488767065
815 233 703953263
363 10 212999520
96 674 551286142
354 232 572561268
508 677 999144895
568 411 867691856
606 654 183726980
375 633 932668101
497 633 136720326
493 271 481222024
421 959 800292550
915 704 843152590
335 53 354483967
485 516 842573947
961 66 491552757
936 350 812437370
751 253 597351296
481 612 195025598
591 143 351854737
920 801 925919085
108 904 561022974
566 12 884119807
71 398 672808075
926 977 198555943
755 213 155150610
59 135 241978419
496 581 560140983
11 610 908393689
405 929 841843990
867 623 44309388
794 876 60060038
67 786 941964190
872 836 296062488
368 880 158268504
257 167 817817586
384 883 932291455
700 144 90744216
969 75 577790707
26 76 241587386
644 432 551005173
289 433 230898415
851 957 556702451
407 624 626724976
111 725 482221697
908 826 454794693
76 816 61349929
121 112 254091127
348 256 632742863
659 699 641157305
839 414 553664638
63 656 910316221
187 790 836384628
30 761 725529276
369 628 335278502
677 593 616288455
474 126 681862452
342 278 257147215
652 711 496458160
323 641 644738420
311 810 289545853
70 914 160823919
913 723 179872963
630 307 30511120
272 383 331377456
467 556 827110844
512 516 522715173
520 629 390970999
905 981 995867379
699 977 394149783
372 521 878892947
119 576 938587528
73 117 667303898
492 245 374023213
198 218 771180873
947 812 756136992
937 213 285653404
823 835 576017286
286 132 4619116
988 654 965288115
499 746 481130798
104 743 597228460
597 996 496123469
475 143 118347804
717 757 647138696
783 881 471168977
868 596 595416063
671 222 142034592
927 604 948491113
901 132 109175253
162 730 478365869
364 880 821376998
622 36 348067415
157 54 632542670
180 262 364276251
930 615 8257001
837 726 79594248
275 256 972361551
417 799 495650030
893 477 611726781
709 33 348784054
468 99 351632148
314 568 724428238
954 8 20475985
213 132 657467523
970 864 599439116
359 847 378025886
336 245 270968204
756 779 347029294
247 153 568474747
602 939 463807351
389 67 592298056
971 606 578398821
519 96 470358505
848 849 630167738
533 478 997916981
616 762 523963799
310 73 881791631
114 212 498580636
284 449 794792200
397 201 282010118
448 830 579882334
152 33 355267539
962 927 435522490
821 627 863884934
878 902 17040038
733 143 824426369
658 545 158162219
285 707 604718824
319 124 525201645
17 108 743084694
831 641 750784762
388 670 346344099
235 532 704129403
210 557 588707738
810 349 999026361
326 509 538255294
309 117 280688500
183 951 387080200
788 663 469680182
265 703 545825848
935 568 764269544
301 143 696238890
785 219 117231283
241 397 429166200
541 193 490399285
910 574 655129858
721 894 519408640
229 751 914461545
883 286 368594865
712 520 562858281
998 518 618270976
325 828 5186471
983 673 905783378
727 945 529541048
654 945 285425039
358 482 94658852
816 738 207555776
261 825 286921105
599 64 303300493
634 526 216553576
897 73 459204894
734 841 931632901
155 223 440316396
134 997 41158093
737 466 736160723
276 311 16012112
636 227 829739811
657 684 647962692
629 158 647942490
896 408 942983139
457 10 779237952
648 775 444862443
300 148 231268479
524 679 673169161
125 557 147284970
633 930 963829090
422 752 577448907
143 755 59938166
690 585 692226840
53 99 596220557
126 218 282773585
726 53 403079783
469 882 968177708
880 54 262877718
757 883 410657614
595 112 795909690
124 152 431728070
394 309 384064951
109 365 335478258
887 724 926594839
10 479 726035893
534 337 500317711
996 557 548824811
525 850 66130035
237 757 221120405
669 451 531028685
61 9 634956157
274 38 384119557
170 940 417064903
914 771 647112332
131 502 364777761
513 709 641932769
772 240 703203933
773 707 274122703
904 641 261928730
774 724 335297694
355 810 722409351
65 536 145229595
181 981 855494661
882 692 680016229
545 150 460952759
894 80 188285812
875 451 780466731
248 754 275270180
185 235 513127906
232 152 448203839
547 779 895078975
344 238 939858036
857 143 3323108
425 339 772477309
571 730 65853496
711 996 31018206
549 57 544860672
398 683 503569894
250 695 305537621
339 435 872758088
435 883 418343276
304 957 508813600
919 907 421777645
166 233 37037234
90 94 18996691
352 817 312646646
350 307 705088443
626 37 844224988
860 622 340219724
219 755 628439059
707 117 316201541
93 707 78490762
963 352 875506088
535 336 833049652
869 330 360482321
432 112 269248732
779 11 679737838
542 638 410897596
921 209 256514682
702 552 863526723
228 754 743373832
478 974 904333216
356 485 775193910
952 768 19773631
476 455 327754297
103 632 450302772
382 522 230022132
413 334 451890852
8 271 232623149
320 348 715685671
191 181 631486037
993 692 180338644
22 345 629624473
281 334 640266116
25 132 655122791
31 522 187772594
635 705 837933201
749 604 896952267
885 353 420740037
676 898 266160302
631 28 621608021
424 716 845048061
337 486 676865190
523 637 422840165
982 88 503119061
313 552 142811646
528 216 239089649
44 235 634461219
965 984 695318788
888 591 96526066
615 162 324436882
943 312 453905379
873 30 412906538
206 805 122315100
459 135 924579331
610 504 414487157
321 679 983050966
244 773 398649611
746 245 310295911
781 600 900174148
357 6 574003143
587 941 481733823
298 253 229675368
173 618 209729417
688 684 372348082
45 615 321501208
771 881 397034780
764 755 89159854
744 64 439129502
230 743 175465334
154 479 328868977
620 763 843302238
640 775 374499393
653 332 466186352
951 629 697376702
308 346 81535550
81 426 605040723
86 621 694112471
287 576 876714471
280 426 983142020
705 923 881740888
175 981 248461036
12 309 18932506
139 384 360643791
460 80 330847975
378 703 70492672
991 763 773684070
423 102 453726974
51 531 127190974
701 941 17785853
589 6 233474554
849 262 373765838
559 654 402298736
768 73 203965821
540 80 714066460
740 216 473611644
192 562 678641211
664 410 448272838
909 870 6277329
414 629 591696046
33 132 270705218
72 88 730384338
122 112 921039314
532 99 202018249
565 850
162 671
45 832
987 991
881 894
73 469
