2000 1999 7
908 903 319387766
352 51 545494143
1937 1353 344236371
729 118 513070291
717 204 875288299
1533 658 120910611
1895 49 508141766
897 499 208804591
155 108 219032382
1700 1575 812933374
153 131 849904631
1838 1649 81838546
1519 772 669898301
1986 1120 357162640
55 15 565552343
1735 71 783049716
475 53 725508560
1541 1335 72860123
151 110 106269444
482 425 531182180
737 512 674215212
1973 209 410341848
148 89 652488904
1690 689 206433137
1978 1592 587327460
39 4 231409605
749 222 848843985
470 451 520648461
1131 231 639426664
420 1 214078085
273 26 497862845
415 380 148418438
1891 921 213913351
170 50 723492397
1019 1010 223410574
1274 916 312655063
1862 592 74575834
1958 9 292098557
484 218 992620810
741 487 431362330
1275 560 670364871
1549 797 975771702
354 345 104831854
1578 690 342676719
1039 993 39026627
1490 445 315555892
651 73 356544468
794 78 713219266
1046 821 360368229
1120 413 691341104
1136 170 234022205
1284 755 716013224
1943 9 560121870
281 22 74194846
1264 443 882658438
175 110 983381259
1047 316 13848042
1703 1136 938653900
87 12 358853521
709 631 468004215
65 16 535327668
1154 685 574015827
1979 968 893374157
1293 355 564426932
1163 707 351134216
1960 1397 982009069
593 555 564583456
393 221 394460308
1143 483 278964832
140 25 76350486
822 480 827949299
43 28 896281259
283 216 93336455
432 287 964776009
307 306 788160999
622 547 445404520
626 98 233958564
1522 406 235015711
1565 1337 543849600
711 134 837242618
2 1 491088110
1951 1625 170620098
1183 629 540617095
1715 679 601571172
776 75 394361713
1813 613 771061147
288 224 189339925
930 376 619779675
1062 596 377047977
1739 1063 472224106
555 66 451738631
9 4 431610150
1496 1110 136270176
1082 617 423341153
1169 392 61496418
1889 1165 80577734
868 427 587979169
201 94 862969529
6 1 76049141
48 37 881597995
682 179 778315841
548 366 164453346
1678 623 601056042
126 58 460102097
19 9 858455678
14 4 938504103
1798 793 829131794
808 272 364452807
1254 1186 67170476
809 207 367213200
665 631 95004359
1515 1230 704358490
1935 114 439052566
730 301 343709052
1438 85 43257380
81 54 536411998
1913 166 473413158
1078 1077 392297725
11 9 363460392
1031 367 825601301
1101 420 692384075
355 89 712761605
114 17 418217637
1662 873 570692974
1109 955 886220266
1711 1119 73248410
1997 1555 393575183
1834 378 207519845
746 585 548282835
1498 113 676189947
244 229 943608938
1175 568 937505703
785 204 375159180
17 3 314380653
319 16 200414859
1144 664 679785067
347 301 744195067
1361 920 473673947
639 610 862313039
1766 1647 732926195
249 174 327248107
1561 1070 504094381
837 405 73122194
1418 387 451897209
474 202 708842462
1532 1102 810282421
465 370 258079937
571 37 941544198
1516 1026 998393755
1069 1006 998755984
512 291 947781103
1452 127 13614303
630 104 558752781
1567 1316 91591069
577 117 409631252
1249 813 480549004
841 816 274390152
1915 1829 701729778
1655 1152 285461896
1259 653 535625467
506 384 51105943
1654 1472 956557209
1969 1654 954740329
877 821 807647777
1847 1425 116288990
100 7 494267916
611 35 692547841
805 153 852855395
1693 666 288738958
1239 384 338534076
1642 575 843876735
165 71 173459969
369 244 755627685
685 595 823761739
1389 281 529786530
301 149 362864274
1994 241 304863087
1904 169 843255491
1238 567 36760325
1940 115 592491918
828 351 965287143
1938 1724 946241217
718 19 105068896
1646 596 49242340
1689 1134 100913992
1132 1016 30510391
1510 1069 81869047
898 795 274629163
1758 667 924412720
1991 476 960216501
1401 1349 814219995
1953 1320 839301091
1312 1265 99568397
912 79 456909288
995 277 857776854
499 198 353180916
1725 1087 98894861
101 75 247429712
860 159 998735713
191 119 877494529
1437 793 200614620
1486 801 689717531
1420 1 693334336
1283 190 571000802
925 688 24266076
893 772 669961371
1468 24 74839648
1042 414 629245570
1846 1655 441475476
298 101 372199813
428 324 906556490
935 926 350672265
1491 132 818421094
780 249 1936389
1898 623 978267742
1369 822 840271883
180 2 79210438
632 319 368076093
1103 1029 193762484
3 2 266202898
951 571 134733168
1873 1154 13313531
565 474 220661147
668 353 717020729
1776 1608 746045088
1583 1192 212542242
350 78 39628281
606 248 847625388
466 448 113844730
1755 691 865333214
1761 676 16110314
1881 481 58756696
1156 1023 173511899
1599 1495 964442967
1167 250 336603669
124 121 74760191
381 251 266422577
1918 398 490838373
1851 766 534737782
305 206 898094320
1300 675 167778672
1613 79 727305554
631 229 880994672
451 230 319170734
1742 54 418433253
1173 1052 732828983
923 369 327324393
618 305 141274772
731 630 597042821
683 556 215031192
1475 448 693591849
77 23 423971692
804 65 558530860
1817 238 774371992
1723 243 974005003
1441 337 185982111
1659 22 493526711
549 474 632163514
1358 155 821006851
961 797 998750680
1580 413 156649457
843 715 768805426
1993 329 783006521
1504 214 88254296
1098 124 11882865
57 23 993058024
1778 839 769596410
789 769 931577340
1395 711 533966726
89 47 292984397
7 5 249199322
910 803 441673570
351 275 990452263
1084 988 579837859
1140 307 428380634
83 50 223800039
1931 699 156373903
757 292 15845908
1917 313 889084394
1055 215 682934804
782 434 962687655
1246 589 102799313
949 122 653959649
754 107 27681219
1227 815 874434150
1461 999 275934173
1076 85 947412772
1352 961 705271951
1489 844 802035190
823 501 894123547
1942 41 547131572
1990 1407 262987807
1890 713 184714457
106 7 794502848
1005 672 118240286
892 127 398135910
546 93 338005059
1378 538 949267735
1052 984 985235615
948 143 246948742
1230 1139 264156089
1866 466 638042142
1604 1127 927385706
710 191 764747215
1824 1030 14398412
1947 1775 770126016
1911 969 826096118
617 549 42925384
1803 173 787289111
299 85 137200893
1386 564 699996367
830 520 11282491
1775 1554 349606027
1376 203 76462389
1812 1566 74070225
1133 152 298369301
1493 1025 286413597
766 429 813856665
364 190 141389642
1657 33 929040307
660 179 546062694
152 80 917339617
1079 134 222900279
1922 1469 120040556
158 49 739463266
113 105 631739175
1543 591 854082806
1469 984 739939312
1304 228 962828562
610 264 152482291
8 6 956987922
1317 147 836355323
1266 641 783017150
1909 1127 139594192
1149 761 942768517
361 143 985556932
694 672 970398827
755 261 167730128
1250 461 963062382
798 726 21112908
831 358 702389385
670 313 339608242
759 579 577060591
811 344 429479543
1497 856 552943321
1592 1438 253041525
1494 1 250316347
1863 628 469050667
684 402 185160139
1011 456 960650431
634 331 555264852
257 173 184792891
27 15 468580511
91 44 657537577
1202 89 946396074
1528 1421 413382322
1151 789 703898357
1902 919 198744282
71 68 339483446
915 800 256125628
271 22 690410625
1563 449 587432051
747 236 38367890
540 203 351173548
1840 1665 527764000
959 385 544781162
1754 867 253368861
1197 1172 503154434
818 437 330446794
1292 748 99468907
1286 50 100197310
1027 618 132934966
1219 470 896044568
1393 626 883632765
262 255 14585446
1639 231 43908612
564 226 58493414
1432 638 341689714
1211 29 378566229
22 16 775794760
321 204 758156601
581 147 544714383
60 27 389636182
389 69 659068265
448 202 955982381
955 305 654738597
1988 1514 104871619
222 199 991548717
979 20 611896230
1699 890 779609823
891 79 424101533
920 302 140366233
1965 1156 207279433
181 172 355524724
1480 392 367305664
193 14 827302549
328 188 497897400
833 768 920621687
1983 1290 575570856
1134 189 437949662
1608 1103 791292437
1538 812 772842728
320 121 545159251
1706 868 462191504
944 302 890697683
572 311 407918999
212 80 878887450
1059 325 739218603
1414 957 259646698
1297 94 758926166
1185 917 479182827
810 20 539453891
1638 820 85297084
1228 627 119388494
748 439 818681515
1521 981 798598197
1015 858 549510381
53 26 399534759
637 266 407530710
263 44 124370827
1404 1276 74417661
1017 694 635365219
1178 626 641578194
427 308 417933302
34 32 400822851
1961 1400 951611316
1473 509 666710945
169 164 47792800
1364 515 341394575
234 205 192283226
1329 464 809029398
1545 862 496674517
1903 1639 190965170
1037 36 394896201
909 294 496101499
1409 320 61319397
800 73 869904064
1914 535 924243884
807 447 742902680
1191 474 391161012
1048 90 560722427
989 808 187944062
1950 600 378029309
950 804 692853418
331 69 256141800
945 641 18113827
1663 1069 558708236
94 11 708193390
978 686 853611934
259 19 964019132
1410 395 445244728
452 345 333882756
237 189 383958966
1795 1698 699704000
980 932 371907416
824 25 589455933
1066 129 410437422
1999 1976 209266364
412 68 83754449
1458 1384 420492846
93 39 181176579
1161 604 505636176
1585 1465 284781354
247 63 12340002
743 228 469250769
1849 285 593283720
1356 1195 198769510
1243 713 15327945
895 712 462462728
1321 710 756892303
613 599 378223192
1609 1509 539870554
1728 184 748224528
1020 257 147609064
696 476 321308784
1811 74 78276176
552 209 667653478
1373 1253 70660057
1799 303 15090978
1854 1584 622706867
1614 1355 51843931
52 9 857445757
1670 1275 208089217
768 468 62490292
514 24 645122265
26 16 93803410
1704 1160 631879568
429 102 749604185
1842 1626 735179705
1319 398 951616985
240 10 545205788
1362 274 183396600
847 91 404761961
436 44 632515503
686 458 677295692
167 101 107220882
235 125 443604445
1396 809 538341592
740 399 941953749
1806 969 511126637
1714 1010 136549481
1006 158 791885654
1572 190 378207420
802 463 906518327
881 446 420920923
226 120 629519562
600 422 932751786
147 63 55547365
406 128 238932743
302 201 464808516
85 80 676006881
940 462 940676176
139 56 488875125
28 22 420535503
308 219 662633181
359 231 539403363
1403 1292 744511790
647 421 413559322
1196 971 465260598
309 45 495409024
154 11 45753801
1660 141 432827610
1478 889 580186169
708 130 479877829
314 270 923818670
1448 1059 674559185
322 63 149391226
1086 532 114196578
1424 692 524829356
318 116 479080803
1595 163 880130732
236 81 874143617
507 283 346327212
601 345 193631644
1105 273 905124954
1925 1847 271733741
1073 1008 183986383
1796 93 457821327
918 712 966578090
500 473 423022919
1906 296 898242542
733 542 400169673
645 331 565574913
1353 880 320021532
585 506 678042461
345 94 258199225
974 258 948016241
946 240 898110402
188 160 578864737
292 281 612862641
1033 759 398532318
1566 304 715079591
1366 706 558268621
196 113 114664283
1964 1955 360286708
173 83 866599727
1462 637 563306119
1349 1224 539576858
1531 823 248030567
1135 1043 567025482
867 768 614189522
1651 1319 288559303
1012 237 127311380
380 334 404403624
1419 1410 749522798
650 500 191047266
919 389 19998152
1002 389 479576912
1044 369 506363821
74 33 436493498
906 755 435918970
200 76 548972232
18 5 621728071
850 501 56421257
1058 6 446352767
554 485 261682659
492 270 861131253
1221 44 569512671
1272 1176 214445908
1546 388 105566816
303 72 466086757
697 70 84065427
178 108 419927311
1326 266 516003267
66 62 293035247
1327 1205 45436422
894 131 993132421
1553 244 946195180
306 26 631909076
1623 82 378184370
1049 185 807409386
1258 1055 713263550
869 332 873729743
848 304 670314576
1878 1679 809106736
327 296 626598681
1110 630 615645679
1450 133 673411099
1277 852 165345513
446 116 432446782
966 813 929628278
454 427 632639364
1876 1616 180429057
936 860 736303870
899 775 951170770
1786 991 738997420
304 40 61617335
1375 330 731535335
758 728 833372679
1209 597 209389506
1091 841 390832319
567 60 484496811
374 268 67927845
849 471 733367906
502 260 813329777
1235 451 745982220
442 337 181118132
839 789 781389765
38 4 335115059
1908 1672 886400515
790 653 795058563
1186 911 789212526
977 564 758024396
433 19 916193266
884 261 442416888
1855 242 429316725
1112 1100 7528456
814 343 229599099
878 284 109138211
590 582 212933344
1357 403 863498493
252 8 316997185
1165 676 43471044
1001 65 263383983
1107 702 239293141
1875 1141 849969759
1291 1035 492279781
1153 156 401126847
1767 1580 20015131
1637 577 897371342
615 239 821858620
1034 553 821817940
1781 1487 787072516
1605 1038 389239586
695 641 173650772
404 128 202026545
801 504 134039136
885 415 986193172
1784 1723 412536288
1387 1386 65523566
863 108 558829563
109 63 435357896
187 160 862168464
1399 770 355887337
1683 257 521057062
1691 1368 351641452
1764 1450 986229121
44 33 828990339
316 178 943480325
1179 1062 673564206
1571 1241 835952300
1400 293 989013453
713 396 183428609
121 35 928484511
238 125 610414931
1844 545 615475487
1328 368 30976195
934 541 226635828
821 427 924404290
1013 393 948538816
1122 676 402115650
1479 1110 862944037
1560 227 241387784
765 430 653779706
1627 1113 55005967
1930 315 265026179
274 112 30487880
998 945 231541874
1718 1257 294143880
1768 1129 174958158
706 512 5350257
1467 258 197950473
783 85 955980281
1789 121 857161759
1194 578 290292222
1537 950 840981847
30 17 661364247
250 179 475025952
1331 50 653039469
425 412 299981280
1281 1266 603674803
269 185 750082863
629 120 534248109
956 534 722921482
1405 1101 522774832
1359 1284 855108309
80 17 269998686
673 260 250704417
430 287 997813469
79 33 112814050
1124 669 429367879
439 135 748155848
1507 1272 60401865
714 86 408934322
1509 1448 36981794
1527 361 560649489
835 543 303889782
1065 494 179872615
190 6 498573880
1550 1243 291458964
72 41 16069407
418 49 157663822
1977 1719 89815639
1294 381 564560979
1095 891 106577948
1852 265 252413143
797 432 708884376
1323 92 336746006
628 339 377671053
1820 1767 147024409
866 535 160331675
1602 1410 804743829
431 91 367676933
1155 122 616324254
525 81 68894564
1749 214 279549285
557 332 250771480
1485 178 458882031
698 158 536003699
1644 337 272408922
1568 1529 140320266
1220 155 946566548
851 682 17999314
1346 16 213598789
1382 1002 289161095
1003 574 539594966
1618 1169 208879371
297 19 18817361
986 210 688879105
576 169 516735382
788 473 905072255
1555 110 857408472
1907 1446 140615668
722 41 643381011
384 234 990306491
76 7 70794515
497 15 319674455
1769 102 413170507
1972 428 475746955
1470 334 914053824
635 182 122255056
985 579 696877669
1788 1307 848740048
1928 1886 471513908
983 705 436462973
890 437 893783159
1709 118 127642382
390 128 995105536
911 286 566816221
456 221 438470009
1619 1104 904745823
1536 913 833573517
1607 545 29532571
1148 121 593595509
1887 1213 864690647
1505 219 472289568
1882 552 933063704
1945 110 981657805
968 273 241484886
1856 614 405750642
184 1 45193893
1529 1340 724378138
1974 124 404868380
383 133 53285847
640 71 512329157
233 55 362962536
855 309 932484863
1436 402 962983428
219 155 239478323
726 481 119698251
376 228 107906645
515 236 817225076
1628 363 345628360
410 24 729591023
1024 445 2210844
526 237 647386586
227 20 698331935
135 106 168822638
1430 907 731248293
914 279 866170121
382 63 27601806
745 561 699698822
1340 437 675968681
1759 332 784380657
1081 757 147938239
1139 287 63179435
1268 1092 521738086
1199 234 29360333
300 290 839795456
712 122 364535141
1562 76 707411523
1596 1212 609401275
1698 160 603564895
562 438 94650168
1597 824 353412891
398 37 275759968
1716 226 232371892
1158 399 38739356
1170 569 819422642
864 682 367158732
560 486 477601252
1712 1209 50654936
1630 536 312261771
662 336 9816386
570 437 606308929
1168 175 556380706
377 148 651448087
1598 1071 51804246
174 118 856803533
478 417 632513411
1257 720 613593346
1635 361 198916255
42 0 203153124
1697 330 276028787
396 205 373754110
1525 940 9108854
1885 882 351053054
760 539 735784408
612 567 840286830
50 41 698978016
530 79 429912548
563 195 893725783
1248 868 183648231
266 159 917676226
1791 1345 124402715
1056 897 218696349
1939 851 886047727
518 516 261425569
1064 806 134308512
752 337 137835703
285 213 812720194
1792 1632 812553346
438 197 393506010
1116 956 225280749
1717 238 878874207
812 668 598324160
375 147 532828350
1727 817 250069145
82 67 600853480
928 224 371910963
1138 1004 654813680
261 144 180614267
874 522 346802747
1992 669 810972864
1879 1506 36789326
1339 1069 297273583
1556 9 82171530
1318 1182 351691139
332 181 597518099
1354 352 996502198
342 292 159589733
972 436 369204896
727 141 81812146
1412 113 202671353
1523 1043 215287025
1594 938 686521859
186 98 589187703
1625 189 135944736
1207 140 741281978
1980 1233 404709914
1457 246 302933633
643 554 589157976
1123 657 450701689
329 4 813308993
1858 57 646798905
504 129 151451816
1057 874 567992191
1793 1266 299190319
335 325 667557474
933 47 757709210
1408 843 126905846
1252 215 248743865
531 302 790479237
1748 759 298820284
965 152 388047518
719 676 172442297
150 122 41931902
1367 10 430085019
642 435 854814609
1666 874 444795625
509 397 825364475
1008 825 631771093
1121 326 675483257
164 125 951372927
1218 1126 414758555
861 856 544684953
434 1 107375401
1465 788 892613860
1247 509 955714257
29 11 858225501
1837 640 803449757
764 303 890441669
1744 305 617132591
1641 921 626896227
779 225 170057931
445 133 703764537
1200 935 190590702
1805 1086 570161386
1022 442 317373662
1459 1217 47144960
1260 1177 296603525
1426 256 510245431
1900 905 703298148
1502 795 116806648
641 452 378074428
441 358 231932434
1959 444 652588603
1934 1211 972553067
1025 233 258886901
115 31 257897949
1610 124 493238987
1542 587 387560023
209 8 490993358
457 393 845886922
1074 547 264387967
971 593 933746852
338 291 331800037
84 58 652215335
941 108 619262101
1648 1356 395509724
607 291 249049966
414 111 704837009
217 153 210764634
388 330 430183086
1313 1070 494716487
1676 1045 749567513
1923 1828 722840380
1267 385 423032674
110 90 807855048
210 199 772940191
832 210 68954692
1295 889 269822286
177 6 129205342
1232 442 672058713
958 78 199000282
1255 1214 393268597
1823 1276 877448929
1463 975 629137628
889 392 77685477
373 300 9244912
1896 1067 367989295
595 466 101652387
561 336 894973363
270 228 567951469
1869 1766 922243392
1188 124 301380034
924 271 252159152
245 106 253945832
1591 1521 222070293
343 220 946896618
1224 403 387235479
1874 1050 621863283
1871 1652 706996737
657 382 537048508
75 0 397587086
1365 535 259846006
1722 278 599550060
597 317 233426776
556 255 589590654
1705 288 569185131
1932 768 837570951
480 243 275948417
1119 1027 552050503
102 81 82307417
255 1 427620449
649 42 970383866
182 147 626640027
1731 1373 592831477
341 184 882488307
1322 950 830127441
1007 222 523073868
1808 1529 15614310
78 57 202579927
391 204 544398831
392 122 836400770
1680 1121 420134315
372 268 577245412
880 361 207618940
1513 942 443664526
1772 1761 503432550
1682 291 441420330
784 296 592008536
772 469 277972625
1092 297 400650674
1217 428 393511960
1336 461 956464259
1152 1050 164913295
243 203 449737570
1616 917 58583691
681 519 393639093
1406 1392 328848448
1189 976 622405490
1860 773 117977875
1780 552 594614977
49 46 966253269
1821 245 177654003
205 1 593140994
1368 696 515356063
1756 1718 82208
399 146 711900092
1240 244 935724011
1460 893 387049741
1447 1345 281279638
111 47 664814482
1800 1064 252132246
1524 1091 217740659
447 333 741350672
1029 601 577886581
394 346 790910371
1984 526 307136203
1501 272 763135125
1665 997 88864509
1622 1479 904890673
490 128 974268131
294 12 55586238
984 927 672537826
1995 944 394602141
1656 1417 615747924
1574 1140 312148678
1929 1502 446576945
1000 391 148770159
1570 1314 665009758
1449 1317 78928408
862 491 836069929
401 289 13013069
400 53 709691661
656 295 537272607
402 142 248541686
620 202 720810668
88 42 74946196
1287 555 441067041
1701 1321 30774442
659 317 230204252
479 410 494679185
1075 10 762484271
1557 420 75725080
1558 171 32435089
192 96 232059509
827 108 265278173
295 28 471360579
1968 142 133164853
883 542 607389637
543 301 8197602
913 256 251787074
366 207 707916902
533 419 93543162
64 53 294301496
92 35 348393380
907 592 452304517
820 498 135551801
701 269 937269729
964 878 171478491
1804 522 670535864
1760 1201 541985056
931 349 405038101
272 142 881079456
603 321 173891396
157 121 879109939
1234 1075 396582646
286 116 458983288
1053 111 138781137
505 196 560352638
409 34 532610111
1010 805 345926414
1145 520 203121738
594 300 312073574
47 16 146091181
1212 26 329187050
462 94 665091069
333 191 715866480
1106 94 260651840
16 10 737183587
1088 355 99143171
521 477 646309654
1171 449 365200388
1338 492 576870691
1631 483 806587781
317 297 957125783
1944 1425 259007395
1747 800 66301378
491 379 719023527
1636 479 436121424
1344 869 445588804
1333 697 618892778
775 121 289548134
938 528 358799322
990 810 225212018
1985 632 163733705
1192 1117 827465137
1976 1416 368136632
1193 1100 328906722
68 46 227911394
751 485 209742168
1070 1004 870853992
1330 159 25466410
703 402 70585220
163 3 778299592
728 311 385159514
143 56 123915647
1390 827 90074447
1276 806 280600664
215 62 923047742
1374 428 59653162
385 0 578056558
517 314 514509201
1963 634 747285658
523 444 930760051
1888 1300 40920132
524 465 377647600
1394 1225 200611278
838 359 847014797
477 257 593118852
41 22 833426722
819 407 324379315
1157 385 868286823
778 533 470966334
337 210 779320478
653 173 359322747
1177 1162 592933608
1818 1173 975052130
1576 19 451391201
1137 21 294763094
1205 169 446986443
149 82 445732940
293 83 433307729
550 459 799185770
363 71 466229009
467 40 222183445
1679 1158 266405911
1102 784 779649364
62 40 430327575
1905 861 988181663
529 359 397817670
1883 464 808117941
667 280 832080858
996 25 506700226
310 221 163777754
1032 319 294257993
365 168 993126037
353 265 963498590
1402 1338 422119031
1785 902 303466214
405 318 710762879
873 391 561654465
1621 1314 796598554
882 305 984159268
1921 657 900858784
367 252 797229839
194 52 893084868
1989 1294 653929022
582 450 879592534
865 354 462574827
1899 914 31190032
583 576 982552134
1411 845 396887175
1453 56 998177252
1845 85 566719378
621 82 118396581
707 463 126305766
829 98 543582867
1085 431 606644452
1629 668 992983092
290 227 917063620
296 277 152706799
943 905 341976694
311 192 845025908
932 165 370214865
1936 456 967686109
1575 1368 455708085
1372 33 568532634
1026 125 146849344
267 62 901925088
1589 695 856302983
954 834 206914220
858 32 531512991
1261 240 684447834
223 121 423273408
1050 794 768716858
803 660 337934072
336 206 223784573
146 53 931356971
461 2 279289453
231 110 909733689
1180 809 157886569
1030 848 370002465
265 40 119287573
1285 98 324043375
1442 1429 367502349
1038 885 927959819
408 106 787896648
1681 1232 242270826
208 14 448672265
781 329 890838226
168 107 210327458
569 565 46155730
1434 706 413488343
277 3 254137083
472 288 462385926
119 110 379787717
417 372 793129745
976 200 491336338
435 296 930368084
1762 37 895056464
312 162 165812985
834 782 587594777
1600 632 858206338
1398 598 310986007
1270 555 432960125
672 633 808814733
692 487 358217512
1061 386 508720880
1967 1956 745487736
1125 498 254181822
498 329 687263199
216 189 352668972
844 303 180858429
992 142 415543954
1385 978 948779431
204 168 371233733
1097 516 351473799
1083 713 619553652
5 0 431322788
1348 1331 372428603
1071 1005 928105713
421 195 718004514
1692 1274 66381806
536 274 550009512
527 68 412065016
1702 657 792106644
787 481 184052998
1836 1164 448505898
1751 1028 426970955
1440 639 903183316
1222 886 496378359
842 67 384281804
279 112 94808965
1738 1432 513205585
1043 906 767225138
735 540 438083030
1499 416 795311369
458 69 383739136
1966 1008 909754166
1150 1097 757893301
127 101 422548498
589 139 178612758
1868 299 758998247
1949 39 961930192
1035 752 723354217
988 538 714375877
99 62 163424819
1309 116 519047409
1305 158 427612812
826 65 746690562
1548 1403 570904396
1225 887 185989862
199 97 499327715
1617 202 924747415
744 277 247387303
888 204 63568712
120 0 878549305
916 801 930139258
1998 54 317326538
646 457 385279283
879 104 478378648
161 123 809576056
1174 61 899390411
1511 286 735621392
1664 909 658224612
334 53 451388207
654 412 226069186
901 53 400279450
767 266 173623294
953 736 358590253
1028 337 935591410
716 462 321952922
36 7 896209053
1870 427 146355432
1877 1674 182067451
1342 204 539266132
1673 10 236563705
254 32 284565481
846 218 664622370
1686 1667 619092854
123 114 308337342
1757 1045 915134931
105 25 590638422
1016 602 231122120
214 110 598015466
1421 955 174305141
1861 551 994692270
675 576 706216971
1794 1743 695871793
817 590 709529332
763 682 164621599
538 222 209884316
459 32 968771435
927 451 850410203
625 274 50905824
1603 186 890814341
1397 681 778320714
137 57 679232933
982 508 71088996
1244 322 476318379
1316 256 965116981
1351 946 466992979
129 50 707655789
1675 705 721924089
70 22 248846847
1237 415 366382374
284 263 841346455
1672 1053 566716432
1667 1334 191361979
1774 912 672296487
1433 764 869441377
1517 924 965146192
875 574 253530575
1763 158 203830481
1590 257 426881230
1971 530 215985573
1530 1383 771836413
1601 351 748628325
1115 420 472840140
553 123 91427116
368 19 165596949
260 211 569627876
1779 49 591214221
575 472 101841143
15 13 530670840
852 28 547309897
339 282 599183910
189 31 355057727
1350 460 635842712
596 433 946508342
1588 794 995544816
1581 1037 954260266
1551 748 15478147
97 87 483423909
1265 983 689846284
453 7 137372991
1833 1611 3993101
360 95 167297389
501 140 694867470
218 15 221697325
1355 997 654857591
1214 1112 366127930
1215 218 585989357
1894 1639 74161087
1729 9 675707198
1009 579 250514031
859 263 941003817
1941 130 791184601
796 407 48119769
1587 837 10719851
10 2 716766767
1857 1683 900257297
1466 339 913365157
117 75 662276485
1500 1104 654864880
20 14 917823694
528 477 22940590
159 20 993148068
519 55 440892577
1955 202 901351707
1816 800 642157719
1893 630 514271178
1063 505 745418481
1311 524 563800335
1593 540 672181397
67 7 556313152
725 606 188063775
825 414 194585248
1256 334 991644345
627 506 244986001
1391 978 787710253
1694 329 809396196
1443 542 292110011
1021 255 538987892
1677 428 504884826
1280 1093 136848440
132 28 337876961
51 33 915596837
473 109 823690094
1206 853 501453393
1634 625 212312266
1801 888 626293477
1750 755 54664865
423 221 997002599
1745 1721 249259065
987 868 666502342
739 373 32843649
806 109 216711752
1544 400 696753121
510 131 227647822
599 275 709878364
1506 417 111402273
1649 132 398419499
1829 1787 514855909
1080 490 377195435
1289 66 168109474
1245 973 963503454
652 453 349936219
663 191 503194759
1290 963 700791015
1653 450 709890187
616 498 469843534
1176 736 840761135
1733 917 69880177
1045 565 166869484
112 60 806027708
1128 759 619228838
496 260 916182149
371 150 34601860
324 239 60737863
13 2 384315875
1827 1006 926308468
440 215 967957611
836 665 217397707
1688 338 159058517
1269 346 593020870
993 112 598392389
1407 1145 824251944
1415 108 673484755
370 44 631781748
795 22 340016958
598 31 626018520
1114 571 424507477
1554 770 663719312
693 442 867736261
551 6 107067839
1041 321 642594257
176 46 555819831
46 4 49986302
323 12 776051919
1982 1579 28181180
937 459 832848314
1147 841 430020667
636 310 14460339
1371 326 697762776
1251 1146 857840781
997 839 16203094
1302 1146 500511227
542 433 640295021
532 123 2639885
917 745 89565428
1096 310 146861863
1612 492 9107407
614 35 922991600
287 275 211399708
340 247 88196280
1160 558 458066312
488 295 894202482
1814 971 754094669
1129 567 550087497
1569 711 27970850
1559 5 926924407
56 35 345228774
228 24 694357572
853 659 676661817
1719 567 6761867
1203 948 470394481
1051 31 749142574
1810 1314 652763093
702 691 742720758
1783 1391 608447291
229 38 755287836
1552 1205 362497552
1512 324 888186121
419 159 8392772
608 330 903201787
1520 1437 577089666
1068 673 737013701
1841 518 139751434
1370 392 946221714
545 439 388507345
1924 653 945038637
1650 700 157502588
1741 308 644867925
793 619 74490836
1658 706 571941705
59 12 950918126
330 2 319402606
1201 1074 16114046
1456 516 981379573
35 2 811427934
40 21 74526339
241 86 203285799
1184 715 856374473
1828 1514 133434206
1773 936 650561993
1474 755 225560240
1707 476 229263023
579 344 419012113
1853 1692 644460837
437 83 131641315
1087 901 89129065
357 210 271361340
926 259 411937011
495 314 207231744
1920 12 695966095
325 265 773732760
1337 1244 640814046
1777 561 778945050
537 425 972529163
1164 92 976685112
973 723 782291143
1826 198 28816686
666 369 275887225
856 129 448588019
450 166 812655409
486 150 669207176
574 91 575645918
678 601 703769186
37 12 63270742
902 755 13723417
1996 904 661252821
1586 140 268838246
116 25 149443180
774 628 412357862
1514 502 39333403
1685 1203 649249904
886 860 724780524
845 348 894602633
326 80 7831589
1962 369 853454937
1388 539 676425720
1279 630 574499673
1417 949 763336048
1782 1776 193492291
1363 1103 569867887
107 60 199685034
1484 423 255669807
1825 938 491445052
1724 811 538477549
736 121 228949162
145 132 538446401
397 193 343309511
619 307 30120759
494 53 65568994
1730 489 290831750
942 869 33375302
1483 1255 316614958
761 336 669063549
444 171 794901050
1843 1522 35607072
688 673 671261627
251 197 637223106
1582 1190 711595596
1807 1075 244014546
1130 357 457688273
156 111 438777528
715 706 439382605
1867 428 929776900
1946 1019 426384652
1901 316 461272032
677 550 548795698
1431 796 270192638
1040 125 969892320
840 785 773495725
1970 136 972881711
1713 1705 962990991
1708 530 363873269
1229 660 874596517
211 4 719930433
1476 551 745283132
558 44 927031333
264 60 337975690
1952 229 751892928
738 546 176401582
503 473 336166620
426 158 24242549
1771 1623 150332539
676 290 285010352
952 23 84277751
1495 1004 58191286
378 255 302085654
1886 387 274012823
991 502 3382327
1413 11 733180857
1451 382 910560395
1208 115 438639736
1271 1199 262070936
1848 257 89791670
1643 1606 782277879
144 67 229439773
1684 1497 588724247
1859 516 119089421
1072 769 997434234
213 142 883545577
813 787 344830941
1492 833 986502339
1303 971 354960650
183 168 264167869
1916 1422 149851939
1263 216 845441315
905 543 354861437
963 102 467726966
1832 773 311552403
1262 676 238398224
1809 242 385105147
602 347 733155684
1380 292 568492983
903 415 778694353
1104 458 857831350
12 6 105561073
1919 1536 770188588
580 7 210910942
1819 981 835209652
348 249 122144698
221 66 198609340
1100 784 231466326
969 876 983288506
1314 331 373583994
1166 989 821508377
815 0 301829748
1345 661 425506610
104 3 447574316
1954 1552 596936309
1242 182 307596570
1948 1129 344563312
1111 738 633832271
1181 993 970415071
225 192 762700365
669 285 548901755
1241 449 721901717
1172 341 909829364
1884 1746 693365166
162 2 70364882
1632 1074 481968065
1127 138 470231871
1014 901 477130937
792 308 187421490
136 115 181864597
588 64 190222373
773 661 728977074
1577 393 470451038
1579 255 36777780
1233 697 125828249
1296 150 566063
403 56 767080956
1746 684 789988840
1797 951 881240100
1720 466 880627180
1736 785 827583309
289 32 479782823
1439 1100 412686562
1477 963 781543660
1573 360 187817189
587 41 151560489
133 38 272851742
1381 1362 525646336
1054 1003 185014241
1315 1029 718268719
1301 843 492825283
1190 298 198098917
1534 1164 546043693
1606 440 73166864
1471 215 793179361
691 285 957194613
511 33 83794510
1226 1189 717300027
253 224 670533247
172 6 931049612
756 117 44957557
460 192 203777795
700 478 874214785
1737 171 962060482
658 312 635878798
1343 741 491092642
122 112 966745172
134 61 300123954
896 588 459776772
999 183 13063426
638 44 334713338
1427 1168 480285839
566 529 127198358
69 39 692151491
220 136 902636112
699 186 123618455
605 269 449555558
33 1 710162578
1687 795 600265551
1077 453 939887140
1018 778 291699053
395 147 267327321
1734 1146 879531106
1743 356 729667423
1198 905 993058376
1464 580 117344877
45 6 346034172
981 745 259210819
23 9 702868165
471 87 147128103
1872 580 161816118
544 343 1419631
125 58 900295309
166 150 713198853
416 344 604292771
1004 229 240227343
1422 841 390624281
21 9 625265005
464 174 85792000
857 161 496456447
424 350 737535793
929 250 147594933
1435 15 756056806
1159 523 992875718
1897 1811 879658267
1508 472 805218316
1347 150 258706381
1146 570 675973242
1645 411 878060792
534 159 683171606
1661 889 819263701
1488 908 404149239
644 485 485886226
508 78 946609511
664 78 51999157
887 877 666638993
1182 639 679198121
1320 324 792534552
1099 1093 249471863
1668 290 984679075
1933 1806 487079424
771 680 186143179
1118 206 99328500
1892 223 410543653
130 11 927805116
1624 1563 379987423
723 453 4017149
1752 58 947751442
54 21 462946022
198 23 716219377
1425 169 1508186
387 8 743044403
1956 563 566256572
1669 67 880270697
922 460 732063620
230 26 776825720
960 925 237655799
994 237 711269978
1282 268 449264095
489 244 608108005
1765 678 372011268
232 83 563261722
674 213 513172066
1142 611 774747367
1195 276 760457240
762 382 367774590
1094 192 167101663
1308 168 829074816
1162 833 72816393
687 415 208667806
58 23 142075754
1526 745 29317820
962 661 695799656
871 552 599181977
584 105 943923227
690 108 64803975
1726 1077 73181159
171 88 599863950
591 38 157363929
750 644 565389611
1444 1157 552417929
1880 1425 134540047
195 87 688364490
578 435 947365740
493 133 849386560
1787 1474 320858226
1710 596 609782394
386 356 813962664
1334 1305 473372285
1423 461 948430786
1126 986 501615482
1865 643 288317062
592 267 336382585
1481 765 668784780
108 92 757174098
799 213 396841830
138 39 297241863
481 31 310934038
278 58 132623272
1864 1411 204151481
539 247 335498204
32 6 342957608
63 33 199533109
1429 1021 153137192
315 92 754396136
1306 248 583023478
1926 250 484456472
1384 641 768547849
31 20 594927161
1288 852 637778530
516 14 297654350
1445 358 294002396
239 7 630948776
118 111 132106291
313 75 405300336
777 185 317928337
1633 432 301776251
1213 1047 692546216
291 163 593401147
854 566 585824116
1652 311 104383990
1332 563 359703353
1273 1015 784661092
609 328 894874272
1518 1454 497150434
947 870 273406901
535 83 750900031
541 384 262886866
455 416 276890195
268 266 107829354
449 230 615225744
1835 1570 723197638
1981 1146 995357355
256 21 803746635
1957 1208 376082507
970 299 60829150
720 445 380470186
349 336 987772645
689 388 943295638
648 235 720810383
939 165 726024550
1310 210 663145423
513 491 218289798
1674 256 625378147
1802 999 43967309
1910 266 473419563
573 535 513564700
547 118 393993060
1626 509 850684719
1564 1253 864419072
4 1 409923839
1487 1328 703069545
1472 597 66924741
1204 171 790227991
142 35 519707635
1113 405 348374832
633 414 548484059
1539 332 633983927
734 374 115231559
680 662 573784854
128 104 729794616
1482 180 368085853
86 10 460408276
742 378 268957751
1187 964 794091356
197 69 855489343
1455 713 495931606
1360 1156 105333530
975 348 625415018
1975 1886 211942179
522 469 735107394
179 50 529776070
413 287 208307128
520 3 189238765
1647 613 739925070
1535 1505 8596674
344 236 293816194
1831 1184 532603643
1839 1204 508011580
704 631 857329618
1830 146 511213008
1253 675 53029683
90 26 994841072
224 178 325301485
1416 40 413877814
1090 1006 108493860
1927 1630 347969619
786 651 455798043
1547 1269 642272656
1307 1204 856405285
900 591 296963883
1695 1174 611058882
904 259 453833632
1620 941 766382978
1324 228 752322791
705 556 952165104
870 766 750754317
1141 558 333303077
96 45 421611776
248 139 877688354
816 675 799014193
732 450 623956743
1611 765 21681388
206 185 229395707
1822 1369 634741079
1721 566 492966100
1036 535 140836761
655 181 421644302
73 52 907819873
604 470 29099789
1216 312 825774644
1615 313 822356283
957 2 240811010
1335 1149 57288668
1753 24 39103616
379 278 829855424
872 440 679374751
282 240 727408887
185 98 468288477
1117 309 620293640
476 438 155815939
422 387 393104465
203 163 691717679
770 621 437180690
568 412 55018178
98 78 440311067
346 266 545036266
1850 576 816209765
1377 1191 236408098
1584 399 84211160
356 160 52122864
1454 419 532067566
358 195 776816037
95 87 686625779
1278 176 357953141
1740 235 148033508
1023 861 175865026
483 271 833911941
791 48 911928233
469 164 25861538
724 642 421802530
131 53 712488132
1093 807 287877432
1379 406 861804938
586 84 787673825
1089 800 404565934
1060 297 352265448
463 394 772490921
1503 47 998722708
362 33 285745089
1696 416 219273143
411 42 812764299
769 271 385578152
407 274 280025467
1231 1180 928276102
1236 473 313117295
1540 46 230194552
1392 615 523577995
160 144 932618984
876 177 994695166
623 515 821882460
1 0 614057882
276 187 94639406
624 110 357652994
1428 1074 155430902
1815 235 978713790
468 302 281891633
753 76 734819352
1912 336 282774086
1383 1164 721857478
141 69 840968086
1770 585 151418304
1325 1146 852789380
25 10 108170762
258 27 690878207
1299 20 720784760
1108 480 688408587
921 867 963613697
1671 87 64528477
202 103 761102831
280 99 669071954
967 41 2368077
1067 732 691055588
1341 171 157524023
1640 1389 162774948
246 7 866076153
671 581 894893398
275 235 274156926
1298 843 323921746
242 154 572727912
207 30 625487469
443 426 848574690
1210 569 434929753
24 19 781197228
487 352 375734514
1987 1227 401189827
103 45 933270826
1732 887 628333227
1790 386 218115599
679 466 714048914
485 431 578673285
1446 928 870991336
559 490 869768283
61 52 352686429
721 467 602229863
1223 865 937674761
661 542 140139116
1372 1520
1414 1486
1319 1625
812 1553
1628 1752
1402 1670
1555 1889
