15 16 17 18 19 20 21 22 23 24 25 26
15 16 17 18 19 20 21 22 23 24 27 28
15 16 17 18 19 20 21 22 23 24 29 30
15 16 17 18 19 20 21 22 25 26 27 28
15 16 17 18 19 20 21 22 25 26 29 30
15 16 17 18 19 20 21 22 27 28 29 30
15 16 17 18 19 20 23 24 25 26 27 28
15 16 17 18 19 20 23 24 25 26 29 30
15 16 17 18 19 20 23 24 27 28 29 30
15 16 17 18 19 20 25 26 27 28 29 30
15 16 17 18 21 22 23 24 25 26 27 28
15 16 17 18 21 22 23 24 25 26 29 30
15 16 17 18 21 22 23 24 27 28 29 30
15 16 17 18 21 22 25 26 27 28 29 30
15 16 17 18 23 24 25 26 27 28 29 30
15 16 19 20 21 22 23 24 25 26 27 28
15 16 19 20 21 22 23 24 25 26 29 30
15 16 19 20 21 22 23 24 27 28 29 30
15 16 19 20 21 22 25 26 27 28 29 30
15 16 19 20 23 24 25 26 27 28 29 30
15 16 21 22 23 24 25 26 27 28 29 30
17 18 19 20 21 22 23 24 25 26 27 28
17 18 19 20 21 22 23 24 25 26 29 30
17 18 19 20 21 22 23 24 27 28 29 30
17 18 19 20 21 22 25 26 27 28 29 30
17 18 19 20 23 24 25 26 27 28 29 30
17 18 21 22 23 24 25 26 27 28 29 30
19 20 21 22 23 24 25 26 27 28 29 30
0 1 2 3 4 5 6 7 8 9 10 11
0 1 2 3 4 5 6 7 8 12 13 14
0 1 2 3 4 5 9 10 11 12 13 14
0 1 2 6 7 8 9 10 11 12 13 14
3 4 5 6 7 8 9 10 11 12 13 14
