1000 1999
0 271
0 352
0 901
1 281
1 361
1 988
2 172
2 536
2 582
2 620
2 926
3 460
3 777
4 106
4 348
4 508
4 577
4 982
5 112
5 252
6 555
6 662
7 84
8 730
9 57
9 318
9 410
10 134
10 587
11 436
11 773
12 535
12 843
12 942
13 330
13 718
14 477
14 517
14 567
15 170
15 723
15 895
16 853
17 292
17 389
18 846
19 208
20 369
20 464
21 792
22 116
22 189
22 225
22 398
23 363
23 453
23 878
24 232
24 937
25 75
25 201
25 262
25 484
26 140
26 167
26 514
26 532
27 355
27 822
28 453
29 917
30 175
30 728
30 799
31 541
32 349
33 362
33 482
34 358
35 17
35 18
35 131
35 140
35 775
36 424
37 752
37 805
38 315
39 217
40 37
40 311
41 410
42 77
42 672
42 905
42 962
43 749
44 600
45 302
45 724
46 249
46 628
46 909
47 211
47 637
48 503
48 883
49 56
49 314
49 691
50 619
50 801
51 486
52 40
52 566
52 939
53 100
53 513
53 912
54 55
54 131
55 642
56 476
57 288
57 565
58 314
58 632
59 893
60 504
61 138
61 437
61 496
62 879
62 937
63 28
63 902
64 188
64 446
64 595
65 391
66 666
66 712
66 908
66 970
67 68
67 297
68 911
68 935
69 248
69 472
70 803
70 894
71 50
72 24
72 949
73 377
73 556
74 476
74 668
74 967
74 971
75 411
75 857
76 262
76 322
77 279
77 320
77 629
78 361
79 592
79 945
80 12
80 207
81 584
81 598
81 961
82 6
82 73
82 195
83 849
83 976
84 909
85 357
85 629
86 478
86 734
87 163
87 992
88 22
88 50
88 943
89 79
89 147
89 214
89 935
90 102
91 44
91 859
92 639
92 659
93 597
93 754
94 234
94 914
95 536
96 356
96 519
97 80
97 494
97 811
98 300
99 518
99 924
100 881
101 358
102 153
102 670
102 684
103 687
104 449
104 559
104 712
104 947
105 218
106 2
106 364
107 494
107 502
107 694
108 618
108 962
109 365
109 523
110 278
110 682
110 801
111 758
111 953
112 357
112 408
112 509
113 837
114 183
114 281
114 981
115 194
116 153
116 593
117 233
117 336
117 889
117 899
118 702
118 730
118 878
119 444
119 453
120 210
120 788
121 327
121 736
121 743
122 473
123 764
123 773
123 798
124 510
124 577
124 830
125 586
126 56
126 455
126 669
127 542
127 547
127 923
128 304
128 828
129 788
130 221
130 844
130 999
131 152
131 340
131 590
132 400
132 509
133 8
133 633
134 66
134 155
134 335
135 267
135 268
135 558
136 321
136 778
137 818
138 178
138 941
139 88
139 396
139 444
140 32
141 99
141 596
141 605
141 776
142 154
142 407
143 435
143 693
144 437
145 709
145 722
145 784
146 139
146 257
146 522
146 931
147 1
147 27
147 613
148 393
149 442
149 670
150 856
151 591
151 690
152 403
153 565
153 929
154 319
155 426
155 616
155 902
155 981
156 331
157 218
157 262
158 68
158 750
158 802
159 345
159 955
160 251
161 370
161 963
162 434
162 645
163 646
164 530
164 593
164 959
165 91
165 252
165 452
165 983
166 209
166 264
166 739
167 263
168 438
169 313
169 858
169 920
170 114
170 238
170 725
171 88
172 573
173 456
174 187
174 880
175 109
175 200
175 927
176 35
176 580
176 663
176 845
177 140
177 968
178 76
178 125
178 199
178 915
178 958
179 315
179 751
180 135
180 479
180 601
181 588
182 57
183 322
183 647
184 10
184 288
184 534
185 819
186 387
187 540
188 27
188 192
188 749
188 938
189 721
189 784
190 19
190 39
190 236
191 276
191 661
192 361
193 67
193 122
194 425
194 960
195 130
195 406
196 980
197 551
197 963
198 3
198 975
199 523
200 431
201 527
202 235
203 249
203 572
203 802
204 834
205 553
206 34
206 159
206 957
207 377
207 835
207 887
208 829
209 18
209 791
210 708
211 275
211 926
212 583
213 578
213 602
214 180
215 697
215 707
216 203
216 487
217 39
217 149
218 901
219 623
220 626
221 49
221 245
222 23
222 766
223 943
224 96
225 950
226 401
226 576
226 825
227 775
228 595
229 472
230 806
231 435
232 774
232 997
233 409
233 514
233 659
233 685
234 670
235 380
235 759
235 762
236 671
236 787
237 617
238 292
239 244
240 241
240 552
241 807
242 349
242 643
242 675
243 197
243 458
243 794
244 77
245 487
245 539
245 779
245 838
246 29
246 87
246 230
246 956
247 802
248 613
249 622
250 232
251 183
252 34
252 862
253 711
253 828
254 302
254 887
255 599
255 925
256 337
257 206
257 534
257 636
258 5
258 576
258 734
259 469
260 817
261 105
262 42
262 166
262 827
262 897
263 9
263 15
263 385
264 407
264 550
265 283
266 566
267 39
267 369
268 602
268 936
269 93
270 319
270 700
271 217
271 753
272 385
272 392
273 113
273 146
273 758
273 870
274 14
274 224
274 346
274 402
274 840
275 202
276 675
277 80
277 228
278 867
278 951
279 895
280 441
280 555
281 32
281 698
282 183
283 985
284 159
284 478
285 302
285 561
285 974
286 231
286 439
286 571
287 51
287 275
288 183
289 88
289 251
290 413
290 490
290 814
290 917
291 810
292 25
292 189
293 250
294 305
294 685
295 380
296 216
296 786
297 312
297 313
298 199
298 357
299 3
299 454
300 46
301 564
301 606
302 229
302 701
303 130
304 110
304 378
305 792
305 924
306 200
307 623
307 708
308 353
308 615
309 620
310 541
310 815
310 911
311 323
312 381
312 744
313 207
314 108
315 52
315 88
315 570
316 99
316 821
317 195
317 664
317 865
318 491
318 645
318 780
318 876
318 903
319 674
320 213
320 466
321 169
321 896
322 339
322 405
322 443
322 818
322 923
323 264
324 132
324 635
324 710
325 43
326 589
327 617
327 823
328 423
328 614
329 134
329 538
330 65
330 401
331 26
331 187
331 544
332 345
333 577
334 577
334 732
335 723
336 267
336 850
337 150
337 450
337 631
338 921
338 973
339 48
340 100
340 528
341 356
341 708
342 95
343 128
343 191
343 283
343 394
344 711
345 655
346 735
347 335
348 788
348 993
349 4
349 741
349 798
350 118
351 627
351 930
352 70
352 125
352 609
353 408
353 720
354 365
354 588
354 828
354 842
355 53
356 797
356 821
357 142
357 395
357 916
358 973
359 482
360 440
360 608
361 81
361 513
361 600
361 797
361 925
362 589
363 42
363 563
364 406
364 622
365 220
366 680
366 790
367 898
368 248
369 204
369 585
370 720
371 177
371 835
372 812
372 849
372 883
373 541
373 765
374 246
374 438
374 665
374 666
375 611
376 69
376 370
376 448
377 683
377 781
377 860
378 8
379 158
379 579
379 865
379 964
380 611
381 411
382 43
382 331
382 368
382 826
383 2
383 89
383 273
383 608
383 950
384 319
385 47
385 239
385 874
386 194
386 826
387 184
387 667
388 33
388 46
388 493
388 500
389 431
390 13
390 65
390 719
391 627
391 989
392 71
393 130
393 244
393 956
394 90
394 475
394 819
395 304
396 368
396 537
397 135
398 92
399 81
399 137
399 196
399 905
400 454
400 502
400 713
401 894
401 989
402 350
403 712
404 680
404 688
405 321
406 243
406 471
406 604
407 679
408 15
409 446
409 679
410 258
410 260
410 535
411 676
411 993
412 85
412 154
412 230
413 416
413 739
414 177
415 937
416 54
416 385
416 974
417 250
418 705
419 241
419 658
419 973
420 157
420 855
420 900
421 174
421 277
421 675
422 457
422 952
423 242
424 115
425 218
426 274
426 346
427 102
427 112
427 239
427 843
428 989
429 150
429 703
430 326
430 540
430 993
431 492
432 236
432 468
433 421
434 242
435 625
435 756
436 162
436 551
437 59
437 651
437 726
437 800
438 62
438 300
438 660
438 987
439 944
439 987
440 345
441 649
441 650
442 72
442 273
442 281
443 1
443 445
443 634
444 323
444 971
445 111
446 302
447 210
447 677
447 748
448 779
448 861
449 704
450 382
450 491
450 529
450 778
451 456
451 498
452 53
452 451
453 193
453 263
453 311
454 129
454 169
454 327
454 358
455 127
455 822
456 745
456 932
457 317
457 626
458 207
458 574
459 783
460 489
461 171
462 111
462 652
463 123
464 98
464 325
464 333
464 700
465 291
465 962
466 186
466 417
466 482
467 237
467 320
468 610
469 428
470 202
470 562
470 808
471 747
472 16
472 727
472 767
473 486
474 143
474 570
474 977
475 93
475 274
475 387
475 891
475 966
476 583
477 299
477 447
477 699
477 923
478 92
479 60
479 151
479 641
480 121
481 269
481 343
482 592
483 103
483 833
484 542
484 557
484 769
485 276
485 707
486 425
487 52
487 397
487 566
488 302
488 746
489 296
489 297
490 374
490 750
491 154
491 427
492 169
492 295
492 854
493 127
493 265
494 348
494 890
495 307
495 624
496 36
496 85
496 839
497 322
498 74
498 470
498 858
499 266
499 717
499 813
500 280
500 586
500 756
500 851
501 157
501 337
501 808
502 654
503 272
503 427
503 611
503 886
504 856
505 337
505 492
506 49
506 560
506 588
506 774
507 64
507 351
507 454
508 810
509 767
510 650
511 7
511 235
511 967
512 84
512 282
512 472
512 785
512 795
513 265
513 866
514 310
515 303
515 501
515 792
516 271
516 402
517 170
517 783
517 883
518 382
519 344
519 914
520 454
521 412
521 706
522 236
522 376
523 225
524 372
525 396
525 655
526 119
526 805
527 319
527 430
528 434
528 747
529 211
530 86
530 403
531 876
531 940
532 112
532 314
532 948
533 657
534 961
535 104
535 160
536 8
536 180
537 160
537 681
538 532
538 980
539 214
540 250
540 740
541 165
541 373
542 913
543 50
543 203
544 687
544 985
545 637
545 642
545 782
546 772
546 858
546 918
547 492
547 880
548 581
549 831
550 62
550 505
550 893
550 931
551 897
552 31
552 166
552 524
552 939
552 986
553 393
553 621
554 479
554 587
555 205
555 558
555 972
555 980
556 590
557 89
558 245
558 820
558 946
559 254
559 628
560 807
560 860
561 59
561 303
561 527
562 110
562 920
563 25
563 317
563 913
564 296
564 674
565 418
566 291
566 718
566 803
567 607
567 761
567 998
568 69
568 245
568 496
569 790
570 397
571 702
571 948
572 149
572 543
573 760
573 929
574 234
575 379
576 575
577 255
577 696
577 813
578 618
578 863
579 652
579 832
580 165
580 193
580 419
580 424
581 185
581 401
582 240
582 982
583 155
583 624
583 790
584 89
584 435
585 929
586 226
586 285
587 718
588 460
589 481
589 601
589 990
590 161
590 536
590 846
590 973
590 977
591 214
591 978
592 256
592 362
593 892
594 209
594 310
594 766
595 97
595 105
595 425
595 474
595 700
595 882
596 222
596 265
596 829
597 877
597 975
598 168
598 852
599 301
600 594
601 308
601 633
602 242
602 569
603 597
604 141
605 454
606 153
607 479
608 479
609 577
609 589
609 876
610 53
611 218
611 293
611 884
612 689
613 181
613 337
613 495
614 390
614 518
615 144
616 366
616 707
617 621
618 789
619 255
619 288
620 719
620 767
621 995
621 998
622 215
623 132
623 242
623 446
624 877
625 156
625 354
626 222
627 338
627 839
628 21
628 575
628 833
628 847
629 891
630 684
631 473
631 936
632 583
632 679
633 610
633 951
634 800
634 823
635 826
635 918
636 963
637 624
637 868
638 462
638 762
638 832
639 930
640 749
641 96
641 292
641 309
641 832
642 145
642 493
642 782
643 418
643 755
644 548
645 101
645 669
646 24
646 700
647 866
648 632
649 952
650 28
650 506
651 55
652 370
653 627
653 857
653 922
654 499
654 554
654 738
655 78
655 480
655 844
656 176
657 182
657 635
658 649
658 676
659 171
659 682
659 706
659 772
660 190
661 246
661 379
662 128
662 745
662 994
663 32
664 69
665 771
665 998
666 545
667 560
668 433
668 545
668 553
668 887
669 412
670 57
671 423
672 234
672 690
673 766
674 212
674 469
675 371
675 391
675 773
676 178
676 542
676 687
677 238
677 756
677 819
678 932
679 546
679 740
680 242
680 503
681 120
681 223
682 49
682 253
683 23
684 826
685 506
685 945
686 176
686 576
687 637
687 980
688 422
688 809
689 82
689 207
689 238
690 660
691 653
691 844
691 975
692 120
692 227
692 261
693 320
694 262
694 399
694 731
695 20
695 123
695 220
696 163
696 729
697 663
697 704
697 879
698 45
698 757
699 10
699 638
700 410
701 652
702 396
702 463
702 486
703 301
703 765
703 953
703 957
704 581
704 749
705 142
705 650
705 737
706 189
706 404
706 498
706 624
707 829
707 955
708 432
709 31
709 71
710 200
710 511
710 856
711 342
712 197
713 137
713 504
713 887
714 199
714 598
714 965
715 53
715 377
716 965
717 173
717 615
718 592
719 441
720 181
720 289
720 560
720 872
721 375
721 686
722 98
722 328
722 696
723 885
724 641
724 716
724 718
725 657
726 590
727 795
728 195
728 805
729 469
730 107
730 172
730 919
731 18
732 786
733 573
733 692
733 787
733 934
734 117
734 162
735 228
736 224
737 580
737 809
738 452
738 928
739 229
739 376
739 695
739 952
740 653
741 671
742 97
743 683
743 753
744 595
744 735
744 996
745 754
745 847
746 709
747 119
747 543
747 806
748 171
749 144
749 310
749 340
749 405
750 11
750 563
750 614
751 92
751 458
752 115
752 314
752 603
752 875
752 892
753 157
753 287
754 174
754 351
755 184
756 784
757 103
757 854
758 256
758 434
759 264
759 332
760 369
760 483
760 864
761 413
762 136
762 606
763 572
764 307
764 573
765 232
765 531
766 398
766 806
767 66
767 488
767 999
768 521
768 884
768 904
769 20
769 989
770 506
771 472
771 593
772 403
772 513
772 954
773 682
774 648
775 759
775 768
775 869
776 575
777 693
778 782
779 494
779 587
779 689
780 523
780 898
781 492
782 548
782 766
783 300
784 79
785 108
785 454
785 726
786 172
786 197
787 15
787 708
788 786
788 823
789 350
789 636
790 813
791 48
791 375
792 103
793 437
793 615
793 873
794 78
794 341
795 590
796 224
796 347
796 644
796 837
797 332
798 508
799 468
800 240
800 640
800 705
800 804
801 490
802 663
802 828
803 627
804 381
804 742
805 285
805 291
806 83
806 901
807 7
807 384
807 473
808 547
809 461
810 133
810 386
810 421
810 619
811 907
812 475
813 238
813 671
813 987
814 676
814 757
815 963
816 75
816 259
817 767
817 989
818 417
819 360
819 380
820 115
820 330
821 40
821 95
821 318
822 124
822 413
823 368
823 442
823 630
823 910
824 667
825 215
825 968
826 200
826 247
827 964
828 21
828 163
828 164
829 565
829 740
830 575
831 795
831 816
832 698
833 145
834 429
835 60
836 917
837 194
837 656
838 22
838 921
839 107
840 673
840 977
841 139
841 283
841 763
842 67
842 265
842 564
842 656
843 245
844 937
845 361
845 515
845 763
846 64
846 418
846 733
847 367
847 881
848 393
848 507
849 94
849 707
850 507
850 783
851 339
852 399
852 612
853 888
854 30
854 241
855 740
856 294
856 912
857 465
857 564
858 428
858 523
859 669
859 899
860 346
860 514
860 940
861 178
862 358
862 832
863 342
863 688
864 260
864 338
864 512
865 181
865 489
866 275
867 233
868 61
868 291
869 528
869 810
870 42
870 848
871 989
872 291
872 354
872 799
873 216
873 859
874 575
875 532
876 360
876 469
876 698
877 636
878 782
879 126
879 132
879 237
879 306
879 979
880 655
881 83
881 290
881 657
881 857
882 555
882 681
883 262
883 667
883 891
884 324
884 546
885 528
886 56
887 32
887 621
888 427
888 933
889 738
890 198
890 882
891 267
892 613
893 967
894 772
895 569
895 690
896 219
896 646
896 893
897 497
898 439
899 906
900 279
901 58
901 118
901 317
901 372
901 414
901 820
902 45
902 497
903 180
903 206
903 999
904 367
904 938
905 19
906 316
906 369
907 963
908 994
909 315
909 824
909 907
909 922
910 557
910 757
911 800
912 605
912 709
913 196
913 413
914 898
915 585
915 618
916 423
917 194
917 334
917 604
918 518
919 330
920 142
920 230
920 420
920 906
921 174
922 292
922 461
923 521
924 208
924 355
924 381
924 902
925 143
926 483
926 714
927 9
927 439
928 333
928 969
928 998
929 567
929 631
929 959
930 459
930 860
930 895
931 270
931 495
931 871
932 426
933 120
933 570
934 429
935 109
935 520
935 836
935 984
936 896
937 121
937 295
937 686
938 214
938 715
939 121
940 244
941 296
941 671
942 68
942 654
943 38
943 229
943 525
944 742
945 329
945 359
945 789
945 920
946 387
947 213
947 404
948 284
948 456
948 888
949 608
950 182
951 429
951 973
952 530
953 94
953 158
953 572
954 162
954 190
955 286
956 431
956 589
956 831
956 857
957 13
957 141
958 533
958 568
958 755
959 41
959 298
959 330
960 520
960 777
961 549
961 968
962 676
963 269
963 485
963 857
964 488
965 179
965 557
966 5
966 610
967 711
967 770
968 148
968 872
969 364
970 518
971 379
971 794
972 312
973 433
973 461
973 817
973 834
974 415
974 787
975 168
975 388
975 467
975 516
975 591
976 7
976 63
976 596
976 648
976 853
977 441
977 793
977 841
977 877
978 291
979 259
979 796
980 928
980 991
981 27
981 363
982 499
982 532
983 975
984 427
985 32
986 4
986 113
987 605
987 870
988 286
988 678
988 976
989 110
989 432
989 497
990 853
991 902
992 383
992 999
993 373
993 995
994 597
995 798
995 885
996 799
997 338
997 460
998 980
999 526
