1000 1999
0 171
0 221
0 935
1 13
1 309
2 153
3 225
4 470
4 719
5 158
5 244
5 966
6 745
7 404
7 503
8 312
8 881
9 680
10 542
10 988
11 41
11 127
11 422
11 586
12 344
12 419
13 17
13 44
13 215
13 499
13 894
14 203
14 908
15 820
16 200
17 855
17 858
18 61
18 249
18 694
18 951
18 976
19 62
20 781
21 906
22 738
22 765
22 990
23 716
23 886
24 481
24 587
24 739
25 838
26 100
26 108
27 99
27 171
27 765
27 846
28 106
29 525
30 128
30 375
30 682
30 706
31 753
32 349
32 692
33 387
33 628
33 857
34 417
34 923
35 205
35 477
36 143
36 363
37 110
37 273
38 271
39 195
39 967
40 560
40 758
40 937
41 69
42 57
43 150
43 244
43 311
43 948
44 409
44 670
45 453
46 393
46 778
47 222
47 655
47 947
48 389
48 423
48 848
49 890
50 274
51 12
51 583
52 235
52 622
52 635
52 722
53 678
53 791
54 9
54 355
55 824
55 914
56 623
57 203
58 469
59 165
59 420
60 974
61 399
61 543
61 547
61 902
61 968
62 856
63 35
63 783
64 597
65 75
66 161
67 45
67 194
67 320
68 648
69 348
69 446
70 380
70 689
70 806
71 216
72 250
73 51
73 101
73 563
74 888
75 853
76 452
76 682
77 397
77 723
77 777
78 449
79 59
79 297
80 667
80 740
81 902
82 287
83 562
83 576
84 92
85 294
85 347
85 829
86 685
87 502
88 850
88 860
88 865
89 165
89 271
89 590
89 826
90 33
90 882
91 448
91 589
91 619
91 983
92 22
93 645
94 719
95 200
95 636
96 453
96 731
97 500
98 260
98 336
98 640
99 725
99 922
100 74
100 175
100 434
100 827
101 84
102 41
103 233
103 286
103 932
103 955
104 478
104 892
105 154
106 483
107 949
108 592
108 752
109 659
109 741
110 348
110 941
111 27
112 152
112 781
113 47
113 586
113 597
114 865
115 79
115 341
115 527
116 745
117 88
117 350
117 526
117 920
117 973
118 620
118 838
118 900
119 640
120 516
121 53
121 538
121 776
121 899
122 189
122 526
123 65
124 968
125 138
126 14
126 642
127 823
127 951
128 185
128 386
128 677
129 358
129 485
130 299
130 881
131 670
131 757
132 232
132 853
133 451
133 908
134 241
134 323
134 521
135 647
135 924
136 478
137 123
137 191
138 255
139 4
139 531
139 821
139 867
140 413
140 793
141 197
141 955
142 688
143 81
143 939
144 94
144 387
145 596
146 75
146 439
146 508
147 418
148 38
148 637
149 59
149 869
150 356
151 44
151 529
152 232
152 266
152 806
153 132
154 559
155 35
156 305
156 637
156 789
157 860
158 811
158 822
159 84
159 308
159 977
160 633
160 845
161 231
161 432
162 857
163 882
164 830
165 911
166 449
166 605
167 664
168 389
169 73
170 931
171 42
171 241
171 911
172 695
173 258
173 547
174 888
175 190
176 66
176 105
177 726
178 335
179 63
179 816
180 626
180 645
181 318
182 153
183 224
183 814
183 868
184 62
184 418
185 295
185 812
185 862
186 32
186 163
186 273
186 621
187 877
188 144
188 626
188 675
189 419
189 809
190 156
190 552
191 532
192 219
192 625
193 30
193 77
194 251
195 450
195 917
196 7
196 300
197 845
198 443
199 556
200 485
201 133
201 781
202 254
203 202
203 212
203 382
204 606
205 103
205 702
205 931
206 571
207 188
207 533
208 182
209 523
210 241
211 722
212 400
212 688
213 797
214 460
214 964
215 305
215 480
216 254
216 670
217 180
217 429
218 885
219 639
219 865
220 183
220 230
220 749
221 33
221 558
222 372
222 453
223 453
223 502
224 481
224 533
225 217
226 649
226 887
227 109
227 204
228 310
228 992
229 385
229 840
229 914
230 131
230 832
231 240
231 751
232 867
233 363
233 588
234 276
234 897
235 78
235 129
235 717
236 320
236 440
237 111
238 381
239 462
240 459
240 624
241 284
241 522
241 784
242 765
243 153
243 288
243 457
243 962
244 509
244 562
245 10
246 16
246 162
247 466
247 570
248 56
249 687
250 98
251 49
251 728
251 830
251 891
252 48
252 100
252 116
252 611
252 958
253 391
254 180
254 387
254 734
255 187
255 348
256 962
257 294
257 458
258 10
258 415
259 513
260 431
260 572
261 516
261 792
262 846
262 856
263 310
263 435
264 154
264 491
264 513
265 245
265 464
265 695
265 742
266 363
266 409
266 698
266 981
267 741
268 124
268 822
269 733
270 110
271 21
272 385
273 755
274 569
274 976
275 205
275 771
275 810
276 229
276 744
276 746
277 214
278 732
279 600
279 632
280 109
280 265
281 56
281 391
281 540
281 762
282 658
283 518
283 532
283 725
284 736
284 986
285 25
286 653
286 959
287 861
288 81
288 326
288 447
289 397
290 30
290 267
291 168
291 278
292 41
293 40
294 951
295 521
295 654
296 46
296 960
297 42
297 567
298 28
298 60
298 632
298 845
299 770
300 102
301 838
301 876
302 507
302 915
303 25
303 133
303 490
304 492
304 619
304 714
305 118
305 424
305 747
306 161
307 524
307 673
308 629
309 139
309 656
309 731
310 578
310 853
311 171
311 334
311 729
311 874
312 909
313 773
313 950
314 319
314 460
314 772
315 55
315 170
316 661
316 971
317 169
318 188
318 403
319 88
320 544
320 764
321 89
321 286
322 658
322 903
323 586
324 39
324 844
325 382
325 762
326 285
326 944
327 204
327 444
328 568
328 803
328 971
329 3
329 279
330 844
331 292
331 396
331 517
332 514
332 849
332 936
333 147
334 241
334 495
334 528
335 743
335 975
336 749
337 251
337 417
338 1
338 587
339 4
339 797
340 628
341 16
341 406
341 580
342 2
342 246
342 796
343 587
343 637
343 658
344 720
345 155
345 819
346 776
346 930
347 535
347 772
347 838
348 43
348 143
348 805
349 469
350 415
350 919
351 329
351 899
352 509
352 625
352 701
353 733
354 396
354 631
354 675
355 13
355 228
355 307
356 183
356 360
356 585
357 109
358 53
358 439
359 11
359 761
359 985
360 477
361 484
362 302
362 652
363 80
363 371
363 680
364 416
364 697
365 16
365 159
365 781
365 996
366 974
367 101
367 293
367 908
367 997
368 123
368 284
369 8
370 843
370 979
371 39
372 419
372 732
373 243
373 734
374 577
375 68
375 265
375 557
375 788
376 171
377 595
378 868
378 984
379 542
380 925
381 513
382 122
382 477
382 498
382 518
382 586
382 989
383 410
384 420
384 889
385 234
386 282
386 951
387 246
387 447
388 150
389 295
389 539
390 617
391 125
392 260
392 696
392 808
392 991
393 347
394 16
394 364
395 276
396 367
396 671
397 791
397 916
398 87
399 365
399 764
400 974
401 18
401 373
401 489
401 684
401 940
402 157
402 426
403 688
403 837
404 274
404 657
405 779
405 906
406 300
406 870
407 113
407 700
408 215
409 35
409 312
410 237
410 461
411 0
412 290
412 668
412 754
412 819
413 378
413 699
413 769
414 132
414 396
415 379
415 682
415 864
415 999
416 395
416 855
417 97
417 458
417 878
418 356
418 740
419 510
419 884
420 619
420 662
420 727
421 488
422 130
422 927
423 815
423 916
424 440
424 816
425 443
425 844
426 550
427 425
428 879
429 365
429 836
430 924
431 672
431 702
432 107
432 253
433 500
433 565
434 442
434 746
435 250
436 74
436 242
436 253
436 803
437 667
437 975
438 753
439 115
439 483
440 385
441 277
441 702
441 834
442 186
442 516
443 718
443 739
444 383
445 138
445 230
445 780
445 839
445 878
446 195
446 211
447 248
447 501
447 537
447 666
448 512
448 774
448 786
448 799
449 579
449 863
450 325
450 570
451 71
451 613
451 707
451 942
452 127
453 452
453 660
454 383
454 743
454 750
455 23
455 774
456 617
456 847
456 965
457 424
458 400
458 735
458 875
459 441
460 261
460 436
460 691
461 239
462 388
462 926
463 213
463 799
464 599
464 790
465 470
465 503
465 551
465 867
465 919
465 945
466 267
467 369
467 862
467 946
468 236
468 627
469 501
470 287
470 410
470 617
471 353
471 985
472 36
472 685
473 422
474 873
475 455
475 855
476 107
476 767
477 340
478 222
479 156
479 427
479 644
480 240
480 250
480 448
481 317
482 147
482 598
482 890
483 257
483 938
484 343
484 775
485 830
486 55
486 591
486 766
486 804
487 143
488 166
488 305
489 31
489 104
490 22
490 561
490 979
491 93
491 527
492 310
493 301
493 858
494 327
494 578
495 644
496 581
496 742
496 910
497 227
497 682
498 619
499 831
500 612
500 811
500 957
501 14
501 555
501 666
501 844
502 421
502 488
503 217
503 325
503 583
504 229
504 298
504 681
505 10
505 207
506 20
506 956
507 222
507 634
508 630
509 21
509 218
509 314
510 690
511 339
511 428
511 955
512 27
512 113
512 408
512 799
512 873
513 695
514 151
515 100
515 866
516 342
516 545
517 548
517 593
518 906
519 717
519 888
519 966
520 485
520 560
521 164
521 601
522 219
522 376
522 474
523 115
524 281
524 896
524 926
525 569
526 27
526 952
527 33
528 664
529 687
529 824
529 905
530 318
530 488
531 535
532 5
532 506
533 459
534 70
534 118
534 340
534 945
534 949
535 225
535 492
535 514
536 412
537 482
538 19
538 483
538 566
539 289
539 525
539 925
540 454
541 195
541 520
542 402
543 807
544 230
545 137
545 339
545 663
546 907
546 938
547 421
548 469
549 76
549 459
550 435
550 441
550 470
551 123
551 687
551 825
552 499
553 469
554 160
555 129
556 125
556 297
556 450
557 972
558 425
558 530
558 649
559 794
560 201
560 438
561 172
561 995
562 556
562 606
562 739
563 784
564 21
564 573
564 623
565 203
565 351
566 196
566 373
567 194
567 432
568 403
569 510
570 860
571 72
571 333
571 607
572 15
572 343
573 390
573 567
573 883
574 445
574 786
575 417
575 819
576 225
576 255
576 934
577 782
577 963
577 967
578 38
578 62
578 604
578 851
579 151
579 269
579 330
580 855
581 407
581 419
581 831
581 946
582 619
583 202
583 311
584 234
584 317
584 481
584 643
585 15
585 173
585 322
585 384
586 264
586 726
586 760
587 412
587 511
588 654
589 143
590 684
591 437
591 949
592 770
592 933
592 940
593 408
594 259
595 558
595 825
596 231
596 335
597 230
598 397
598 633
599 96
599 502
599 523
600 533
600 639
601 192
601 272
601 654
602 594
603 270
603 461
603 609
604 433
604 525
605 990
606 768
606 896
607 20
607 198
607 812
608 273
608 847
609 212
610 489
610 571
611 246
611 681
612 66
613 721
613 970
614 458
614 603
614 720
615 24
615 753
616 5
617 252
617 597
618 119
618 594
618 655
619 970
619 999
620 448
621 956
622 218
623 807
623 941
624 148
624 150
624 584
625 528
625 536
626 107
627 582
627 691
628 211
628 456
628 579
628 940
629 396
629 471
630 160
630 197
630 483
630 901
631 5
631 244
632 345
633 102
633 114
633 568
634 258
635 140
635 210
635 296
635 838
636 543
637 973
638 200
638 413
638 774
639 633
639 913
640 564
640 616
640 897
641 462
641 664
641 946
642 227
642 978
643 505
643 811
644 361
644 574
644 860
645 243
646 272
647 598
648 54
648 985
649 405
649 459
650 32
650 95
650 806
651 75
651 146
651 331
652 73
652 513
653 24
653 549
653 693
654 341
654 993
655 95
656 147
656 354
657 968
658 201
658 220
659 46
659 177
660 107
660 986
661 637
662 123
662 601
663 3
663 364
664 601
665 594
665 918
666 685
667 569
667 773
668 277
668 563
668 835
669 732
670 91
671 576
672 141
672 215
672 394
673 174
673 987
674 607
674 614
675 716
675 909
676 780
677 914
678 214
679 558
680 345
680 745
681 68
681 112
682 167
682 488
682 674
683 521
684 25
684 455
684 671
684 763
684 820
685 214
685 248
686 121
686 274
686 929
687 306
687 369
687 414
688 395
688 907
689 313
689 765
690 10
690 217
691 113
691 817
692 533
693 475
693 650
694 515
694 666
695 75
695 262
695 815
696 351
697 264
698 426
699 189
699 469
699 534
700 113
700 842
700 974
701 253
702 813
702 845
703 73
703 474
703 519
703 861
704 178
704 811
705 134
705 896
706 641
706 824
707 713
708 117
708 885
709 188
709 668
710 129
710 405
710 595
711 273
711 701
712 358
713 92
713 98
713 239
713 733
713 898
714 7
714 789
715 47
715 392
716 343
717 778
717 925
718 780
718 969
719 99
720 651
720 802
720 866
720 995
721 86
721 161
722 153
722 596
723 127
723 179
724 494
724 652
725 90
725 753
726 40
726 792
727 149
727 472
727 649
728 30
728 497
729 766
730 32
730 709
731 212
732 96
732 142
733 896
734 29
734 739
735 321
735 818
736 366
736 638
736 927
736 931
736 972
737 965
738 454
738 785
739 226
739 238
739 476
739 559
740 266
741 510
741 895
742 369
743 755
744 206
744 328
744 430
744 832
745 872
746 468
746 473
746 881
747 537
748 213
748 426
748 756
749 990
750 72
750 954
751 337
751 379
751 631
751 737
752 679
753 304
753 897
753 988
754 735
755 19
755 982
756 90
756 465
757 699
758 550
758 713
758 744
758 979
759 291
759 843
760 34
761 800
762 318
762 449
763 381
763 517
764 270
765 236
765 520
766 251
766 648
766 686
767 92
767 368
767 592
768 103
769 597
769 814
770 511
770 677
770 886
771 478
771 653
772 614
773 500
773 680
773 987
774 68
774 264
775 588
776 324
776 600
777 392
777 690
777 800
778 639
779 494
780 389
780 546
780 880
781 69
781 959
782 553
782 630
782 834
783 582
783 741
783 879
784 657
785 316
785 602
786 101
786 128
787 546
787 554
788 66
789 347
790 389
790 688
791 449
791 602
791 655
792 442
793 46
793 998
794 612
795 432
796 428
796 552
796 859
797 115
797 852
798 106
798 735
799 42
799 834
799 929
800 205
800 817
800 854
801 146
801 315
802 222
803 223
803 422
803 757
803 845
804 9
804 473
805 703
806 442
806 795
807 627
808 255
808 541
808 735
808 790
809 212
809 564
809 704
809 887
810 7
811 353
811 705
811 943
812 136
812 310
813 238
813 994
814 216
814 443
815 467
815 759
815 871
816 796
816 888
817 165
817 346
817 912
817 980
817 994
818 76
819 28
819 50
819 677
820 184
820 187
820 580
820 930
821 482
821 738
821 905
822 289
823 260
823 592
824 168
825 65
825 507
825 601
826 82
826 443
827 201
827 484
827 501
828 52
828 510
828 575
828 808
829 126
829 986
830 126
831 461
831 699
832 199
832 255
832 289
832 801
832 967
833 434
833 673
834 129
834 278
834 473
834 807
835 49
835 631
836 48
837 376
837 764
838 805
838 853
839 0
840 550
840 738
841 87
841 378
841 460
842 314
842 608
842 655
843 55
843 662
844 193
844 463
845 377
845 691
846 629
846 745
847 264
847 828
848 63
848 208
848 413
848 872
849 564
850 176
851 618
852 6
852 730
852 792
853 428
854 963
855 26
855 487
855 700
856 443
857 851
858 853
859 650
860 447
860 803
861 335
862 872
863 539
864 396
865 265
865 460
866 63
866 398
866 402
867 652
867 784
867 792
867 962
868 135
868 479
868 598
869 181
869 548
869 711
869 724
870 509
871 151
872 538
873 704
874 767
874 794
875 91
875 169
875 244
875 529
876 265
876 749
876 937
877 83
877 692
878 282
878 620
878 877
879 248
880 758
881 206
881 404
882 156
882 354
882 685
883 338
883 669
883 841
884 996
885 537
886 297
886 349
886 862
886 918
887 46
887 987
887 994
888 548
888 632
889 463
889 635
889 885
889 943
890 769
890 798
890 895
891 632
892 785
892 805
893 722
893 921
894 8
895 37
895 126
895 676
896 966
897 135
897 145
898 176
898 634
898 926
899 784
900 797
901 104
901 392
902 280
902 748
902 997
903 900
903 924
904 580
904 653
905 146
905 268
905 504
906 325
907 249
907 283
907 618
908 526
908 864
908 918
909 64
909 254
909 775
910 105
911 679
911 919
912 15
912 928
913 438
914 13
914 646
914 864
914 906
914 961
915 883
916 496
916 891
917 338
917 411
917 572
918 105
918 259
918 572
918 867
918 953
919 507
919 629
920 352
920 517
921 152
922 606
922 731
922 811
923 213
924 209
924 303
924 925
925 593
926 177
926 370
927 755
927 978
928 793
929 154
930 360
931 44
931 753
932 194
932 399
933 263
933 650
933 711
934 317
934 751
934 893
935 67
935 401
935 530
935 904
936 653
936 738
936 787
937 258
937 416
937 787
938 712
939 575
940 222
941 682
942 34
942 743
942 818
943 29
943 510
944 285
944 296
944 577
945 905
946 638
947 58
947 359
947 641
948 666
949 81
949 665
950 82
950 104
951 243
952 322
952 879
953 85
953 776
954 510
954 708
955 581
955 858
956 469
957 83
958 80
959 534
960 610
960 654
961 474
961 977
962 414
962 488
962 615
963 269
963 891
963 995
964 427
965 868
966 54
967 17
967 545
968 220
969 190
969 249
969 362
970 247
970 256
970 494
971 422
972 254
972 332
973 477
973 833
974 174
974 722
975 959
976 184
976 357
977 398
977 493
978 120
978 554
978 607
979 473
979 712
980 170
981 86
981 259
981 523
981 566
982 246
983 372
984 291
985 70
985 111
985 275
986 859
987 457
988 56
988 683
989 182
989 374
990 913
991 444
991 703
992 8
992 57
992 254
993 374
993 457
993 493
993 743
993 942
994 638
995 79
995 267
995 806
995 828
996 486
996 715
996 918
997 662
997 871
998 285
998 590
999 362
999 710
