1800 2000
1415 1745
1792 1650
769 1790
1559 532
1110 632
1671 1482
1546 1257
206 249
1302 1362
1388 1741
93 326
732 489
1617 1732
322 1788
1602 728
597 894
1793 373
1134 1693
919 142
1390 115
660 1640
486 55
784 658
1122 1682
1327 22
963 1206
507 1477
727 1051
1276 359
594 18
254 874
577 675
367 15
241 75
578 1409
624 403
1679 1395
187 1058
356 513
1716 161
588 759
1354 1511
296 1149
1651 1767
925 378
844 725
557 1764
791 637
505 536
832 897
1369 510
451 1493
509 1587
1550 155
741 586
1545 44
82 479
459 1189
1766 336
1417 5
1794 21
235 1731
11 207
286 291
867 192
1677 221
1582 1471
314 1291
1654 1043
190 1391
405 536
1633 947
549 589
883 772
1527 574
866 1521
604 1577
1414 1663
544 965
422 514
545 1048
1726 536
1479 307
576 650
620 262
138 1001
605 1431
651 504
93 325
1157 79
32 1415
1152 1114
339 1339
1040 1220
807 1516
1191 1455
873 1310
1333 185
310 970
1346 1749
1290 1185
1028 844
1174 353
1229 997
122 1721
445 487
1764 96
613 500
443 623
1214 1765
975 1738
530 678
293 1360
267 369
1787 220
357 1458
223 1664
1184 1222
1081 111
464 1039
169 135
1256 1688
1197 667
391 1251
1411 514
319 113
832 1084
1566 1006
1585 320
496 530
1450 26
1297 1491
1449 670
760 460
1770 366
1784 707
1164 1730
1640 1343
1143 1531
736 825
523 1398
1409 1680
1580 1124
778 1126
1178 99
514 383
1694 6
429 583
378 1582
1783 497
248 736
591 1510
9 70
1121 25
273 197
218 158
1686 89
817 1785
602 364
768 734
73 1633
345 988
1326 910
121 463
490 837
1062 1186
1272 1408
300 186
1557 451
1626 546
1394 1669
1387 882
1744 37
540 1208
1035 44
1776 319
173 1192
568 1342
771 854
510 994
268 1048
728 927
1396 315
1193 1009
387 867
3 679
1779 1322
1085 1373
762 1096
148 294
591 1126
661 785
1190 332
359 111
279 118
160 701
889 318
1192 484
1063 1426
962 913
452 1668
1470 1651
60 896
210 580
1524 1579
663 1225
811 1379
1381 149
1540 304
1363 38
1454 1318
94 537
86 582
1069 1685
1444 526
585 1405
1471 943
648 356
1398 1319
1238 1038
22 861
801 1404
131 698
1170 1428
562 1084
1294 884
298 811
988 839
571 119
610 7
1134 362
397 1207
1262 915
1511 1024
818 1400
1064 900
1416 1683
646 1142
1354 1424
684 1659
1368 1182
920 1515
1498 1613
1269 1371
411 1335
678 131
198 1041
1681 1168
92 363
606 826
1150 1714
204 1242
898 1145
772 966
1071 1751
625 1576
1400 1035
125 112
731 1066
442 1392
993 543
468 1783
711 1733
768 1683
1427 604
894 1295
806 1317
1482 1726
434 888
686 1639
1318 1710
1355 240
1267 1495
257 1427
385 478
1053 1773
216 1647
580 11
1591 1756
1266 797
914 1399
34 211
333 1030
785 1555
88 1561
1093 286
35 933
1362 889
846 1533
1401 1678
351 285
1732 810
1072 581
927 1489
25 457
536 160
145 371
62 217
1707 1106
685 1701
1421 1163
1435 1371
149 10
790 1070
895 14
1709 1126
905 1049
779 859
427 1206
1020 17
95 1429
796 1073
737 470
400 123
124 1466
1044 281
583 1627
1452 1705
1672 1771
1641 1445
851 780
1693 613
1375 823
232 1727
1252 1193
846 1048
374 1032
192 1271
1557 442
274 187
1233 1289
934 62
1412 202
647 1575
2 1150
394 422
370 1124
109 1390
253 562
1344 748
615 691
721 831
655 960
278 925
1218 1568
368 541
334 326
1512 527
910 430
280 992
231 1148
502 26
1316 323
538 452
1294 1387
600 792
1621 712
282 682
317 832
794 764
1428 1143
572 496
526 30
1643 615
1189 1396
829 1789
1672 932
1168 853
291 412
1212 405
1622 771
1569 1615
1014 1552
1517 1353
592 493
466 125
480 1456
1760 1614
399 895
1127 254
1687 956
182 1351
1276 1414
1611 1723
886 944
906 1341
960 345
792 93
1405 1104
1361 735
1067 1743
673 709
1438 973
1290 1103
1587 448
1406 1403
1340 820
225 1000
744 268
20 1240
935 610
1681 1404
18 1522
1237 617
220 974
654 1286
1231 1276
1614 1017
1371 179
18 1567
262 406
1376 803
1448 424
631 402
758 1237
348 1699
133 329
1025 1442
377 261
658 227
1622 1616
120 627
700 1011
669 1576
565 277
913 451
797 1096
1357 635
197 351
1691 1190
421 723
697 1045
481 1708
1023 1151
1455 1780
1207 1461
1322 1421
741 939
412 465
1037 47
1061 136
1029 877
1795 727
1203 1087
311 949
1038 976
524 1130
477 708
833 557
153 1473
722 1711
61 1586
1755 900
419 170
1242 1425
722 246
916 204
589 824
1250 1359
1697 1488
1731 1451
1725 1612
1485 1717
26 1464
371 110
850 1696
879 638
999 58
1161 964
37 248
433 1290
699 73
52 1330
376 716
582 423
1584 241
1041 767
158 1719
1364 699
1720 1241
1363 1554
1271 1169
388 608
1410 838
353 1735
1462 1457
1251 1590
1478 302
79 607
1413 1327
292 419
1018 325
1575 1560
827 76
1293 1603
265 751
646 252
1501 1199
1052 427
1424 1376
66 429
518 1209
1119 1546
1298 1770
126 56
1522 651
642 1617
1068 1243
1456 387
1729 601
1789 454
57 1453
718 936
823 95
1005 745
1488 1296
652 1450
177 109
845 812
595 1799
1325 742
247 690
338 120
622 984
366 358
99 218
1027 1020
1487 705
201 1154
1442 213
1183 645
1752 1139
200 1361
146 1063
27 254
497 668
1529 67
1658 836
1154 283
207 1333
1415 921
859 1513
646 1085
1541 720
240 1796
226 87
45 313
473 1602
115 1277
1222 280
1598 1119
871 1584
1273 789
670 1328
56 540
1227 1005
590 639
792 1532
820 1454
1506 908
776 1299
956 1034
635 770
1244 848
166 1599
1429 1673
236 232
139 1100
971 1325
226 533
1514 441
164 517
1681 1183
1463 816
864 251
662 600
553 1223
62 697
560 1506
701 1605
1215 309
723 671
1445 1589
581 1575
973 1511
1493 755
501 657
954 1160
1287 60
1289 1417
933 1372
1345 1557
305 1460
880 1340
517 1418
885 1772
355 271
1208 1411
260 235
1094 27
1555 1279
636 533
979 555
848 31
1599 662
810 303
1310 1475
1547 300
522 603
1306 1137
202 200
1266 1331
972 1210
328 588
876 1676
1216 1739
1733 866
1391 295
189 1389
1502 744
1303 950
1682 1569
618 619
1036 966
1332 883
995 1443
1213 1745
1255 472
347 333
1510 729
1480 814
416 700
1353 916
432 524
1515 935
1301 408
1632 354
869 1383
949 1562
1469 987
110 837
705 1675
675 1397
285 1029
1634 1138
745 1132
1317 1775
815 1677
1383 511
489 343
1791 609
687 1606
83 1320
1320 1219
1542 1492
483 1262
19 653
603 1250
1749 1292
720 573
1775 1312
290 92
667 140
1058 426
676 1382
269 1117
163 1018
53 1797
977 738
1432 732
638 1283
191 952
1335 1715
1736 1718
1378 1305
633 1321
1223 1173
939 1494
554 157
289 1519
981 1037
1268 121
1641 273
552 1133
1183 466
482 507
808 1426
1377 82
433 1052
819 201
616 1444
890 1551
1350 981
1666 516
302 440
1714 169
1750 485
154 1294
471 1375
6 741
915 1467
425 156
1234 1544
259 1787
724 593
313 937
991 1468
968 404
990 225
1558 673
340 1460
1605 625
857 661
555 1321
1566 711
1371 1591
284 813
329 1387
933 1282
170 98
887 605
531 790
1022 515
1188 293
72 1264
1358 1422
1623 1354
530 1778
1613 938
1457 948
211 1501
1145 604
1395 1259
1453 633
539 458
180 1769
362 1270
601 668
1705 547
1195 1713
1386 525
601 1713
928 739
953 596
644 1142
1135 184
897 800
82 346
599 245
1548 155
1734 1358
1055 621
1552 409
945 64
649 713
593 152
1007 486
287 1522
756 1016
1259 267
966 370
1476 1269
633 33
911 124
448 983
293 167
1426 991
1360 629
636 1615
1090 1512
450 648
359 1246
297 520
1578 1593
313 94
1404 776
688 1050
1639 43
438 39
1649 1616
1198 616
1092 1497
1768 1624
392 1436
1356 1099
1528 1537
1352 695
239 150
558 1239
926 1540
643 1244
752 133
324 724
195 1090
1606 902
1459 1421
1494 151
1288 1763
10 101
224 1112
244 105
91 48
750 1113
996 1768
1434 273
67 74
932 1520
185 129
1408 172
1430 1679
1 104
1275 865
277 1595
498 1720
1797 1646
1676 128
258 924
719 250
837 815
1538 955
1089 1021
1091 942
1022 164
777 349
1758 216
767 419
321 1564
1695 1759
986 219
1669 803
1096 1794
383 1644
1439 1314
1586 928
1546 327
1232 439
868 782
1283 1228
824 1610
1312 20
1396 196
42 1228
405 660
1747 1115
765 134
176 986
219 1315
653 1490
81 1365
709 1194
828 711
974 274
621 1394
8 1300
1009 1109
520 676
1778 769
1492 1406
1196 132
942 1013
1589 564
847 1195
103 946
1230 1054
54 1476
969 749
1374 1380
1373 290
878 450
929 1788
1162 796
763 208
690 474
1109 1068
453 177
1459 191
1610 1178
294 1118
326 1566
1107 1203
1167 1606
1648 1402
329 1061
1079 1778
461 1784
450 1508
1592 978
710 1791
1484 1545
111 1309
1137 1215
161 1272
1269 1722
215 591
27 501
1712 143
1288 674
1636 397
545 722
541 999
551 1344
162 763
1588 770
1669 1502
1609 477
1099 1754
1136 436
1241 1619
705 1637
1497 518
511 1075
1279 279
1690 689
776 289
1295 624
343 569
853 872
393 1665
902 914
1508 494
1263 1060
748 843
55 1550
579 907
436 775
754 920
430 78
1645 413
899 1601
307 967
535 672
1748 1598
757 1595
354 1481
7 544
862 40
115 226
449 1094
1561 1747
734 431
743 1059
1082 869
970 1296
1172 703
628 288
1039 1307
363 630
1179 1686
50 1336
1217 481
733 40
534 1165
1051 778
1680 71
679 1572
708 586
199 1504
716 453
1580 783
472 572
998 1181
1133 194
1338 1161
75 265
1577 1381
1703 773
1566 554
466 1073
1261 1105
1627 911
159 84
693 1548
47 779
132 940
1570 788
1536 1410
1010 445
97 590
344 784
874 975
952 611
863 781
152 282
650 663
140 1026
341 34
1139 1263
1637 23
924 1554
1745 443
641 33
5 599
87 626
1359 187
1236 1432
323 1184
1300 299
1124 1653
1767 145
183 428
364 1131
948 602
165 260
19 921
637 860
458 1237
239 1191
1500 733
931 1147
395 1205
1065 1064
1738 642
470 1580
51 53
951 1753
1539 985
849 1216
704 1649
764 1274
78 1642
493 1022
984 768
1181 1525
1756 1781
96 1111
1360 47
812 393
104 205
805 646
1111 19
1607 1224
503 335
336 1697
755 306
1721 931
1798 267
1105 1233
427 199
1441 545
1115 464
1630 640
1049 1625
70 1287
630 1760
742 449
1228 845
1662 1187
1031 1374
1236 900
1647 873
384 1306
1474 394
1187 857
1180 654
360 469
1169 565
839 584
1652 410
1209 1585
1496 1082
30 862
1761 1541
937 1227
1075 1774
747 97
1163 968
1016 331
1367 1621
1095 1763
1258 1091
1535 1101
1219 1761
270 1074
1588 1691
714 1539
349 1258
681 411
488 1462
907 1177
1088 1674
550 522
917 1316
1337 16
1245 255
1684 901
787 523
683 138
786 855
1249 1695
455 86
967 310
1683 1167
404 1648
1167 1217
1185 146
130 1740
13 871
617 1045
456 433
943 757
733 1652
134 1279
142 827
114 1766
1177 384
1259 898
537 1127
413 1407
574 1166
1473 203
1544 647
1741 376
1700 521
1323 1347
31 1334
617 977
1210 237
1059 1724
1699 1162
1202 175
930 1628
1000 1762
795 8
298 580
1727 762
1148 760
385 1199
1347 276
1519 1047
373 830
997 906
694 1744
1056 1028
454 211
1138 206
119 1554
140 1333
469 1226
1571 606
365 834
268 338
783 535
80 28
1012 1083
14 499
1619 1055
487 1368
1692 1529
1572 1737
607 746
1008 1293
1631 49
908 989
692 362
1116 1245
1209 252
1431 1019
1165 165
168 1657
840 1448
167 41
1048 1692
1625 312
128 875
944 1449
116 492
1331 566
122 54
767 908
1339 1656
978 257
346 849
460 531
1757 791
547 1641
1195 57
491 878
513 114
1664 1600
178 884
789 330
172 563
793 1174
1567 1452
512 1634
1237 185
1351 347
428 298
1554 717
759 1746
1657 893
1305 141
194 414
147 585
352 144
703 182
151 926
249 379
1751 147
1336 334
1372 1290
1543 462
380 1155
228 305
1311 1337
301 1040
1186 1495
1708 1499
1451 1622
1384 65
1608 693
546 1696
1706 1015
1530 1176
1480 148
682 1439
1775 1754
1540 1074
398 215
143 399
1467 150
612 100
957 1393
639 117
533 559
1042 404
256 495
691 1185
1743 32
767 1080
1435 1779
1650 1014
1698 355
1516 446
921 774
976 1298
410 231
746 1012
1446 1667
1612 1323
1663 1345
409 840
1465 1065
1013 583
1349 1200
1312 1216
1128 1056
1402 1478
640 1282
1579 1348
38 575
1144 1698
696 344
715 1140
773 756
1130 879
1773 868
1477 1532
1755 1514
322 549
903 1179
1147 1594
1220 824
1397 1057
960 366
1011 1331
1581 806
1746 1332
1243 594
1007 1173
248 1349
1080 266
888 275
516 188
1418 503
467 1255
1257 904
283 42
1774 1134
532 1196
698 63
190 892
1229 1262
1433 80
1066 571
1425 1364
1763 1268
1248 218
265 1286
1460 1553
186 482
43 863
712 455
129 212
1150 322
1284 1681
1545 1385
1571 1657
680 1247
738 959
274 998
1436 488
1702 1729
157 1507
1146 437
548 750
1525 81
1017 1363
768 232
12 506
1503 819
672 680
1076 923
93 1700
1753 550
1379 905
1047 1086
1370 222
1754 1578
331 538
521 1413
1466 1638
49 490
108 272
1723 740
1324 777
850 456
1443 1596
1151 945
1486 718
1713 46
336 1182
1629 1472
587 368
1595 1154
250 126
1120 59
798 761
780 870
1057 314
1594 1275
1596 214
1036 1517
368 814
656 1006
1342 372
1296 1218
494 311
542 1563
1710 1102
1403 753
299 993
1123 1684
1101 1248
308 1137
1365 576
1491 1123
1046 532
1427 357
740 337
1239 850
264 1604
456 222
1024 567
1030 1742
441 88
1597 1076
781 1437
992 754
306 525
964 686
735 1528
304 180
474 787
499 758
1019 1642
1106 2
726 407
1615 1180
208 346
136 284
695 730
89 612
305 90
865 442
181 1388
870 297
1149 747
1299 181
842 1238
1160 1158
1026 389
1070 558
1003 711
1118 1326
99 835
838 242
1505 390
98 1635
418 922
1668 1153
68 1211
508 885
556 644
382 1523
816 229
985 83
1559 766
106 1266
245 3
1797 971
320 1386
677 1352
1735 1033
1769 570
1211 1136
476 1391
1260 951
1440 164
1019 66
1660 107
1083 396
1343 256
48 377
1526 1559
892 102
1240 24
463 1438
1437 615
1473 1008
1531 552
851 1664
440 1355
252 685
1644 1157
589 1486
203 137
380 1289
1453 966
1389 656
1392 139
570 1156
825 1249
669 560
632 292
339 29
1229 503
1556 1260
936 714
1125 842
414 704
74 1311
1509 1097
238 476
814 1630
63 498
331 259
401 1574
729 350
1742 1202
76 628
1568 1518
1450 385
23 1356
1730 1632
110 1629
528 971
426 467
1788 379
949 1783
1728 1144
144 1278
575 386
1034 45
1533 930
1472 236
856 375
315 979
16 471
1495 726
312 392
1042 817
1129 382
465 1120
947 1534
24 995
970 1484
439 1416
402 886
1475 395
526 307
808 996
633 324
1309 818
1490 665
912 36
475 1728
65 1463
664 598
946 684
861 1684
802 1273
896 1175
457 304
201 1658
559 6
150 876
495 1707
1616 178
358 1048
626 1420
1790 421
928 833
1709 1378
1704 77
711 508
29 687
627 1164
1045 193
1226 1439
275 339
1247 1620
221 1689
1420 1483
725 1252
196 1338
1204 1573
1341 919
1667 91
989 1459
932 1592
1564 1592
717 224
484 264
389 715
1032 447
1078 1609
901 1125
1294 1378
68 70
1103 1025
229 106
803 401
768 1308
924 1172
123 321
1274 1313
872 1414
205 1384
774 734
629 858
424 1171
1407 1053
33 473
492 577
841 1159
85 929
813 13
1422 655
909 1597
230 595
135 1654
1003 614
112 1122
1391 554
566 1329
965 688
266 434
689 270
739 636
437 1141
529 483
831 1607
847 462
337 316
1739 828
1175 1324
877 841
1191 739
342 821
1717 1549
753 1201
1182 315
403 223
657 1474
1386 5
1785 795
379 683
1782 561
1675 1690
563 1536
611 1527
766 51
1253 1671
101 1236
137 244
146 420
584 122
882 1253
308 1401
922 1716
751 61
1330 1704
1638 618
923 230
730 1285
1718 809
155 173
1087 26
1277 1660
396 1031
1002 1662
1171 1304
502 1089
1635 1303
1117 519
15 708
515 1072
171 847
565 1321
1131 1524
36 348
1762 103
1206 417
1590 1530
1643 381
1499 822
875 538
446 990
100 1750
184 1116
1205 954
586 416
372 1412
212 52
1553 702
1537 737
454 322
44 1095
1158 209
234 1288
623 1711
1423 1441
671 85
1777 1003
1565 731
260 285
770 696
1278 466
761 1771
1291 890
836 1509
780 50
1285 891
1166 380
504 1287
1593 1366
4 735
525 1470
447 1377
1719 1349
327 210
492 671
1348 1069
227 1556
1722 1170
1110 926
1573 247
1642 12
1665 327
1006 269
668 953
39 1212
1186 634
1576 1666
1685 852
462 1146
1781 1093
406 1469
1334 1121
1246 1543
330 461
59 1128
1724 870
485 1793
702 941
1447 1010
420 1078
682 317
1646 799
1319 1636
209 804
1670 1511
272 239
1097 342
519 1755
118 1538
543 233
1381 573
350 374
1678 1088
318 238
775 1346
332 1498
1737 692
1624 622
4 1623
674 534
1780 1152
1786 1214
1661 198
1523 1776
1532 1618
1656 415
1534 108
983 880
619 1081
893 1297
1419 1079
1771 1571
804 553
1074 1558
281 391
1659 1487
429 148
855 846
1108 1092
386 438
782 4
431 529
1126 1027
478 669
614 243
156 1706
799 1669
859 138
21 398
1483 163
316 864
1102 972
1292 1204
1796 1655
940 1232
1114 1261
843 1
1199 1465
1077 1485
1281 258
263 659
1520 480
217 721
325 183
1458 1505
1043 228
958 1231
175 1135
242 437
193 542
1176 1004
255 253
1385 1645
243 794
1280 694
1772 195
1270 1542
435 1002
42 35
384 1151
1670 1777
1521 352
1307 1752
309 963
994 1757
598 289
799 1435
1635 1537
588 706
1507 1198
0 1042
1156 1350
860 903
713 1734
375 808
788 69
797 1188
822 1360
982 641
834 1672
1191 1007
174 980
1628 1782
381 719
335 556
1200 759
390 171
71 643
665 1503
1054 917
1073 360
365 1109
1001 1230
1673 1267
1601 1044
1308 340
444 1077
609 1702
1254 1433
337 640
1548 365
634 1301
1461 752
1060 1694
1726 1611
1694 1798
46 361
479 1479
1155 631
295 1547
277 793
1551 1758
1468 475
1560 444
423 435
288 1235
717 1521
77 1455
830 1591
884 1570
213 829
40 1588
127 664
1264 468
561 296
1033 652
1603 1213
564 9
371 725
1715 961
1165 1047
821 1608
1017 168
500 1687
1304 168
1153 189
1618 328
1696 162
950 1357
233 1661
913 587
417 710
573 851
1282 1229
569 1071
1382 174
1315 528
1132 1725
596 1107
1711 1419
1759 1046
980 1467
1620 425
1701 909
989 588
1688 308
214 502
1563 568
1583 597
1224 252
1246 1262
961 1440
408 166
69 856
1422 1635
17 341
117 1067
1235 29
989 857
908 195
90 551
477 367
1265 1302
70 648
271 388
1655 263
904 666
28 505
1489 548
306 1371
1140 805
567 418
1328 1197
1785 1547
943 1763
1393 130
1221 301
1100 1023
1765 1062
58 807
102 1526
1104 1703
276 1430
1504 1786
858 579
645 1036
1225 153
361 801
835 592
1314 512
854 899
251 539
1173 159
64 982
877 1101
1194 918
955 969
1740 1583
222 1733
1201 1535
826 459
113 278
1015 1370
1112 957
457 1736
659 176
261 681
1141 1254
749 1675
809 68
918 934
1653 1008
1549 1369
1399 1423
861 1284
1604 881
107 1721
1280 656
188 432
1574 127
647 1712
1021 578
246 743
1555 1168
407 1221
938 491
941 1256
105 1709
800 190
706 1670
1464 509
1689 765
527 802
1674 1500
303 1110
1004 677
1159 116
1050 1446
1113 1748
707 1234
852 1265
506 739
1562 1367
891 1581
1286 1447
1146 1496
501 1095
1380 154
980 94
1513 1626
987 786
1086 620
141 1280
1329 1792
1788 912
41 1643
1600 1098
1142 72
978 1206
415 234
1313 1129
71 152
1481 1108
1321 1795
851 497
1518 1063
369 887
1084 1480
666 1434
881 958
971 437
179 1281
84 1631
1411 400
959 798
608 1565
900 287
458 962
1098 1277
237 217
1496 546
1366 649
