900 1807
0 68
0 186
0 287
0 736
0 899
1 50
1 374
1 787
1 899
2 247
2 899
3 225
3 677
3 751
3 899
4 899
5 679
5 899
6 259
6 565
6 899
7 613
7 899
8 899
9 596
9 782
9 899
10 193
10 646
10 899
11 88
11 425
11 602
11 899
12 416
12 899
13 899
14 541
14 899
15 899
16 122
16 584
16 645
16 899
17 267
17 502
17 899
18 874
18 899
19 639
19 899
20 92
20 125
20 899
21 12
21 897
21 899
22 155
22 899
23 899
24 78
24 343
24 899
25 648
25 899
26 899
27 899
28 558
28 899
29 899
30 636
30 890
30 899
31 419
31 672
31 833
31 899
32 119
32 603
32 899
33 244
33 475
33 721
33 899
34 223
34 899
35 277
35 411
35 670
35 899
36 899
37 421
37 899
38 5
38 899
39 899
40 545
40 830
40 899
41 899
42 899
43 629
43 899
44 899
45 389
45 899
46 129
46 446
46 708
46 775
46 899
47 319
47 618
47 635
47 899
48 249
48 269
48 337
48 788
48 899
49 827
49 899
50 753
50 899
51 169
51 899
52 899
53 899
54 626
54 899
55 588
55 610
55 899
56 479
56 899
57 899
58 624
58 737
58 899
59 899
60 574
60 729
60 899
61 512
61 899
62 899
63 554
63 899
64 797
64 899
65 899
66 899
67 899
68 899
69 899
70 75
70 514
70 899
71 67
71 253
71 899
72 899
73 345
73 671
73 707
73 899
74 180
74 899
75 45
75 286
75 292
75 899
76 317
76 462
76 531
76 899
77 899
78 899
79 899
80 899
81 895
81 899
82 350
82 899
83 418
83 899
84 899
85 899
86 899
87 173
87 899
88 899
89 795
89 899
90 48
90 183
90 899
91 899
92 899
93 77
93 488
93 899
94 899
95 59
95 899
96 899
97 491
97 842
97 899
98 899
99 591
99 899
100 685
100 686
100 899
101 42
101 571
101 899
102 899
103 719
103 899
104 710
104 738
104 899
105 899
106 305
106 798
106 899
107 899
108 330
108 899
109 899
110 899
111 899
112 817
112 899
113 323
113 538
113 600
113 744
113 899
114 899
115 82
115 625
115 713
115 899
116 54
116 899
117 17
117 899
118 499
118 899
119 314
119 899
120 20
120 264
120 825
120 899
121 899
122 899
123 16
123 124
123 652
123 899
124 899
125 353
125 899
126 513
126 836
126 899
127 701
127 899
128 899
129 899
130 228
130 726
130 803
130 899
131 899
132 327
132 899
133 834
133 899
134 899
135 57
135 197
135 899
136 191
136 260
136 294
136 771
136 899
137 604
137 899
138 741
138 899
139 34
139 899
140 150
140 899
141 86
141 899
142 215
142 899
143 207
143 589
143 899
144 881
144 899
145 899
146 899
147 599
147 899
148 313
148 899
149 899
150 484
150 899
151 899
152 210
152 899
153 174
153 899
154 899
155 843
155 899
156 251
156 899
157 899
158 370
158 853
158 899
159 256
159 899
160 899
161 899
162 899
163 483
163 630
163 899
164 621
164 643
164 899
165 151
165 899
166 899
167 899
168 899
169 271
169 570
169 856
169 899
170 899
171 339
171 899
172 899
173 899
174 899
175 233
175 235
175 889
175 899
176 130
176 680
176 766
176 899
177 394
177 899
178 899
179 668
179 899
180 899
181 136
181 537
181 896
181 899
182 899
183 899
184 118
184 899
185 73
185 899
186 887
186 899
187 572
187 899
188 243
188 899
189 899
190 899
191 899
192 749
192 899
193 899
194 69
194 899
195 522
195 606
195 899
196 556
196 899
197 290
197 899
198 172
198 899
199 23
199 899
200 494
200 885
200 899
201 899
202 899
203 376
203 899
204 135
204 315
204 899
205 637
205 824
205 899
206 899
207 547
207 899
208 356
208 899
209 480
209 503
209 569
209 899
210 760
210 899
211 517
211 899
212 717
212 899
213 587
213 716
213 899
214 728
214 899
215 310
215 899
216 831
216 899
217 181
217 311
217 899
218 899
219 899
220 899
221 404
221 682
221 875
221 899
222 899
223 18
223 344
223 445
223 466
223 899
224 245
224 899
225 372
225 640
225 899
226 805
226 899
227 769
227 899
228 899
229 667
229 899
230 31
230 899
231 899
232 899
233 899
234 90
234 899
235 899
236 899
237 899
238 899
239 8
239 47
239 845
239 899
240 141
240 348
240 474
240 899
241 899
242 899
243 312
243 899
244 899
245 84
245 281
245 899
246 899
247 108
247 131
247 899
248 307
248 714
248 899
249 72
249 258
249 395
249 899
250 899
251 857
251 878
251 899
252 1
252 899
253 743
253 899
254 184
254 899
255 848
255 899
256 899
257 899
258 899
259 899
260 899
261 899
262 809
262 899
263 176
263 899
264 170
264 740
264 899
265 489
265 899
266 706
266 899
267 899
268 488
268 899
269 230
269 899
270 899
271 96
271 132
271 899
272 899
273 83
273 663
273 899
274 899
275 899
276 899
277 899
278 450
278 899
279 899
280 58
280 899
281 447
281 486
281 578
281 899
282 266
282 837
282 851
282 899
283 882
283 899
284 899
285 661
285 899
286 149
286 302
286 899
287 899
288 126
288 868
288 899
289 28
289 899
290 335
290 899
291 684
291 899
292 508
292 899
293 899
294 899
295 142
295 159
295 426
295 899
296 190
296 581
296 899
297 757
297 899
298 790
298 838
298 899
299 867
299 899
300 177
300 759
300 899
301 498
301 899
302 560
302 899
303 178
303 899
304 899
305 273
305 341
305 899
306 160
306 899
307 110
307 899
308 51
308 359
308 899
309 15
309 39
309 324
309 899
310 288
310 301
310 899
311 899
312 306
312 899
313 553
313 899
314 651
314 899
315 573
315 822
315 899
316 148
316 899
317 709
317 899
318 213
318 899
319 279
319 899
320 93
320 899
321 899
322 899
323 608
323 899
324 647
324 899
325 333
325 899
326 165
326 899
327 816
327 899
328 316
328 899
329 899
330 7
330 899
331 138
331 899
332 899
333 899
334 899
335 899
336 362
336 899
337 428
337 899
338 899
339 899
340 289
340 899
341 201
341 214
341 899
342 899
343 232
343 649
343 899
344 899
345 899
346 899
347 444
347 899
348 858
348 899
349 899
350 555
350 899
351 899
352 441
352 899
353 899
354 899
355 711
355 899
356 899
357 168
357 801
357 899
358 899
359 665
359 899
360 899
361 577
361 899
362 899
363 291
363 550
363 859
363 899
364 490
364 899
365 452
365 899
366 3
366 899
367 840
367 899
368 536
368 607
368 899
369 654
369 899
370 899
371 52
371 869
371 899
372 899
373 229
373 430
373 899
374 331
374 518
374 899
375 158
375 899
376 899
377 274
377 434
377 712
377 899
378 899
379 226
379 899
380 221
380 583
380 617
380 899
381 559
381 899
382 899
383 255
383 431
383 841
383 899
384 361
384 899
385 64
385 127
385 899
386 899
387 424
387 899
388 85
388 375
388 526
388 899
389 899
390 614
390 899
391 821
391 899
392 525
392 899
393 899
394 240
394 322
394 849
394 899
395 899
396 303
396 899
397 56
397 107
397 402
397 768
397 899
398 899
399 128
399 134
399 811
399 886
399 899
400 704
400 899
401 329
401 899
402 442
402 899
403 877
403 899
404 899
405 265
405 899
406 219
406 405
406 899
407 865
407 899
408 899
409 899
410 597
410 899
411 781
411 899
412 899
413 844
413 899
414 899
415 899
416 899
417 505
417 899
418 899
419 504
419 899
420 354
420 899
421 224
421 590
421 819
421 899
422 899
423 899
424 116
424 217
424 899
425 582
425 712
425 847
425 899
426 810
426 899
427 282
427 313
427 417
427 899
428 198
428 204
428 754
428 899
429 899
430 899
431 899
432 899
433 231
433 300
433 683
433 899
434 690
434 899
435 41
435 697
435 899
436 74
436 544
436 770
436 899
437 261
437 899
438 409
438 899
439 237
439 772
439 899
440 899
441 899
442 121
442 899
443 899
444 750
444 899
445 735
445 899
446 644
446 871
446 899
447 899
448 899
449 899
450 293
450 899
451 123
451 340
451 899
452 899
453 696
453 899
454 899
455 796
455 899
456 899
457 11
457 200
457 633
457 899
458 720
458 899
459 899
460 196
460 899
461 497
461 899
462 262
462 899
463 662
463 899
464 352
464 899
465 114
465 619
465 691
465 899
466 97
466 899
467 899
468 899
469 107
469 899
470 76
470 325
470 899
471 899
472 642
472 676
472 899
473 699
473 899
474 540
474 789
474 899
475 899
476 899
477 899
478 899
479 764
479 899
480 899
481 144
481 460
481 678
481 899
482 472
482 899
483 899
484 899
485 318
485 892
485 899
486 326
486 334
486 397
486 723
486 899
487 242
487 321
487 899
488 899
489 899
490 380
490 899
491 899
492 899
493 146
493 399
493 899
494 546
494 899
495 481
495 694
495 899
496 864
496 899
497 899
498 205
498 227
498 899
499 899
500 828
500 899
501 899
502 539
502 899
503 899
504 715
504 899
505 899
506 62
506 873
506 899
507 641
507 802
507 899
508 377
508 899
509 175
509 899
510 899
511 38
511 482
511 899
512 392
512 899
513 899
514 899
515 899
516 280
516 703
516 899
517 899
518 467
518 899
519 899
520 80
520 187
520 899
521 457
521 899
522 464
522 506
522 899
523 171
523 543
523 891
523 899
524 342
524 899
525 575
525 899
526 879
526 899
527 812
527 899
528 899
529 631
529 899
530 585
530 899
531 899
532 748
532 899
533 850
533 899
534 592
534 899
535 722
535 758
535 899
536 658
536 899
537 369
537 620
537 899
538 899
539 443
539 899
540 476
540 899
541 888
541 899
542 147
542 899
543 469
543 899
544 586
544 899
545 410
545 899
546 673
546 899
547 209
547 391
547 814
547 899
548 36
548 145
548 899
549 899
550 899
551 284
551 365
551 653
551 899
552 101
552 826
552 899
553 687
553 746
553 899
554 551
554 899
555 25
555 899
556 899
557 695
557 899
558 162
558 199
558 218
558 285
558 470
558 899
559 899
560 899
561 154
561 899
562 615
562 899
563 415
563 899
564 794
564 899
565 899
566 784
566 899
567 899
568 899
569 429
569 454
569 899
570 899
571 278
571 360
571 507
571 549
571 899
572 161
572 899
573 899
574 786
574 899
575 44
575 164
575 899
576 899
577 899
578 102
578 899
579 899
580 61
580 105
580 439
580 899
581 423
581 774
581 899
582 899
583 548
583 593
583 899
584 515
584 899
585 899
586 674
586 791
586 899
587 899
588 628
588 899
589 528
589 899
590 167
590 899
591 386
591 725
591 899
592 516
592 660
592 899
593 104
593 800
593 823
593 899
594 899
595 40
595 899
596 459
596 899
597 688
597 899
598 427
598 437
598 664
598 899
599 669
599 899
600 866
600 899
601 899
602 296
602 378
602 433
602 861
602 899
603 899
604 172
604 899
605 899
606 334
606 899
607 542
607 899
608 71
608 468
608 899
609 899
610 509
610 899
611 189
611 211
611 899
612 899
613 899
614 4
614 248
614 478
614 485
614 899
615 899
616 373
616 598
616 899
617 899
618 899
619 195
619 349
619 899
620 899
621 566
621 899
622 152
622 332
622 899
623 899
624 276
624 899
625 304
625 401
625 899
626 778
626 899
627 272
627 899
628 899
629 899
630 523
630 724
630 762
630 899
631 899
632 899
633 53
633 576
633 899
634 899
635 296
635 899
636 899
637 899
638 79
638 899
639 355
639 413
639 438
639 534
639 899
640 449
640 899
641 899
642 436
642 899
643 568
643 899
644 120
644 899
645 368
645 899
646 448
646 594
646 609
646 899
647 320
647 899
648 137
648 780
648 855
648 899
649 899
650 899
651 9
651 899
652 899
653 252
653 471
653 899
654 899
655 308
655 899
656 212
656 899
657 299
657 521
657 899
658 899
659 899
660 899
661 283
661 346
661 899
662 623
662 899
663 406
663 899
664 899
665 899
666 495
666 899
667 100
667 863
667 899
668 899
669 254
669 371
669 829
669 899
670 899
671 367
671 705
671 739
671 899
672 115
672 638
672 899
673 493
673 718
673 899
674 35
674 899
675 616
675 899
676 364
676 899
677 899
678 742
678 899
679 899
680 24
680 91
680 179
680 564
680 899
681 387
681 899
682 899
683 357
683 611
683 899
684 511
684 835
684 899
685 899
686 777
686 899
687 257
687 492
687 562
687 899
688 899
689 89
689 899
690 477
690 899
691 813
691 899
692 185
692 733
692 899
693 899
694 872
694 899
695 899
696 194
696 899
697 899
698 297
698 899
699 49
699 899
700 236
700 899
701 899
702 336
702 862
702 899
703 899
704 188
704 899
705 463
705 655
705 899
706 899
707 899
708 899
709 899
710 899
711 440
711 700
711 899
712 899
713 899
714 133
714 363
714 563
714 899
715 899
716 899
717 46
717 776
717 883
717 899
718 81
718 792
718 899
719 899
720 561
720 899
721 899
722 899
723 650
723 899
724 385
724 745
724 899
725 382
725 852
725 899
726 112
726 157
726 393
726 899
727 13
727 899
728 407
728 666
728 899
729 846
729 899
730 627
730 665
730 893
730 899
731 109
731 899
732 899
733 143
733 899
734 899
735 876
735 899
736 328
736 899
737 461
737 535
737 727
737 899
738 899
739 870
739 899
740 473
740 899
741 529
741 860
741 899
742 400
742 899
743 899
744 202
744 807
744 899
745 899
746 580
746 605
746 899
747 899
748 899
749 358
749 899
750 384
750 899
751 351
751 899
752 656
752 692
752 765
752 899
753 501
753 899
754 103
754 899
755 899
756 899
757 347
757 899
758 899
759 246
759 520
759 899
760 156
760 899
761 275
761 899
762 894
762 899
763 533
763 783
763 899
764 693
764 779
764 899
765 899
766 381
766 899
767 899
768 117
768 732
768 808
768 899
769 763
769 899
770 899
771 899
772 398
772 899
773 675
773 899
774 634
774 899
775 55
775 220
775 899
776 500
776 601
776 899
777 899
778 899
779 238
779 432
779 510
779 552
779 899
780 681
780 899
781 21
781 465
781 899
782 899
783 43
783 899
784 567
784 899
785 403
785 899
786 793
786 899
787 899
788 755
788 899
789 487
789 899
790 250
790 366
790 388
790 453
790 899
791 113
791 899
792 14
792 106
792 899
793 632
793 899
794 899
795 899
796 899
797 182
797 899
798 27
798 899
799 557
799 899
800 379
800 899
801 414
801 731
801 899
802 451
802 899
803 815
803 899
804 899
805 65
805 832
805 899
806 730
806 899
807 532
807 899
808 899
809 657
809 899
810 734
810 899
811 899
812 899
813 140
813 899
814 899
815 899
816 899
817 899
818 899
819 153
819 899
820 111
820 899
821 37
821 435
821 527
821 659
821 899
822 899
823 899
824 208
824 899
825 899
826 519
826 899
827 899
828 899
829 899
830 29
830 32
830 899
831 899
832 203
832 899
833 899
834 63
834 899
835 899
836 258
836 899
837 767
837 899
838 612
838 899
839 899
840 241
840 530
840 622
840 899
841 839
841 899
842 899
843 496
843 899
844 899
845 420
845 899
846 899
847 239
847 899
848 899
849 854
849 899
850 899
851 192
851 595
851 899
852 488
852 899
853 899
854 263
854 698
854 756
854 899
855 456
855 898
855 899
856 773
856 899
857 30
857 761
857 899
858 26
858 216
858 818
858 899
859 579
859 899
860 19
860 899
861 455
861 899
862 98
862 899
863 899
864 899
865 222
865 270
865 899
866 458
866 899
867 2
867 899
868 383
868 899
869 899
870 804
870 899
871 899
872 524
872 899
873 338
873 899
874 99
874 899
875 899
876 899
877 899
878 66
878 95
878 390
878 899
879 94
879 747
879 899
880 689
880 899
881 899
882 295
882 899
883 139
883 884
883 899
884 268
884 422
884 899
885 702
885 899
886 298
886 899
887 60
887 234
887 899
888 799
888 899
889 880
889 899
890 10
890 70
890 899
891 899
892 309
892 412
892 899
893 166
893 899
894 899
895 33
895 820
895 899
896 22
896 87
896 163
896 206
896 752
896 806
896 899
897 396
897 899
898 6
898 408
898 899
899 785
