999 1747
298 297
7 8
375 374
174 173
925 926
61 62
217 218
137 138
463 464
717 718
522 523
862 863
258 257
420 421
698 697
654 653
247 246
514 515
34 33
981 982
781 782
646 645
858 859
98 97
273 272
694 693
268 267
623 622
575 576
832 833
669 670
60 61
359 358
445 446
158 159
610 611
566 565
302 303
710 711
218 219
229 230
467 466
55 54
595 596
463 462
455 456
289 290
304 305
157 158
420 419
269 268
336 335
576 575
0 749
224 223
580 579
556 557
342 341
80 79
678 677
243 242
67 68
389 390
804 805
307 306
578 577
87 88
251 250
25 26
149 148
42 43
41 40
491 490
143 144
447 448
572 573
484 485
551 550
243 244
252 253
510 509
259 258
394 393
393 394
713 714
88 89
301 300
818 819
525 526
525 524
444 443
310 309
994 995
625 624
13 14
423 424
347 348
584 585
587 588
664 663
31 30
723 722
716 717
969 970
53 54
240 241
768 769
461 462
426 427
944 945
887 888
150 149
167 166
674 675
876 877
673 672
975 976
756 757
974 975
644 643
86 87
38 37
746 745
409 410
106 107
616 615
835 836
330 329
331 332
865 866
902 903
316 317
422 423
82 83
9 8
924 925
210 211
534 535
588 587
424 423
543 542
709 708
365 366
844 845
628 627
372 371
326 327
704 703
863 864
736 735
155 154
130 131
266 265
15 14
116 117
837 838
10 9
704 705
72 73
899 900
254 255
527 526
18 17
286 285
611 610
612 611
132 133
203 202
75 76
57 56
906 907
799 800
54 55
852 853
753 754
364 363
436 437
492 493
956 957
178 177
889 890
992 993
212 211
319 320
417 416
594 593
37 38
895 896
691 690
774 775
564 563
697 698
262 263
891 892
25 24
61 60
988 989
285 284
179 180
516 517
264 263
181 180
192 191
3 2
819 820
467 468
592 591
391 392
735 736
6 7
428 427
131 132
218 217
40 41
468 467
70 69
104 105
687 686
418 419
416 417
897 898
472 473
733 732
448 449
314 315
893 894
312 311
559 558
206 205
668 667
637 636
937 938
397 398
113 114
119 120
613 614
405 406
339 340
48 47
697 696
157 156
542 541
834 835
478 477
241 242
716 715
462 461
291 292
111 110
469 468
62 63
816 817
262 261
572 571
508 507
116 115
93 92
180 181
14 13
666 665
293 292
439 440
780 781
702 703
777 778
173 174
559 560
408 409
277 276
112 113
640 639
138 139
946 947
348 347
606 607
711 712
212 213
370 369
606 605
643 642
242 241
528 527
683 682
195 196
770 771
221 220
747 746
696 697
476 475
107 108
973 974
940 941
499 498
60 59
595 594
231 232
374 373
367 366
807 808
637 638
621 622
235 236
62 61
156 157
671 672
127 126
203 204
790 791
600 599
568 567
712 711
133 134
66 67
284 283
949 950
822 823
351 350
396 395
731 732
471 470
568 569
570 571
557 558
332 333
154 155
644 645
682 683
357 358
690 689
705 706
196 195
183 182
28 27
121 122
370 371
361 360
45 46
282 283
498 497
164 165
720 721
257 258
571 570
160 161
739 738
578 579
618 617
636 635
914 915
638 639
51 52
331 330
189 188
67 66
83 84
429 428
765 766
51 50
299 300
10 11
699 700
40 39
329 328
789 790
651 650
183 184
201 200
232 233
515 516
385 386
373 374
432 433
492 491
49 48
208 207
915 916
502 501
468 469
238 237
757 758
250 251
7 6
294 293
288 289
281 280
797 798
870 871
668 669
84 85
232 231
121 120
414 413
355 356
531 530
30 29
244 245
674 673
115 114
182 183
69 70
174 175
29 30
579 578
640 641
48 49
869 870
284 285
655 654
136 137
249 250
987 988
29 28
516 515
115 116
371 370
475 474
242 243
714 713
676 677
270 269
511 512
195 194
152 153
460 459
145 144
156 155
44 43
126 125
377 378
473 474
593 594
466 467
740 741
18 19
421 422
356 355
101 100
255 254
36 37
52 53
139 138
778 779
480 481
408 407
654 655
70 71
352 353
678 679
532 531
322 321
577 576
84 83
931 932
868 869
561 560
851 852
437 436
188 189
21 20
207 208
537 538
731 730
220 219
842 843
532 533
348 349
962 963
12 13
693 694
509 508
35 34
300 301
506 507
730 731
669 668
534 533
803 804
227 228
538 537
545 546
49 50
930 931
498 499
910 911
107 106
33 32
478 479
168 167
645 644
292 291
626 625
794 795
444 445
140 141
602 601
990 991
754 755
883 884
290 291
322 323
945 946
118 119
99 98
268 269
649 650
487 488
473 472
855 856
295 296
213 214
520 519
740 739
89 90
147 146
380 381
141 140
986 987
547 548
17 18
432 431
93 94
682 681
537 536
146 145
553 552
680 681
165 166
936 937
538 539
809 810
821 822
95 94
843 844
546 547
512 513
878 879
652 651
228 227
824 825
433 434
745 744
354 355
19 20
776 777
38 39
258 259
300 299
328 327
28 29
784 785
333 334
725 724
318 319
415 416
480 479
127 128
285 286
586 585
980 981
655 656
274 275
476 477
484 483
386 387
741 742
877 878
497 496
153 152
32 31
301 302
306 305
229 228
428 429
965 966
493 494
144 145
270 271
728 727
3 4
350 351
589 588
328 329
546 545
187 188
13 12
313 312
373 372
309 308
376 377
847 848
872 873
39 40
561 562
554 555
483 484
205 204
366 365
204 205
92 93
118 117
485 484
114 113
436 435
617 616
165 164
37 36
241 240
564 565
64 65
185 186
530 531
152 151
188 187
335 336
282 281
714 715
919 920
99 100
326 325
310 311
950 951
563 562
4 5
684 685
812 813
482 483
991 992
280 281
366 367
874 875
841 842
398 397
372 373
125 126
496 495
628 629
616 617
521 520
159 160
426 425
823 824
459 458
831 832
664 665
96 97
5 6
701 702
703 702
131 130
153 154
11 12
533 532
500 501
345 346
120 119
485 486
353 352
689 688
357 356
177 176
591 590
964 965
250 249
397 396
462 463
257 256
311 310
371 372
365 364
187 186
663 662
297 298
87 86
441 440
446 445
721 720
885 886
452 453
744 743
995 996
472 471
178 179
83 82
339 338
5 4
517 518
464 463
125 124
504 503
21 22
592 593
110 111
16 17
86 85
105 106
139 140
886 887
122 123
95 96
695 696
961 962
166 165
392 391
873 874
246 247
486 485
608 607
888 889
511 510
454 453
181 182
553 554
905 906
771 772
507 506
233 234
33 34
72 71
12 11
124 125
263 262
132 131
701 700
292 293
266 267
96 95
237 238
555 556
418 417
675 676
207 206
275 276
296 297
65 66
453 452
186 187
404 403
621 620
360 359
752 753
661 660
338 337
539 540
630 629
104 103
830 831
490 491
199 198
727 728
713 712
287 288
457 456
507 508
224 225
729 730
234 235
791 792
347 346
89 88
614 613
796 797
254 253
272 273
482 481
758 759
659 660
461 460
540 541
64 63
600 601
743 744
200 201
531 532
35 36
712 713
325 324
447 446
614 615
78 79
996 997
91 90
562 563
445 444
410 409
811 812
323 324
448 447
17 16
474 475
390 389
907 908
80 81
30 31
548 547
798 799
724 725
50 51
22 21
411 410
334 335
419 420
76 75
656 655
617 618
81 80
47 46
19 18
378 379
867 868
495 496
317 316
149 150
769 770
443 444
549 550
560 561
848 849
688 687
857 858
535 536
22 23
763 764
211 210
732 733
922 923
504 505
142 143
20 19
97 96
283 284
596 595
289 288
900 901
582 581
569 568
228 229
451 452
650 649
612 613
465 464
180 179
240 239
744 745
526 525
414 415
923 924
508 509
566 567
312 313
827 828
367 368
583 584
230 231
142 141
662 663
11 10
909 910
75 74
567 566
202 203
191 190
665 664
416 415
723 724
395 394
6 5
519 518
535 534
245 244
431 432
739 740
464 465
499 500
253 254
148 149
424 425
662 661
460 461
330 331
363 364
509 510
164 163
667 668
505 504
201 202
679 678
200 199
318 317
481 480
813 814
351 352
528 529
427 428
602 603
699 698
503 502
267 268
9 10
522 521
970 971
997 998
239 238
295 294
53 52
993 994
222 223
305 306
452 451
199 200
968 969
411 412
123 124
46 47
422 421
342 343
894 895
141 142
108 109
161 162
4 3
438 437
193 192
100 99
27 26
615 614
383 382
688 689
265 264
441 442
551 552
681 680
225 224
581 582
412 413
720 719
308 309
399 400
315 314
815 816
336 337
548 549
615 616
233 232
387 386
536 535
57 58
184 185
952 953
375 376
251 252
350 349
730 729
130 129
138 137
489 490
845 846
686 685
800 801
544 545
734 735
513 514
555 554
407 408
405 404
685 686
934 935
518 519
967 968
660 661
726 727
737 738
395 396
636 637
14 15
875 876
346 345
941 942
607 606
388 387
785 786
177 178
459 460
928 929
864 865
103 104
134 133
88 87
487 486
287 286
396 397
274 273
971 972
68 67
524 525
358 359
27 28
362 361
226 225
431 430
423 422
705 704
569 570
585 586
457 458
415 414
442 443
659 658
303 304
810 811
122 121
959 960
400 401
256 257
343 342
223 222
582 583
50 49
106 105
417 418
246 245
451 450
236 235
15 16
750 751
449 450
151 152
176 177
402 401
458 459
471 472
475 476
634 633
698 699
388 389
26 25
849 850
972 973
36 35
81 82
703 704
63 64
748 747
377 376
363 362
216 215
294 295
368 369
583 582
434 433
676 675
519 520
667 666
826 827
567 568
269 270
687 688
677 678
376 375
613 612
320 321
901 902
805 806
337 336
783 784
631 630
896 897
182 181
119 118
217 216
345 344
41 42
63 62
316 315
558 559
853 854
208 209
401 400
608 609
43 42
111 112
219 220
433 432
638 637
238 239
673 674
265 266
71 72
624 625
745 746
620 619
957 958
665 666
761 762
978 979
123 122
695 694
672 673
489 488
479 478
766 767
324 325
856 857
90 89
672 671
726 725
112 111
976 977
320 319
609 608
406 407
384 383
530 529
190 191
291 290
671 670
653 652
443 442
719 718
917 918
622 621
985 986
670 669
278 279
802 803
226 227
685 684
741 740
399 398
337 338
161 160
690 691
2 1
749 750
898 899
496 497
136 135
514 513
792 793
124 123
401 402
66 65
168 169
601 602
501 500
425 424
438 439
653 654
219 218
108 107
560 559
429 430
358 357
148 147
633 634
951 952
454 455
918 919
172 171
324 323
481 482
521 522
356 357
163 162
290 289
983 984
755 756
512 511
641 642
747 748
450 451
729 728
215 214
288 287
128 127
355 354
24 25
599 600
966 967
311 312
167 168
892 893
641 640
866 867
619 618
764 765
277 278
477 478
513 512
570 569
679 680
470 469
833 834
317 318
343 344
55 56
474 473
94 95
92 91
256 255
554 553
456 457
456 455
563 564
68 69
465 466
605 604
58 59
402 403
455 454
529 528
686 687
643 644
283 282
634 635
627 628
657 658
707 708
103 102
425 426
773 774
173 172
657 656
209 208
670 671
736 737
825 826
114 115
912 913
700 701
101 102
385 384
904 905
683 684
524 523
506 505
552 553
549 548
327 326
247 248
194 193
700 699
607 608
24 23
82 81
760 761
135 136
854 855
735 734
689 690
599 598
205 206
639 638
117 118
738 739
239 240
550 551
483 482
604 603
958 959
691 692
675 674
393 392
708 707
151 150
194 195
626 627
369 368
963 964
341 340
557 556
453 454
503 504
77 78
150 151
450 449
309 310
253 252
69 68
56 57
293 294
344 345
302 301
359 360
718 717
629 630
398 399
280 279
252 251
34 35
633 632
267 266
446 447
249 248
576 577
603 602
442 441
948 949
206 207
646 647
171 170
260 259
275 274
338 339
879 880
144 143
935 936
706 705
374 375
859 860
0 1
942 943
279 278
65 64
850 851
793 794
933 934
335 334
47 48
601 600
303 302
392 393
179 178
413 412
927 928
717 716
276 275
276 277
54 53
381 382
334 333
486 487
649 648
505 506
159 158
220 221
306 307
494 495
677 676
346 347
341 342
215 216
120 121
597 598
540 539
378 377
214 213
604 605
709 710
23 24
379 378
782 783
639 640
547 546
645 646
110 109
129 130
380 379
248 249
271 272
890 891
494 493
281 282
170 169
651 652
727 726
222 221
186 185
354 353
286 287
404 405
308 307
162 163
85 86
221 222
386 385
526 527
214 215
458 457
630 631
779 780
520 521
610 609
692 693
1 0
660 659
175 174
943 944
656 657
364 365
409 408
715 716
299 298
711 710
102 103
297 296
170 171
732 731
911 912
225 226
491 492
16 15
597 596
227 226
430 431
71 70
979 980
627 626
652 653
565 564
204 203
829 830
296 295
738 737
594 595
307 308
598 599
585 584
435 434
533 534
693 692
719 720
209 210
321 320
808 809
989 990
235 234
960 961
696 695
211 212
59 60
368 367
169 168
589 590
185 184
742 743
536 537
410 411
955 956
313 314
340 339
515 514
1 2
360 361
325 326
128 129
412 411
722 723
190 189
382 383
172 173
109 108
381 380
46 45
390 391
666 667
79 80
45 44
860 861
932 933
581 580
565 566
260 261
586 587
908 909
543 544
488 489
98 99
733 734
647 646
573 572
500 499
31 32
913 914
839 840
715 714
129 128
828 829
622 623
584 583
387 388
223 224
383 384
571 572
384 385
332 331
271 270
440 441
126 127
421 420
529 530
264 265
353 354
163 164
391 390
718 719
160 159
635 636
523 524
882 883
527 528
158 157
189 190
245 246
171 172
748 998
938 939
947 948
44 45
175 176
20 21
495 494
176 175
439 438
202 201
977 978
379 380
575 574
632 633
921 922
362 363
680 679
490 489
146 147
984 985
314 313
861 862
279 280
840 841
394 395
74 73
523 522
681 682
333 332
708 709
237 236
502 503
772 773
642 643
419 418
8 9
32 33
210 209
579 580
596 597
323 322
801 802
477 476
198 199
787 788
304 303
743 742
321 322
137 136
684 683
574 573
361 362
147 148
78 77
340 341
169 170
550 549
2 3
588 589
795 796
244 243
590 591
56 55
591 592
109 110
162 161
134 135
590 589
721 722
192 193
329 330
403 402
42 41
435 436
382 381
113 112
58 57
449 448
545 544
133 132
635 634
820 821
728 729
648 647
658 657
706 707
762 763
97 98
488 487
94 93
305 304
814 815
562 561
430 429
197 198
39 38
413 414
518 517
403 404
953 954
880 881
236 237
707 706
954 955
43 44
510 511
213 212
648 649
903 904
742 741
77 76
650 651
605 606
759 760
100 101
73 72
663 664
344 343
642 641
23 22
737 736
117 116
838 839
184 183
629 628
542 543
497 498
541 540
558 557
573 574
216 217
349 348
76 77
273 274
135 134
786 787
437 438
90 91
8 7
694 695
493 492
501 502
231 230
661 662
327 328
884 885
479 480
440 439
466 465
552 551
580 581
871 872
619 620
574 575
105 104
389 388
140 139
315 316
658 659
611 612
26 27
751 752
724 723
541 542
198 197
145 146
197 196
319 318
298 299
191 192
722 721
920 921
734 733
102 101
143 142
59 58
261 262
517 516
556 555
692 691
929 930
632 631
352 351
618 619
470 471
255 256
230 229
74 75
539 538
806 807
349 350
278 277
85 84
544 543
234 233
79 78
400 399
982 983
603 604
248 247
259 260
625 626
52 51
598 597
631 632
593 592
788 789
406 405
587 586
926 927
577 578
702 701
647 648
746 747
767 768
620 621
154 153
261 260
846 847
73 74
427 426
155 156
836 837
916 917
91 92
624 623
166 167
939 940
434 435
725 726
609 610
775 776
710 709
193 194
469 470
272 271
881 882
263 264
369 370
817 818
407 406
196 197
623 624
