1202 1876
69 313
33 34
339 340
0 707
728 729
0 1007
87 88
950 951
872 873
106 107
0 1174
756 757
20 411
1072 1073
814 815
0 696
0 763
528 529
86 279
588 589
296 297
443 444
57 58
0 973
0 1110
0 985
572 573
859 860
0 793
246 247
680 681
0 698
838 839
1135 1136
0 798
0 961
0 930
9 10
627 628
0 845
830 831
155 156
669 670
0 1187
1188 1189
1148 1149
1042 1043
334 335
0 1020
0 914
1090 1091
0 755
302 303
739 740
359 360
892 893
8 9
364 365
881 882
0 911
0 1057
0 1037
622 623
855 856
617 618
0 928
701 702
586 587
0 824
0 861
0 903
404 405
0 714
1166 1167
483 484
0 927
111 229
41 42
832 833
0 760
391 392
573 574
926 927
788 789
697 698
700 701
634 635
0 980
774 775
1111 1112
23 405
805 806
614 615
738 739
0 772
292 293
162 163
809 810
274 275
851 852
927 928
0 705
16 419
0 880
8 435
1177 1178
0 1198
714 715
915 916
384 385
729 730
0 1116
482 483
0 988
18 19
124 203
585 586
0 998
65 66
0 941
0 761
252 253
946 947
542 543
80 81
61 62
758 759
574 575
0 693
225 226
737 738
413 414
453 454
524 525
609 610
690 691
829 830
118 215
884 885
0 826
0 954
0 974
487 488
0 1021
79 293
130 191
282 283
945 946
399 400
0 1118
421 422
741 742
366 367
0 1059
198 199
36 379
960 961
11 12
1011 1012
0 1024
249 250
0 942
186 187
771 772
0 747
793 794
0 1167
136 179
663 664
0 964
1112 1113
0 800
0 683
1000 1001
0 990
83 84
386 387
1027 1028
0 734
0 873
0 848
0 906
382 383
29 30
1141 1142
0 1079
569 570
148 149
486 487
529 530
276 277
0 801
0 719
411 412
0 1111
103 104
1149 1150
491 492
278 279
150 151
0 1184
0 1100
856 857
442 443
0 888
1195 1196
0 736
0 1172
637 638
775 776
505 506
924 925
0 1001
65 321
25 401
893 894
0 976
0 1077
1089 1090
1033 1034
184 185
541 542
705 706
1133 1134
1013 1014
0 827
121 122
1034 1035
0 852
0 816
648 649
60 61
120 211
136 137
0 1075
301 302
14 15
128 195
0 877
84 283
0 823
863 864
439 440
14 423
53 54
623 624
173 174
0 1143
35 36
307 308
241 242
0 1088
26 399
665 666
133 185
260 261
0 802
165 166
1121 1122
0 904
0 819
0 815
726 727
929 930
686 687
959 960
357 358
985 986
90 91
5 6
67 317
1040 1041
243 244
1125 1126
975 976
0 1040
999 1000
316 317
376 377
358 359
1008 1009
764 765
0 787
967 968
1075 1076
48 355
0 715
650 651
0 806
0 870
0 1045
0 850
43 44
565 566
693 694
498 499
114 115
405 406
0 1097
992 993
0 1041
1196 1197
1006 1007
885 886
1181 1182
1022 1023
0 1031
983 984
0 1022
1132 1133
51 52
512 513
0 931
673 674
966 967
441 442
108 109
0 749
0 676
154 155
681 682
1048 1049
299 300
79 80
639 640
0 710
12 427
506 507
1102 1103
1103 1104
0 780
0 1071
0 1004
280 281
43 365
354 355
160 161
377 378
535 536
746 747
332 333
58 335
630 631
145 146
57 337
0 999
0 701
34 383
668 669
194 195
1169 1170
1194 1195
780 781
121 209
191 192
193 194
48 49
22 407
947 948
914 915
733 734
896 897
555 556
0 993
0 1064
66 319
610 611
735 736
1200 1201
0 1197
101 102
236 237
1186 1187
84 85
619 620
0 1157
179 180
633 634
624 625
325 326
138 175
360 361
90 271
533 534
1190 1191
447 448
0 1067
119 120
54 343
1107 1108
419 420
106 239
867 868
97 257
0 745
0 1168
42 367
917 918
214 215
489 490
0 695
769 770
0 951
854 855
722 723
0 1061
56 339
46 47
0 785
0 921
0 1112
0 971
1154 1155
1198 1199
275 276
525 526
288 289
355 356
803 804
0 737
813 814
702 703
0 1139
113 225
0 981
594 595
1030 1031
189 190
1147 1148
869 870
0 711
858 859
0 781
1175 1176
0 996
911 912
78 79
1130 1131
0 712
98 255
0 885
103 245
289 290
0 1178
432 433
190 191
798 799
146 147
877 878
731 732
118 119
843 844
0 872
605 606
682 683
706 707
804 805
1095 1096
1059 1060
0 977
0 975
315 316
481 482
1183 1184
176 177
314 315
1028 1029
39 40
0 876
120 121
0 818
147 148
100 101
866 867
0 1036
0 1173
653 654
0 1098
472 473
0 1122
0 968
0 1034
1150 1151
1191 1192
0 1012
1098 1099
0 843
0 678
0 846
694 695
636 637
0 753
1134 1135
0 1165
1055 1056
0 891
0 1181
0 757
0 1033
0 821
0 1114
268 269
0 689
0 777
0 1199
45 46
1145 1146
552 553
0 1018
1053 1054
0 1050
846 847
0 878
167 168
0 1052
516 517
380 381
710 711
674 675
1164 1165
1060 1061
0 868
575 576
591 592
0 898
0 913
1167 1168
964 965
67 68
0 1161
923 924
0 939
850 851
370 371
117 217
0 776
255 256
0 894
124 125
490 491
662 663
0 1025
1085 1086
601 602
383 384
883 884
158 159
163 164
0 997
916 917
37 377
504 505
0 1175
0 1164
0 742
378 379
177 178
824 825
0 950
899 900
0 1180
538 539
244 245
931 932
134 135
0 1081
718 719
171 172
1051 1052
0 992
0 856
401 402
1123 1124
897 898
129 193
28 395
713 714
287 288
527 528
149 153
127 197
0 1115
920 921
105 106
75 76
551 552
437 438
0 1000
143 165
1063 1064
547 548
330 331
0 933
85 281
0 1162
0 859
922 923
882 883
0 1026
0 1019
0 984
295 296
291 292
135 181
598 599
313 314
0 1
0 1046
368 369
873 874
192 193
501 502
835 836
1015 1016
0 759
27 28
531 532
1044 1045
534 535
1080 1081
1050 1051
142 143
0 1160
141 142
0 970
438 439
513 514
100 251
0 917
951 952
0 1150
0 1086
49 353
679 680
1096 1097
119 213
0 831
0 934
1052 1053
0 1105
604 605
0 1042
105 241
0 923
988 989
691 692
0 1106
474 475
0 1179
473 474
507 508
0 1068
567 568
952 953
109 110
0 820
887 888
390 391
13 425
294 295
1118 1119
42 43
423 424
1079 1080
762 763
936 937
123 124
751 752
70 311
984 985
0 1047
452 453
0 758
644 645
974 975
183 184
479 480
0 1017
928 929
0 1051
0 1120
0 1030
664 665
270 271
30 31
0 727
0 768
0 889
659 660
0 724
998 999
796 797
518 519
196 197
175 176
727 728
0 838
89 273
0 1151
0 1074
44 45
122 207
698 699
0 682
0 677
584 585
392 393
808 809
595 596
64 65
870 871
0 957
0 1195
667 668
0 1063
1182 1183
166 167
463 464
418 419
336 337
536 537
0 962
938 939
508 509
108 235
802 803
144 163
0 809
141 169
134 183
470 471
716 717
417 418
0 717
942 943
0 1094
251 252
932 933
0 766
460 461
92 93
471 472
0 1044
0 897
157 158
546 547
98 99
112 227
0 1005
736 737
431 432
0 1185
908 909
1010 1011
317 318
0 1013
248 249
642 643
1087 1088
263 264
300 301
874 875
111 112
845 846
807 808
1097 1098
95 261
548 549
0 908
1057 1058
400 401
0 995
723 724
0 1069
93 94
1023 1024
1037 1038
362 363
990 991
519 520
826 827
97 98
73 74
1099 1100
309 310
435 436
0 1182
503 504
0 875
765 766
125 126
303 304
962 963
112 113
0 956
18 415
0 918
786 787
0 1125
611 612
1161 1162
643 644
102 103
621 622
64 323
0 1062
651 652
844 845
293 294
0 1135
517 518
450 451
695 696
635 636
422 423
0 1003
256 257
0 774
499 500
561 562
711 712
462 463
16 17
1109 1110
208 209
1029 1030
1180 1181
876 877
1110 1111
640 641
792 793
15 16
1104 1105
563 564
0 732
657 658
779 780
0 907
969 970
397 398
0 728
0 773
822 823
583 584
562 563
515 516
70 71
308 309
59 60
570 571
0 1126
0 733
0 910
0 1155
0 729
5 441
493 494
0 1002
265 266
0 1189
475 476
0 972
0 836
215 216
0 779
1066 1067
1045 1046
492 493
73 305
298 299
1100 1101
0 1083
203 204
0 893
677 678
0 869
903 904
740 741
212 213
0 925
86 87
0 837
1171 1172
772 773
174 175
0 782
937 938
0 692
878 879
907 908
954 955
785 786
0 902
910 911
324 325
0 900
284 285
933 934
599 600
0 680
61 329
169 170
337 338
898 899
0 901
77 78
81 289
4 5
130 131
11 429
1073 1074
597 598
0 1048
0 1148
606 607
195 196
59 333
396 397
982 983
557 558
0 789
0 932
906 907
99 100
530 531
0 860
331 332
0 1080
0 948
1088 1089
164 165
0 1145
497 498
445 446
412 413
0 1140
544 545
754 755
2 3
656 657
0 1119
117 118
0 863
426 427
1058 1059
1019 1020
745 746
0 1169
311 312
402 403
0 832
152 153
934 935
13 14
172 173
0 825
0 1056
94 263
1067 1068
1151 1152
0 750
0 1076
0 751
148 155
448 449
971 972
363 364
484 485
0 1078
161 162
107 237
1077 1078
0 716
1146 1147
955 956
277 278
281 282
820 821
0 1149
40 371
0 895
258 259
0 1190
0 1010
429 430
589 590
1092 1093
1156 1157
107 108
0 943
918 919
526 527
0 1038
0 1186
0 740
941 942
389 390
0 790
1160 1161
406 407
957 958
1047 1048
76 77
676 677
0 945
436 437
797 798
787 788
943 944
976 977
645 646
468 469
0 756
0 909
0 775
0 702
0 833
757 758
47 357
0 966
0 1054
1041 1042
1018 1019
582 583
0 709
980 981
116 219
480 481
375 376
150 676
229 230
620 621
3 445
0 1129
930 931
500 501
0 919
1065 1066
44 363
0 949
338 339
1113 1114
242 243
704 705
0 721
71 72
921 922
1165 1166
0 1108
213 214
52 53
427 428
77 297
842 843
0 1090
210 211
1117 1118
403 404
262 263
968 969
12 13
343 344
0 853
0 684
234 235
88 275
1129 1130
868 869
30 391
91 269
55 341
550 551
1144 1145
502 503
0 795
0 713
1026 1027
1193 1194
250 251
0 681
0 953
0 739
1009 1010
0 788
3 4
1036 1037
888 889
142 167
0 1101
0 810
329 330
1038 1039
0 965
1162 1163
683 684
0 946
0 871
187 188
1158 1159
216 217
1001 1002
1091 1092
963 964
1179 1180
1199 1200
709 710
1 2
1170 1171
1086 1087
559 560
0 1136
577 578
879 880
0 936
321 322
1120 1121
224 225
0 1092
685 686
28 29
768 769
0 1055
0 1104
817 818
151 152
1168 1169
230 231
0 1137
986 987
0 1065
612 613
987 988
724 725
0 1011
267 268
24 403
444 445
616 617
322 323
593 594
62 327
319 320
424 425
543 544
833 834
841 842
0 839
1138 1139
272 273
1128 1129
1137 1138
0 725
1197 1198
0 813
539 540
323 324
485 486
1105 1106
0 1142
188 189
257 258
0 944
80 291
800 801
1159 1160
168 169
1176 1177
0 720
970 971
919 920
211 212
55 56
341 342
1140 1141
0 874
89 90
566 567
708 709
206 207
1093 1094
848 849
755 756
1024 1025
811 812
217 218
94 95
1004 1005
455 456
488 489
602 603
0 905
458 459
864 865
1124 1125
352 353
0 849
68 69
0 989
0 764
1014 1015
0 959
0 969
0 1006
0 687
223 224
823 824
0 1134
1064 1065
1031 1032
56 57
600 601
0 841
592 593
369 370
328 329
72 307
333 334
1 449
734 735
82 287
767 768
0 982
0 829
297 298
806 807
0 796
6 439
1142 1143
549 550
580 581
743 744
901 902
133 134
440 441
37 38
17 18
361 362
836 837
227 228
0 808
52 347
1172 1173
71 309
131 132
520 521
1152 1153
0 1102
560 561
467 468
407 408
0 804
153 154
1039 1040
821 822
689 690
889 890
749 750
113 114
0 685
522 523
285 286
75 301
0 691
607 608
143 144
126 127
116 117
852 853
394 395
0 830
78 295
509 510
1017 1018
776 777
414 415
235 236
0 1016
351 352
0 1060
0 986
0 786
0 1176
571 572
182 183
849 850
717 718
0 1107
127 128
0 886
0 935
93 265
19 413
1043 1044
652 653
0 896
973 974
890 891
761 762
17 417
649 650
0 994
20 21
286 287
613 614
63 64
45 361
0 1029
204 205
0 784
102 247
318 319
0 1131
1153 1154
348 349
0 704
201 202
0 817
0 991
0 1014
0 1103
0 722
991 992
428 429
50 51
994 995
327 328
608 609
1076 1077
222 223
15 421
420 421
408 409
0 822
0 794
0 1200
880 881
752 753
68 315
815 816
1127 1128
344 345
1116 1117
0 748
904 905
430 431
0 854
145 161
540 541
72 73
0 1023
1106 1107
0 797
670 671
638 639
0 1163
0 834
0 1099
641 642
834 835
0 828
0 1121
1074 1075
0 731
875 876
1049 1050
0 1147
0 858
684 685
1056 1057
730 731
123 205
965 966
0 1171
1046 1047
273 274
0 697
342 343
0 1138
0 1008
2 447
0 1053
958 959
305 306
310 311
545 546
326 327
660 661
837 838
96 259
857 858
477 478
180 181
387 388
381 382
0 792
0 1085
1139 1140
104 243
1185 1186
0 686
0 1027
240 241
349 350
261 262
1174 1175
0 1070
95 96
101 249
949 950
672 673
254 255
912 913
58 59
0 920
939 940
26 27
1101 1102
237 238
25 26
81 82
38 375
51 349
818 819
576 577
0 979
356 357
226 227
125 201
0 842
446 447
87 277
744 745
0 805
0 960
770 771
696 697
345 346
801 802
0 1109
0 814
747 748
0 958
978 979
750 751
579 580
626 627
0 811
115 116
0 865
69 70
0 1049
0 765
532 533
0 1183
1081 1082
347 348
0 940
126 199
335 336
0 769
433 434
671 672
140 171
523 524
0 1158
0 1072
110 231
21 409
0 812
66 67
819 820
62 63
0 887
782 783
1114 1115
902 903
0 1058
115 221
831 832
32 33
553 554
0 1146
628 629
76 299
707 708
661 662
0 840
732 733
1069 1070
21 22
996 997
794 795
825 826
0 703
63 325
791 792
461 462
993 994
409 410
514 515
0 881
290 291
0 679
36 37
346 347
840 841
0 1154
7 8
777 778
862 863
0 1156
0 1089
977 978
259 260
27 397
0 1009
10 431
603 604
415 416
0 855
799 800
0 708
231 232
675 1201
944 945
209 210
587 588
379 380
54 55
0 803
1115 1116
205 206
790 791
31 32
478 479
451 452
147 157
678 679
763 764
60 331
554 555
1189 1190
940 941
496 497
759 760
886 887
0 1194
997 998
558 559
6 7
476 477
10 11
0 1039
766 767
748 749
1083 1084
132 133
0 1095
0 857
1071 1072
96 97
247 248
0 1028
0 706
0 1192
564 565
0 1153
0 771
827 828
139 140
894 895
0 1113
304 305
956 957
647 648
91 92
0 947
350 351
948 949
49 50
283 284
816 817
909 910
0 1082
0 1133
373 374
581 582
139 173
0 778
510 511
795 796
0 938
1082 1083
961 962
0 1188
181 182
1007 1008
245 246
128 129
0 899
388 389
1003 1004
979 980
784 785
1143 1144
1078 1079
466 467
29 393
0 1124
0 864
783 784
654 655
9 433
666 667
0 723
271 272
687 688
88 89
279 280
0 926
0 1084
159 160
989 990
232 233
122 123
900 901
760 761
1187 1188
385 386
0 1073
0 884
0 1127
0 1170
0 770
568 569
861 862
0 1152
0 1132
22 23
688 689
170 171
50 351
99 253
353 354
0 718
0 783
0 862
1178 1179
82 83
109 233
320 321
0 1117
410 411
839 840
847 848
1119 1120
521 522
1131 1132
149 150
469 470
0 1093
312 313
725 726
0 744
865 866
32 387
0 851
753 754
0 963
972 973
239 240
459 460
0 847
0 867
699 700
200 201
0 987
632 633
85 86
53 345
1068 1069
1122 1123
238 239
464 465
720 721
0 754
0 924
219 220
0 879
0 1166
38 39
0 799
742 743
0 967
202 203
871 872
31 389
367 368
207 208
1016 1017
47 48
0 694
46 359
511 512
434 435
1108 1109
0 955
0 835
913 914
721 722
0 762
0 735
449 450
23 24
156 157
129 130
0 738
132 187
266 267
860 861
456 457
0 1123
197 198
0 767
0 699
0 741
715 716
905 906
1126 1127
719 720
1012 1013
1155 1156
7 437
39 373
138 139
40 41
395 396
0 912
712 713
494 495
114 223
655 656
253 254
537 538
221 222
810 811
0 688
0 1193
110 111
416 417
264 265
220 221
812 813
0 700
1035 1036
228 229
19 20
0 983
0 890
935 936
0 866
618 619
0 1130
925 926
144 145
35 381
953 954
0 1191
218 219
625 626
0 1035
1025 1026
140 141
0 791
83 285
1173 1174
0 882
0 915
374 375
0 726
1163 1164
454 455
646 647
1062 1063
24 25
1021 1022
0 922
0 1177
0 1159
199 200
789 790
457 458
269 270
1061 1062
0 1128
465 466
146 159
495 496
340 341
0 1096
1094 1095
74 75
393 394
372 373
104 105
371 372
137 177
631 632
0 916
0 1196
0 1015
0 952
995 996
828 829
0 1043
306 307
891 892
0 746
137 138
556 557
1136 1137
92 267
1184 1185
365 366
590 591
0 807
0 937
185 186
781 782
629 630
41 369
1032 1033
33 385
34 35
1020 1021
135 136
692 693
615 616
0 1066
853 854
703 704
0 1032
895 896
178 179
0 892
0 743
233 234
0 844
773 774
1084 1085
1002 1003
1054 1055
981 982
0 1141
0 730
1157 1158
578 579
658 659
74 303
778 779
1070 1071
0 1091
4 443
0 752
0 1144
0 1087
596 597
0 690
0 978
0 929
398 399
1005 1006
131 189
1192 1193
0 883
425 426
