2000 2000
418 687
1559 1075
1342 1186
1753 743
1969 729
1021 1176
1799 226
1403 416
81 183
439 1328
115 1459
1062 759
727 1322
1771 1785
530 462
1283 1901
178 549
858 313
1763 420
146 454
985 637
143 518
598 1881
920 1235
1985 1663
1077 296
1154 1272
850 758
1066 1693
536 974
1944 240
254 242
1567 1769
673 1689
959 10
1920 1333
1551 863
715 1108
1042 1244
1286 1144
1028 621
1008 116
872 860
104 261
1349 347
88 509
1715 705
1490 1850
888 745
953 303
1465 1885
369 995
1657 1989
153 1601
556 653
720 607
134 51
303 969
247 1454
1078 424
1308 86
1602 1481
787 586
1295 1211
1160 115
1440 1687
797 439
1498 410
1922 593
957 1986
733 564
1128 1991
95 1267
1247 1021
1721 14
19 608
391 1422
1374 875
46 930
419 497
259 1831
77 1466
1478 1696
377 611
876 76
111 1257
1702 405
992 55
1108 1432
515 1960
974 697
1426 238
975 1799
1459 1832
1277 172
972 279
1947 513
903 1446
1506 1220
714 791
1360 1027
1212 1001
1532 203
752 1056
891 1486
899 679
912 1521
97 1728
23 1956
743 701
163 1189
721 270
208 204
1703 1241
1993 1708
1389 1070
221 616
1928 1309
55 934
67 1692
1722 1569
299 832
591 1572
719 1871
1954 387
1364 46
1961 1743
581 1786
1635 797
1710 253
448 1213
1620 1943
279 1335
1907 561
1024 1316
690 1282
1435 1147
1899 371
1650 1483
746 1222
848 1223
1481 610
1571 699
1150 1962
640 1612
942 1297
700 664
1639 414
1948 1104
1242 1681
1779 959
1632 463
533 1013
1806 1896
1667 1934
917 725
1412 1615
736 20
1427 1757
958 1549
1651 1823
1202 992
119 649
1172 370
1857 1957
1434 156
142 1453
1592 1408
28 1964
1133 1243
570 1196
1492 1269
1785 1392
331 1365
610 625
908 1538
1395 1554
1396 1899
1437 740
1711 329
4 479
205 1496
1382 1444
626 1225
1484 1840
1677 1182
622 1699
1909 481
1629 382
896 466
122 1761
534 406
87 69
1276 1995
1280 1603
241 554
1270 1766
335 333
1097 1652
1196 555
1919 383
978 598
997 430
882 1287
643 1472
187 1100
1916 733
1644 772
1554 682
1232 1620
1640 1402
395 606
327 154
1446 1561
278 829
347 1631
297 531
75 391
1537 581
1237 152
804 118
1939 230
1976 1369
1252 1258
939 321
1712 1053
465 1613
201 1704
1514 889
1461 1733
190 344
1216 260
594 823
1984 1586
1278 1580
898 686
893 1016
1111 1756
1123 367
866 330
453 961
110 1315
1353 1005
1109 1347
112 1233
199 73
106 435
684 730
1921 967
911 1571
1297 1828
304 899
549 310
1908 1431
712 1383
1159 1600
1309 958
389 1143
382 1062
844 640
1081 1296
326 1890
1208 340
181 1983
82 1800
1036 235
1091 1240
1863 1175
461 1637
890 34
386 1105
696 1963
768 1624
793 700
1367 1723
52 138
1002 635
1211 662
941 1700
754 1935
273 1107
1529 1837
500 396
504 1597
926 1623
764 1528
894 1811
222 1789
1645 762
1502 738
1324 1924
1362 1203
937 1375
281 1732
161 575
792 450
293 896
1887 158
1736 1488
1681 609
1376 591
407 1452
1203 52
831 309
1322 1679
796 1199
400 991
1071 1086
1723 102
1035 317
103 1047
1801 933
782 241
1422 1230
1680 710
507 499
40 262
1923 1231
202 624
1450 600
523 1712
1220 1836
154 1884
294 880
856 1718
1648 341
261 13
225 1499
168 1015
1259 1500
1182 302
155 1423
80 1312
841 908
1950 761
256 1253
116 1125
1413 831
895 777
1457 1505
853 994
1383 1354
204 1288
609 1925
1641 1172
1499 400
946 1585
1902 57
907 928
1624 691
1167 1949
708 1058
1336 1717
656 1052
1307 884
1791 1308
1469 1109
694 21
467 720
1177 1195
586 771
435 644
761 1411
1608 1262
1380 147
1843 1547
615 881
1421 594
1345 1982
1582 1091
272 1119
456 1209
1084 96
1604 542
1120 1965
1279 1990
710 1593
1751 376
1497 1992
1678 471
1093 1063
1241 1819
562 78
502 1670
1585 395
1740 373
1416 72
837 485
1550 722
1845 160
1445 951
109 1325
1419 1187
1793 1482
1384 954
1874 1301
1303 1589
1100 886
69 211
10 1578
1125 418
1302 1185
1394 520
193 652
532 1137
1918 1018
1153 1595
785 515
1411 688
745 1720
1792 540
64 1556
1094 1207
1040 386
98 1139
366 1006
368 654
1407 1550
1817 873
1114 112
1818 1954
1614 1183
268 1111
464 574
329 75
662 19
567 1533
1897 351
341 307
312 527
1456 1343
1288 1930
1515 1443
1281 121
99 1754
675 948
230 1532
827 1299
63 237
1000 1197
1011 1152
1079 505
885 562
396 1148
1341 1474
325 109
1769 641
950 1729
353 1599
511 843
1544 1967
1865 1531
270 1864
1905 819
128 489
811 786
1642 440
525 1373
1267 1162
1844 842
1933 224
1833 1792
1253 909
311 684
1310 713
1556 1797
1609 532
1786 1118
1442 1368
770 43
630 1355
1337 1734
431 288
1910 1621
1946 1974
172 1246
928 1066
892 887
1296 1059
1989 1622
1239 40
713 870
1075 839
220 918
1332 1135
1166 1985
512 1869
1145 1026
1561 1711
61 1695
1294 1944
137 1845
661 1906
1433 1497
441 432
1316 844
1466 1469
1889 429
1474 452
1883 1562
68 18
550 592
1400 1339
693 1749
482 297
1291 900
1757 1933
487 1755
283 833
478 1216
387 171
1568 1524
1547 1807
1913 876
685 1302
1169 1813
910 1200
1764 815
1607 1706
1087 850
1218 1403
1473 1410
1245 1492
1184 1634
1914 255
383 902
1448 1320
718 1227
480 358
1827 209
933 1009
788 379
798 1946
702 438
1754 903
1802 579
131 350
145 1691
1553 1680
238 727
481 362
1432 811
508 530
1713 525
716 1024
1020 79
1773 1671
877 250
993 1234
514 1877
404 912
152 1702
1285 60
228 795
468 626
1146 1512
931 1356
1619 507
628 92
565 1388
136 589
85 1043
1768 1259
551 524
672 711
1539 107
731 1156
216 1697
1775 825
1488 1168
170 1781
1214 1520
1892 571
250 1515
1453 834
442 1178
1135 936
1930 189
100 753
1597 1808
1064 193
1606 1641
587 585
945 578
1686 1476
641 104
156 573
477 1802
501 998
976 1073
621 1978
1315 1777
1080 37
1531 528
964 1226
1339 1616
165 451
735 281
1564 1710
820 932
1001 1387
1958 702
1155 1942
1894 1872
1986 605
774 1736
1895 1028
449 692
1743 1441
1378 917
1282 1289
1240 793
494 603
42 389
1219 803
245 1658
318 1626
738 1931
1675 1668
753 1345
1455 1071
1663 1848
1194 1928
1596 780
847 659
1610 1014
1231 1650
1003 339
1092 1381
1558 1286
1131 64
48 1660
863 1918
140 1439
210 1363
282 766
1217 1284
209 613
1728 1313
1665 1491
1263 335
1057 4
1824 1709
1731 1507
545 1273
1405 1701
445 12
1761 1065
680 1966
834 1239
211 1362
180 862
1904 1996
947 787
983 763
1379 342
11 852
1538 630
717 1106
423 1440
597 1274
805 1277
857 1409
527 1157
285 128
1511 1814
539 1334
1586 1228
1006 645
1031 724
1880 783
305 1164
779 89
1679 923
595 977
1105 539
1313 125
1646 627
924 643
402 31
1140 828
148 853
1199 417
1581 1022
909 195
96 1688
113 468
1118 1096
806 145
1631 1804
1354 1675
1192 523
1299 1541
1705 1517
599 1323
606 1208
1724 1430
5 70
1043 871
1940 891
865 149
1357 1404
807 718
426 543
1236 857
424 665
388 1806
1333 5
765 916
654 312
1692 1682
1371 425
803 1566
1327 105
1990 8
200 1386
1752 1664
1009 1530
739 1048
1979 163
725 1120
1527 1332
1992 1300
1147 1860
59 488
1517 601
1284 1968
1720 1385
1563 324
799 595
430 202
966 265
1489 1557
1627 741
1227 97
339 577
506 346
1966 1655
1575 1657
1716 1841
1038 929
1658 1551
37 1874
742 58
1312 501
27 1981
921 82
1233 706
766 331
471 264
1994 1194
495 695
105 1304
1603 563
1828 1852
1205 248
1520 805
1460 27
750 901
1022 199
1618 1010
1121 796
590 859
800 1870
1849 646
1158 275
543 127
1789 639
864 808
34 1405
561 689
18 888
174 1051
72 308
1733 1847
349 316
883 1893
802 1236
1251 129
843 1095
41 1079
1704 1536
1951 1242
744 274
611 1436
1854 1883
638 1690
548 114
1718 1425
470 1610
780 618
9 1821
1369 1574
1103 935
188 460
516 185
1096 1132
1017 548
1010 1568
1343 1768
1829 837
916 1311
580 298
1595 1327
1534 1173
816 1163
1932 1046
1998 864
623 50
1053 1121
639 1856
1795 225
769 1948
1888 1382
851 1851
1129 1509
897 537
741 845
1370 855
166 1546
490 802
1797 1705
133 874
1352 504
1126 1448
1225 869
1982 703
1179 1478
1186 1110
588 1003
943 696
1782 352
17 1171
460 377
394 681
967 372
1 495
1835 1
999 1878
1476 148
1765 1201
1858 883
192 325
833 1778
405 56
1882 421
1069 1834
1661 1975
832 393
510 541
1504 445
1861 927
1229 924
1406 894
314 784
1959 186
1468 23
469 1795
608 304
829 768
1188 1625
144 1358
160 1923
852 294
44 1221
1113 484
1682 436
337 1583
667 1462
1848 658
428 1662
991 945
437 380
1404 552
433 1428
1638 972
1687 119
308 397
1898 597
801 1503
1732 369
1622 142
1981 143
71 1999
1264 707
1059 245
1375 1604
1834 535
707 1198
651 897
118 947
1486 385
870 256
239 1450
1471 1290
1737 1089
0 589
1814 1490
1112 229
196 1314
1007 1676
92 1936
1397 381
1346 305
1365 854
1425 289
1850 1129
1813 1077
828 94
868 236
709 144
583 1319
1323 1959
1495 65
390 1380
374 736
603 273
1965 1076
614 1352
1901 155
1060 355
1501 399
372 459
666 77
1257 234
1574 1685
84 1184
78 1713
1566 1846
808 1715
1073 356
790 809
1052 1747
1399 1518
1387 1760
1032 1640
1937 1511
203 1984
65 1737
491 619
235 1340
147 511
1198 599
362 1092
451 1470
1027 1537
1587 1336
1996 101
1107 1534
1654 153
224 1939
1328 1876
1573 1920
1671 1017
1700 582
266 1794
425 1251
881 1456
12 985
1942 1970
1238 1468
962 580
637 1025
1656 136
361 1465
346 1276
323 1285
1756 1036
529 732
1168 366
1041 1166
747 1825
1122 1093
126 1642
932 1049
632 544
150 198
1510 1894
101 1798
1980 295
108 950
1355 95
1859 1998
215 1787
1234 1648
1206 91
1869 447
1439 1374
1503 1504
990 93
1045 685
773 1078
1338 30
1647 1493
1331 1097
1576 1457
612 1366
446 1719
711 1372
1560 1449
558 1903
653 911
1314 392
213 384
240 516
1090 1170
688 17
1649 1041
1390 1730
1019 622
691 1068
989 1060
535 375
352 1627
25 747
655 677
682 159
1256 90
901 779
1334 846
1823 320
365 168
255 986
492 174
226 1310
1463 1426
689 1268
1804 3
1623 6
520 1560
1747 1214
982 841
1625 1516
1636 26
379 1324
422 1353
905 1193
1855 1149
596 1224
8 461
1708 67
264 1523
1670 80
814 968
1319 670
1429 940
823 496
842 1598
317 300
184 178
821 558
1273 1455
1941 1255
969 1632
1048 108
1790 1146
1496 103
518 755
1822 388
1174 800
320 1677
43 648
493 1057
177 604
1917 1471
762 813
336 63
157 1643
679 251
1130 1271
1180 872
310 1539
546 587
358 131
1669 1406
629 1031
1929 749
1525 865
692 1861
906 54
1633 1487
645 568
1875 588
1626 453
880 210
509 1867
1890 739
1766 1614
1807 512
1438 1611
89 196
1683 1842
786 1656
1415 647
695 1857
1436 770
631 778
1841 709
1347 1951
737 1331
233 1647
173 565
986 1915
345 441
348 1916
214 1977
605 1739
706 956
484 878
1293 817
91 1275
949 1859
616 1034
1522 263
648 989
723 87
869 1714
56 723
1074 59
748 906
734 84
1039 413
194 126
1191 584
287 1218
809 1360
1348 1279
819 877
996 971
1372 1191
1509 215
1593 1141
1755 975
871 422
678 47
902 269
758 612
1878 861
1350 1950
977 343
813 239
333 334
26 957
1630 1667
566 85
380 99
107 550
826 1159
496 283
392 1160
257 774
1063 455
1102 475
420 938
271 521
1643 361
1418 675
522 246
1518 1138
1695 244
592 1558
1226 1770
845 990
1321 721
1953 311
1235 120
444 1435
1812 788
1688 1602
51 1784
1903 176
49 1151
434 614
1739 1803
232 1570
1274 220
1401 1579
1477 1307
457 117
1521 949
1659 1321
1684 1972
1204 477
57 1824
1655 1029
730 1735
528 1393
1997 1527
1004 1898
1616 398
1637 1400
775 1055
1821 219
436 1205
1479 469
729 752
951 206
1796 1098
1542 1263
538 1764
31 1192
1714 789
954 1774
66 1391
542 503
979 286
1526 615
1689 11
1599 1140
552 1607
1780 1776
1972 617
669 931
1512 249
248 1485
767 1278
604 1232
646 278
878 1843
1249 1032
300 560
1694 1416
772 42
759 1659
1936 1929
1061 1672
1136 207
1189 81
1420 757
340 1820
1826 1653
1402 943
1725 181
687 674
835 213
1781 744
1377 208
795 1011
277 259
1956 1480
1555 955
263 1330
50 1514
1533 1927
1577 669
995 28
1012 1553
1803 22
1475 1818
815 1790
1483 1489
440 407
280 1165
634 1606
934 1618
1458 987
410 1361
385 285
676 1261
670 984
1524 1506
657 1565
1089 1596
1600 1519
1244 1217
151 1594
316 1552
355 502
1772 895
249 1674
789 1421
393 712
875 1590
503 1397
1099 345
171 282
167 363
1449 1126
376 1555
732 1548
1447 751
79 1270
1864 1346
1594 1897
1860 1463
1891 964
1138 1475
1748 449
1530 1000
1161 233
1143 1817
927 1727
1329 926
1601 1926
1414 1008
1955 1379
1886 271
749 1123
923 1407
1516 1101
301 113
1840 1329
183 349
1734 1854
659 892
1487 596
1634 676
635 1752
401 1839
601 299
1605 1988
1170 1112
1787 1337
1945 1810
466 1401
1106 1174
1178 1180
373 1855
438 1971
1971 1418
1269 572
988 1686
1055 1103
242 1914
1729 1905
1230 1542
207 827
246 166
351 1177
698 1746
227 458
1428 1651
1047 728
1014 913
1991 632
139 1809
1783 448
1800 1545
1326 1204
644 1912
1311 737
1224 719
1896 1494
555 1937
1482 1002
1672 212
935 569
1051 483
307 952
162 1256
432 1127
497 756
284 1004
138 1738
1076 1072
1195 1873
537 1900
1391 442
1508 1779
1141 1678
839 879
399 480
403 404
1995 465
1361 301
1570 1979
313 642
1424 1396
1037 1980
1851 191
1301 33
1171 1758
413 1815
21 1074
980 1666
1029 1913
1815 976
649 633
1685 139
159 1888
1151 457
1776 123
269 1745
1762 354
1408 2
16 319
1853 1399
585 1765
1774 551
102 1348
1363 32
855 1442
479 1210
1730 1473
1612 1895
1373 266
1289 847
925 1698
1750 1212
887 1116
417 1128
1494 1341
1454 996
1262 981
1987 816
1846 822
1085 1039
1417 1479
1805 165
1187 390
1441 1630
295 1081
922 583
275 526
1200 1420
1925 1394
600 83
1871 776
93 668
919 192
1820 1759
671 1945
1183 1940
1798 1293
873 655
219 1644
1320 1249
476 1069
360 490
1335 1858
253 1390
1709 444
1884 1742
1662 1721
1266 1064
1016 137
33 663
1275 1084
1836 1033
1866 1649
642 141
1132 1113
132 1635
1110 1215
1885 1726
489 25
1588 277
223 821
817 1617
574 1575
13 915
73 1801
1156 979
994 1413
1193 218
961 678
1794 760
1351 1958
1552 403
302 190
450 41
334 374
1579 836
292 1629
191 164
571 698
573 683
1943 1133
1810 830
125 980
929 98
884 638
1963 1619
378 1460
1185 132
1744 1783
781 493
1221 456
544 792
1873 188
757 1891
290 1376
1228 151
1464 1044
409 602
1598 849
984 1445
728 1827
212 890
576 1179
846 545
1842 1902
356 1484
62 1134
1287 1464
1148 1122
559 1508
1664 1150
1271 1684
1115 553
948 746
251 267
169 423
624 533
1707 66
179 1543
960 1458
677 419
1272 1584
569 835
175 1294
1368 1254
1666 39
1157 1751
274 1661
47 100
1023 1953
1584 1012
485 1364
498 715
913 529
726 338
1210 1973
1719 476
3 494
1261 427
1838 1427
459 332
1877 1865
531 222
1745 268
1164 1805
1676 1947
578 1879
415 1826
1545 200
1082 482
76 1281
185 498
1911 717
443 1040
1621 942
6 1292
1760 708
357 1573
123 1636
1808 150
371 910
1083 1342
1443 88
462 767
1934 1378
724 314
564 1838
1410 1447
1523 590
579 415
1305 1124
1777 1158
862 1741
1058 885
1628 1987
1964 1646
182 764
914 963
2 1740
322 182
636 161
968 661
1467 323
289 693
973 1771
1104 840
499 1592
1696 826
517 1952
252 411
1912 1919
1615 1886
363 538
1698 566
1470 1154
1034 426
1500 292
265 1522
1583 1260
296 16
1098 1250
1134 1359
1173 1633
607 939
1119 1054
1176 867
472 781
1260 907
963 666
836 868
83 231
30 431
1298 36
1742 169
1613 1932
1013 1863
526 122
1569 24
1306 130
1988 893
198 1707
237 1131
1578 1645
488 1117
1072 232
1359 838
740 806
938 1169
1562 1922
1862 1911
521 812
244 1716
1697 1305
1746 1429
1949 1577
1050 205
825 982
1015 378
664 62
620 214
158 937
854 1938
1290 921
1867 510
231 318
1190 567
1856 1917
1548 1904
1149 201
1366 726
838 1725
1968 1791
582 559
1847 1247
756 1142
1139 506
965 187
1137 1892
1340 620
427 1102
1870 546
370 470
1505 922
575 306
229 1703
1811 110
618 694
1809 576
704 326
1717 1830
874 1866
359 1370
1788 336
328 851
1392 1085
1690 1772
955 1061
674 629
412 227
1175 437
633 1415
1738 1829
452 1038
547 1639
1181 252
1317 276
584 1291
338 412
987 111
812 858
900 790
1265 946
1735 1908
1223 1417
1398 1437
1163 247
613 1796
354 173
22 1997
867 636
1924 1295
45 1605
350 1559
1054 1145
1209 1114
342 474
1292 1753
236 1889
663 1245
288 360
414 284
1767 1130
35 1782
1819 1822
267 1099
1536 1993
86 472
1201 177
186 1513
1258 1694
234 357
14 15
771 1540
1386 1317
321 807
944 322
1480 735
519 1849
1831 775
822 1748
810 1229
1816 731
149 38
783 748
1881 1306
763 53
1960 1581
1952 1451
568 433
1493 1775
195 799
1248 1467
824 74
1927 754
206 1529
658 1976
1906 1344
560 1673
454 801
1557 1371
1660 162
697 941
760 1007
1758 1050
38 348
683 1887
1388 534
572 1683
1409 7
1423 291
315 1567
1706 1955
1116 514
557 1030
619 1609
1255 570
1243 1780
886 1395
1541 1219
475 394
260 328
553 287
291 782
1385 428
1127 1833
794 1812
1957 293
141 1526
1142 1880
1165 1188
681 280
940 769
1451 327
176 1910
998 1669
1983 970
1462 1384
652 1155
1254 434
375 999
1444 960
197 557
1086 1501
1749 1638
319 1252
1356 365
1117 804
1978 1350
1770 680
1528 1389
309 35
1741 765
1852 966
1065 197
1830 517
1691 146
1935 184
474 1853
421 1438
777 920
577 1412
776 1153
981 1535
1144 547
956 1724
458 359
751 1161
665 848
505 1433
344 798
1124 536
483 1082
650 408
1056 1793
60 1349
1589 1862
1872 944
524 794
1617 194
1068 965
1268 133
429 401
1974 1202
701 1762
1931 1994
1491 446
32 1665
1727 993
39 953
930 988
589 71
1977 650
1246 48
1381 905
647 1763
1893 508
7 1525
1837 1326
1472 814
258 1495
1250 1969
130 409
1344 631
121 1767
53 167
276 785
791 179
1095 657
455 690
29 904
660 1367
1674 500
367 135
1067 175
1673 1816
332 1181
705 742
36 866
1049 464
1668 925
1304 1744
416 734
1900 1351
1431 1564
1975 1237
1222 1563
406 1875
1879 634
915 973
1197 818
343 1019
840 704
860 623
398 492
1652 257
889 750
164 337
94 660
1215 223
0 810
1693 1510
1044 473
1358 1419
1926 1587
114 1037
90 673
1699 1087
1572 1266
625 61
1580 1090
1759 1023
447 254
129 714
540 243
1507 1190
1330 258
217 983
20 368
135 716
904 1318
602 1167
627 1544
1938 45
1868 882
463 1298
1778 1265
1611 672
1485 9
755 1045
563 1398
879 978
1546 1083
473 1414
408 1377
486 898
830 402
1540 820
593 1588
859 1909
286 216
306 1088
1590 1788
1018 1731
971 656
554 1576
218 124
1162 217
1070 221
189 667
1832 1238
1535 170
1452 1961
262 29
703 856
364 1750
1213 1434
936 290
1325 467
330 1357
1565 486
381 134
1207 1941
1962 1502
1549 1042
1430 962
1876 272
1967 364
1970 1080
849 49
124 443
298 773
74 1882
127 556
1030 1248
117 519
1033 1907
818 1067
1825 1338
1784 44
1026 1498
722 1461
397 919
1318 1424
1101 1206
1726 1136
70 487
861 914
1513 1591
778 671
541 315
699 1844
411 824
384 106
617 1608
513 1303
324 1722
918 1280
243 522
1393 628
1701 1773
58 68
1152 1035
1915 228
1839 180
15 491
1519 1868
120 1582
1543 140
1088 1654
1973 997
1300 478
1046 1283
970 1921
24 1094
952 1020
1653 651
1005 1628
784 157
1591 353
54 1477
686 1835
668 1115
1025 1264
