1000
1122 1999
154 967
1699 1422
367 754
1152 1969
1239 1882
568 553
415 706
686 435
295 826
171 950
258 863
723 398
1823 1298
913 208
48 1073
1889 1232
590 531
1973 1148
1297 1824
1593 1528
915 206
224 897
1773 1348
1096 25
1860 1261
1193 1928
506 615
199 922
1043 78
500 621
1204 1917
1946 1175
649 472
1120 1
346 775
899 222
1330 1791
658 463
655 466
888 233
859 262
1870 1251
1754 1367
1418 1703
1518 1603
1810 1311
1552 1569
1707 1414
251 870
1437 1684
726 395
778 343
257 864
822 299
635 486
659 462
1047 74
1562 1559
364 757
865 256
1567 1554
619 502
1380 1741
391 730
264 857
1908 1213
362 759
29 1092
518 603
376 745
911 210
945 176
709 412
808 313
1114 7
522 599
807 314
1288 1833
1339 1782
294 827
1986 1135
404 717
645 476
1995 1126
623 498
1299 1822
1285 1836
6 1115
1734 1387
1156 1965
1234 1887
452 669
1977 1144
1219 1902
1927 1194
473 648
104 1017
461 660
307 814
1568 1553
874 247
1040 81
1411 1710
548 573
1064 57
1923 1198
1883 1238
1585 1536
1361 1760
1514 1607
1275 1846
1933 1188
963 158
269 852
1837 1284
1303 1818
445 676
681 440
1813 1308
1295 1826
1774 1347
1670 1451
953 168
1486 1635
1242 1879
499 622
960 161
1808 1313
482 639
492 629
1461 1660
218 903
1351 1770
477 644
1915 1206
97 1024
1601 1520
80 1041
1862 1259
1535 1586
249 872
680 441
1274 1847
366 755
510 611
748 373
791 330
1743 1378
657 464
121 1000
1272 1849
1402 1719
1572 1549
1671 1450
1081 40
221 900
862 259
1956 1165
634 487
95 1026
504 617
733 388
1400 1721
817 304
805 316
1286 1835
1912 1209
1150 1971
1322 1799
1578 1543
141 980
677 444
898 223
1727 1394
1606 1515
819 302
1146 1975
1697 1424
1105 16
241 880
111 1010
1049 72
318 803
1037 84
620 501
1325 1796
1051 70
756 365
853 268
1524 1597
382 739
1260 1861
1793 1328
37 1084
784 337
1641 1480
1202 1919
1795 1326
1757 1364
1713 1408
1031 90
281 840
1841 1280
1338 1783
1130 1991
1622 1499
138 983
1243 1878
1877 1244
130 991
1027 94
1690 1431
1838 1283
348 773
1169 1952
722 399
1798 1323
1409 1712
178 943
173 948
1668 1453
845 276
1500 1621
1333 1788
96 1025
1436 1685
334 787
350 771
1623 1498
1894 1227
38 1083
1479 1642
228 893
1896 1225
1751 1370
587 534
1246 1875
995 126
538 583
1637 1484
737 384
760 361
1555 1566
1223 1898
941 180
1512 1609
1688 1433
282 839
1573 1548
1996 1125
1296 1825
1056 65
1428 1693
968 153
101 1020
148 973
1054 67
1241 1880
1360 1761
1052 69
1143 1978
315 806
471 650
1792 1329
1850 1271
1674 1447
646 475
958 163
187 934
1187 1934
1807 1314
1340 1781
562 559
1464 1657
1763 1358
653 468
1872 1249
1117 4
1383 1738
1564 1557
1179 1942
1968 1153
891 230
1282 1839
1106 15
170 951
1033 88
1735 1386
1694 1427
1920 1201
1039 82
1570 1551
608 513
273 848
128 993
732 389
1224 1897
1108 13
1002 119
919 202
1820 1301
997 124
147 974
1310 1811
1616 1505
1065 56
93 1028
1924 1197
1182 1939
1899 1222
1121 0
1584 1537
1630 1491
1935 1186
1821 1300
1595 1526
1681 1440
272 849
139 982
1042 79
1982 1139
552 569
936 185
1470 1651
1967 1154
432 689
1780 1341
1217 1904
146 975
887 234
1068 53
1632 1489
303 818
829 292
1459 1662
190 931
227 894
1335 1786
1506 1615
946 175
1590 1531
277 844
1979 1142
408 713
1452 1669
1789 1332
1998 1123
127 994
604 517
763 358
1647 1474
1628 1493
1356 1765
1980 1141
1591 1530
1962 1159
774 347
758 363
27 1094
237 884
1876 1245
1278 1843
1990 1131
1172 1949
1911 1210
511 610
613 508
423 698
1706 1415
711 410
751 370
1522 1599
1932 1189
1930 1191
1827 1294
459 662
679 442
419 702
1393 1728
764 357
850 271
1334 1787
1454 1667
703 418
433 688
1901 1220
1382 1739
1997 1124
933 188
1692 1429
12 1109
704 417
1079 42
1101 20
1906 1215
712 409
431 690
1481 1640
1331 1790
279 842
1611 1510
1726 1395
278 843
1817 1304
861 260
1784 1337
1558 1563
117 1004
226 895
1618 1503
59 1062
1777 1344
1097 24
207 914
1895 1226
490 631
1961 1160
229 892
777 344
716 405
1015 106
1419 1702
628 493
184 937
1405 1716
1545 1576
577 544
929 192
889 232
735 386
1507 1614
1778 1343
896 225
1235 1886
762 359
1277 1844
368 753
1709 1412
1673 1448
992 129
1771 1350
1423 1698
1854 1267
219 902
1547 1574
436 685
600 521
1072 49
1583 1538
1196 1925
1831 1290
1421 1700
1759 1362
105 1016
243 878
112 1009
563 558
920 201
393 728
1116 5
925 196
575 546
927 194
1469 1652
300 821
1992 1129
747 374
182 939
1496 1625
1363 1758
485 636
446 675
380 741
390 731
1560 1561
135 986
244 877
1953 1168
1752 1369
266 855
1610 1511
1185 1936
164 957
375 746
321 800
77 1044
1494 1627
987 134
678 443
1046 75
1346 1775
1203 1918
555 566
494 627
1502 1619
177 944
1718 1403
1001 120
289 832
1865 1256
1974 1147
795 326
203 918
1183 1938
76 1045
1162 1959
155 966
1177 1944
536 585
41 1080
33 1088
1038 83
422 699
110 1011
916 205
705 416
1653 1468
882 239
1922 1199
956 165
883 238
977 144
149 972
985 136
1804 1317
1654 1467
14 1107
1981 1140
1658 1463
1885 1236
290 831
115 1006
34 1087
1127 1994
834 287
516 605
1312 1809
641 480
1371 1750
1634 1487
1643 1478
789 332
1482 1639
618 503
1289 1832
311 810
554 567
964 157
17 1104
89 1032
55 1066
1216 1905
1588 1533
524 597
1764 1357
1649 1472
976 145
1457 1664
1947 1174
11 1110
1392 1729
1624 1497
1441 1680
240 881
162 959
1529 1592
1665 1456
267 854
1661 1460
687 434
169 952
193 928
841 280
340 781
1943 1178
142 979
23 1098
926 195
1305 1816
815 306
1776 1345
1377 1744
291 830
1085 36
1803 1318
87 1034
638 483
181 940
406 715
858 263
625 496
719 402
1207 1914
1399 1722
515 606
512 609
113 1008
151 970
1682 1439
999 122
1985 1136
580 541
1157 1964
1208 1913
430 691
248 873
1916 1205
1384 1737
1385 1736
30 1091
1195 1926
1053 68
906 215
123 998
1069 52
1485 1636
1471 1650
595 526
801 320
633 488
761 360
550 571
407 714
1137 1984
474 647
744 377
1257 1864
637 484
1376 1745
1324 1797
1852 1269
45 1076
721 400
1937 1184
1686 1435
1705 1416
1287 1834
1166 1955
523 598
1571 1550
1401 1720
1868 1253
1620 1501
1449 1672
1587 1534
875 246
1723 1398
1950 1171
674 447
1250 1871
285 836
1993 1128
378 743
235 886
1119 2
1525 1596
1801 1320
1714 1407
1465 1656
729 392
642 479
305 816
901 220
947 174
1240 1881
125 996
460 661
879 242
1309 1812
1903 1218
1565 1556
539 582
1594 1527
44 1077
697 424
890 231
371 750
369 752
352 769
607 514
1958 1163
949 172
1134 1987
1633 1488
1602 1519
351 770
1580 1541
152 969
1691 1430
1111 10
640 481
1678 1443
403 718
664 457
594 527
1155 1966
727 394
250 871
1476 1645
61 1060
1158 1963
1802 1319
820 301
1230 1891
683 438
131 990
1579 1542
672 449
1263 1858
1769 1352
1890 1231
1302 1819
98 1023
710 411
1368 1753
971 150
298 823
349 772
21 1100
1059 62
212 909
1732 1389
1696 1425
1695 1426
92 1029
102 1019
1113 9
537 584
988 133
560 561
1730 1391
166 955
396 725
1666 1455
353 768
137 984
519 602
1070 51
1853 1268
592 529
1061 60
1075 46
1954 1167
1161 1960
495 626
338 783
253 868
63 1058
1255 1866
200 921
1093 28
32 1089
557 564
217 904
342 779
589 532
1848 1273
1581 1540
1381 1740
1170 1951
1475 1646
614 507
1626 1495
1007 114
1840 1281
1532 1589
1355 1766
799 322
601 520
856 265
738 383
1021 100
1747 1374
467 654
794 327
421 700
663 458
579 542
345 776
1717 1404
198 923
1648 1473
1941 1180
372 749
1307 1814
851 270
1003 118
1829 1292
1638 1483
1900 1221
630 491
1321 1800
1755 1366
397 724
213 908
1582 1539
86 1035
740 381
651 470
684 437
1873 1248
1396 1725
85 1036
1095 26
325 796
1929 1192
1354 1767
451 670
329 792
1815 1306
456 665
1074 47
505 616
869 252
183 938
643 478
160 961
335 786
465 656
1683 1438
469 652
209 912
1030 91
1118 3
328 793
427 694
1701 1420
828 293
308 813
596 525
1349 1772
211 910
1859 1262
1446 1675
1005 116
1612 1509
58 1063
355 766
39 1082
838 283
1892 1229
835 286
1388 1733
1445 1676
275 846
453 668
1132 1989
309 812
1211 1910
216 905
742 379
448 673
551 570
767 354
1749 1372
1442 1679
35 1086
1048 73
885 236
454 667
1327 1794
1972 1149
1258 1863
666 455
489 632
1190 1931
1390 1731
1828 1293
930 191
1644 1477
54 1067
780 341
1103 18
1513 1608
204 917
1315 1806
186 935
214 907
1970 1151
965 156
1711 1410
837 284
1842 1279
429 692
1138 1983
1856 1265
245 876
50 1071
565 556
1523 1598
1689 1432
331 790
1018 103
1600 1521
811 310
1704 1417
255 866
1173 1948
809 312
296 825
581 540
132 989
707 414
1577 1544
1434 1687
31 1090
1397 1724
1490 1631
1575 1546
1247 1874
1270 1851
356 765
535 586
333 788
588 533
932 189
1748 1373
1779 1342
509 612
254 867
428 693
143 978
1893 1228
708 413
543 578
71 1050
324 797
1078 43
954 167
1869 1252
1888 1233
1756 1365
924 197
1200 1921
847 274
1316 1805
140 981
696 425
450 671
1663 1458
574 547
1715 1406
99 1022
824 297
1057 64
1099 22
572 549
942 179
1176 1945
1212 1909
1353 1768
1359 1762
497 624
1957 1164
720 401
319 802
1785 1336
1254 1867
530 591
261 860
593 528
682 439
734 387
1708 1413
1976 1145
1884 1237
1508 1613
1617 1504
1629 1492
782 339
1746 1375
1462 1659
798 323
8 1112
695 426
1133 1988
1264 1857
1517 1604
108 1013
1907 1214
1940 1181
420 701
1516 1605
1291 1830
1742 1379
576 545
804 317
1855 1266
288 833
19 1102
385 736
159 962
1276 1845
785 336
109 1012
1655 1466
1014 107
1055 66
1677 1444
