847
773 950
1110 613
262 1461
120 1603
1447 276
649 1074
1366 357
1680 43
486 1237
771 952
571 1152
832 891
742 981
490 1233
1105 618
237 1486
1472 251
1014 709
405 1318
1587 136
880 843
1411 312
420 1303
668 1055
186 1537
1159 564
615 1108
1299 424
305 1418
679 1044
1534 189
1217 506
1658 65
822 901
717 1006
788 935
863 860
865 858
1609 114
1667 56
1313 410
444 1279
947 776
1311 412
1139 584
1254 469
1179 544
1513 210
1075 648
1590 133
1267 456
915 808
672 1051
1305 418
491 1232
1506 217
1270 453
910 813
1562 161
654 1069
522 1201
789 934
1353 370
1079 644
1118 605
998 725
247 1476
1292 431
914 809
1132 591
1405 318
1140 583
437 1286
982 741
1671 52
573 1150
1547 176
446 1277
1683 40
606 1117
484 1239
1387 336
1647 76
1268 455
1001 722
805 918
369 1354
1224 499
526 1197
527 1196
378 1345
627 1096
1036 687
1129 594
671 1052
1136 587
536 1187
938 785
617 1106
4 25
1043 680
1242 481
547 1176
1437 286
847 876
94 1629
655 1068
705 1018
588 1135
174 1549
1350 373
1638 85
494 1229
1328 395
1663 60
1602 121
97 1626
816 907
98 1625
1685 38
71 1652
225 1498
302 1421
1556 167
1264 459
565 1158
1523 200
480 1243
520 1203
164 1559
417 1306
801 922
1483 240
586 1137
911 812
1615 108
823 900
1245 478
1672 51
196 1527
1384 339
804 919
1525 198
67 1656
1289 434
1041 682
1127 596
345 1378
1448 275
857 866
927 796
1361 362
1674 49
986 737
1182 541
525 1198
470 1253
1503 220
574 1149
1171 552
1592 131
374 1349
572 1151
458 1265
691 1032
124 1599
980 743
1383 340
1058 665
474 1249
1113 610
282 1441
1180 543
392 1331
877 846
1573 150
1529 194
1578 145
1072 651
502 1221
673 1050
831 892
1220 503
1543 180
1649 74
1087 636
36 1687
493 1230
1410 313
515 1208
322 1401
510 1213
201 1522
1471 252
129 1594
875 848
724 999
1572 151
924 799
970 753
578 1145
44 1679
218 1505
1501 222
1422 301
960 763
1109 614
407 1316
263 1460
1222 501
797 926
1355 368
483 1240
361 1362
1165 558
1141 582
140 1583
256 1467
498 1225
1442 281
1 28
659 1064
450 1273
1438 285
751 972
641 1082
1389 334
365 1358
728 995
1223 500
1148 575
1673 50
419 1304
125 1598
890 833
386 1337
1509 214
206 1517
479 1244
1492 231
1545 178
1624 99
380 1343
519 1204
836 887
1320 403
1409 314
294 1429
769 954
1619 104
1487 236
37 1686
138 1585
1030 693
9 20
1432 291
1533 190
1295 428
633 1090
739 984
1040 683
41 1682
128 1595
430 1293
1385 338
487 1236
997 726
1184 539
55 1668
1341 382
1274 449
393 1330
603 1120
323 1400
1332 391
1259 464
265 1458
1604 119
348 1375
389 1334
27 2
1163 560
162 1561
830 893
90 1633
1252 471
787 936
624 1099
780 943
1395 328
1356 367
1283 440
1508 215
634 1089
898 825
1143 580
1212 511
1080 643
59 1664
841 882
377 1346
1473 250
1122 601
850 873
1183 540
608 1115
939 784
10 19
1003 720
1630 93
17 12
29 0
307 1416
1365 358
163 1560
495 1228
1083 640
1321 402
258 1465
1287 436
505 1218
1091 632
913 810
1614 109
1271 452
1377 346
945 778
142 1581
166 1557
969 754
760 963
777 946
881 842
968 755
425 1298
965 758
309 1414
269 1454
1514 209
1315 408
1612 111
242 1481
1138 585
66 1657
1155 568
100 1623
298 1425
1413 310
579 1144
977 746
1444 279
1327 396
299 1424
1434 289
1367 356
443 1280
670 1053
399 1324
21 8
532 1191
545 1178
249 1474
1553 170
1314 409
656 1067
681 1042
1463 260
1528 195
148 1575
621 1102
227 1496
1644 79
765 958
602 1121
1147 576
89 1634
1636 87
1371 352
546 1177
1012 711
226 1497
1521 202
820 903
154 1569
1655 68
590 1133
782 941
512 1211
639 1084
930 793
1062 661
756 967
509 1214
211 1512
1489 234
1456 267
750 973
385 1338
1156 567
1519 204
870 853
928 795
1570 153
829 894
14 15
923 800
1351 372
91 1632
462 1261
1281 442
13 16
278 1445
678 1045
852 871
1620 103
1662 61
600 1123
1643 80
706 1017
157 1566
1681 42
149 1574
561 1162
1097 626
1241 482
33 1690
748 975
851 872
1035 688
1617 106
814 909
1107 616
141 1582
1605 118
821 902
173 1550
1588 135
1659 64
1648 75
530 1193
1192 531
1388 335
1255 468
740 983
1641 82
1169 554
1039 684
1526 197
1651 72
612 1111
311 1412
1323 400
1535 188
185 1538
607 1116
533 1190
604 1119
1495 228
235 1488
504 1219
5 24
1490 233
1307 416
181 1542
1524 199
1019 704
1417 306
1310 413
792 931
415 1308
929 794
1531 192
1126 597
1325 398
1360 363
325 1398
255 1468
1181 542
280 1443
1288 435
599 1124
273 1450
22 7
921 802
1175 548
768 955
1164 559
253 1470
1576 147
1591 132
460 1263
350 1373
1025 698
30 1693
905 818
752 971
838 885
686 1037
550 1173
319 1404
781 942
288 1435
1114 609
1317 406
45 1678
203 1520
1616 107
569 1154
629 1094
598 1125
34 1689
707 1016
264 1459
1157 566
826 897
695 1028
1112 611
994 729
317 1406
774 949
1174 549
1665 58
1530 193
239 1484
518 1205
886 837
735 988
1639 84
266 1457
1516 207
152 1571
703 1020
867 856
1548 175
1532 191
1348 375
1593 130
1480 243
989 734
1381 342
1088 635
1469 254
689 1034
1684 39
660 1063
379 1344
1033 690
349 1374
1464 259
229 1494
1382 341
662 1061
1433 290
731 992
985 738
1333 390
817 906
394 1329
555 1168
864 859
1231 492
86 1637
1359 364
1551 172
165 1558
277 1446
1134 589
1048 675
1238 485
1554 169
1060 663
1269 454
31 1692
727 996
736 987
1482 241
1363 360
1312 411
669 1054
1272 451
730 993
359 1364
674 1049
1291 432
925 798
770 953
1666 57
1093 630
1393 330
78 1645
1256 467
959 764
702 1021
1081 642
1309 414
1430 293
1262 461
1250 473
3 26
1555 168
1510 213
1142 581
528 1195
95 1628
908 815
623 1100
878 845
1297 426
274 1449
861 862
62 1661
1397 326
88 1635
1500 223
331 1392
1608 115
457 1266
315 1408
647 1076
63 1660
721 1002
714 1009
1396 327
1209 514
81 1642
556 1167
1186 537
745 978
1206 517
1477 246
692 1031
126 1597
1029 694
964 759
1227 496
803 920
529 1194
879 844
388 1335
383 1340
112 1611
1544 179
827 896
1188 535
957 766
1499 224
1423 300
835 888
917 806
1370 353
433 1290
790 933
1654 69
1580 143
563 1160
1022 701
160 1563
715 1008
1376 347
366 1357
96 1627
476 1247
1507 216
1479 244
212 1511
869 854
155 1568
101 1622
384 1339
1600 123
1502 221
1431 292
344 1379
92 1631
513 1210
762 961
732 991
1066 657
1216 507
1368 355
716 1007
466 1257
1403 320
577 1146
667 1056
937 786
1336 387
1567 156
824 899
1185 538
534 1189
951 772
134 1589
53 1670
1215 508
1284 439
710 1013
1586 137
524 1199
1095 628
1065 658
284 1439
1005 718
1322 401
1536 187
23 6
232 1491
447 1276
422 1301
749 974
1251 472
1200 523
1073 650
631 1092
685 1038
219 1504
463 1260
1540 183
761 962
834 889
489 1234
1172 551
1101 622
944 779
592 1131
117 1606
465 1258
32 1691
1420 303
849 874
1452 271
638 1085
304 1419
1564 159
1584 139
1640 83
1004 719
990 733
1646 77
381 1342
1613 110
1166 557
1077 646
245 1478
1011 712
940 783
105 1618
1170 553
1352 371
1207 516
1541 182
1059 664
113 1610
1688 35
427 1296
652 1071
1462 261
46 1677
912 811
966 757
595 1128
1027 696
1453 270
296 1427
11 18
1675 48
884 839
321 1402
1601 122
445 1278
316 1407
1300 423
1596 127
855 868
700 1023
1386 337
421 1302
1057 666
775 948
1326 397
1010 713
744 979
1451 272
332 1391
1552 171
697 1026
477 1246
1153 570
956 767
593 1130
1415 308
70 1653
354 1369
1515 208
1235 488
1086 637
677 1046
1103 620
1607 116
840 883
54 1669
144 1579
819 904
708 1015
1485 238
1518 205
1070 653
1436 287
1248 475
1024 699
747 976
1440 283
932 791
1621 102
1399 324
1226 497
257 1466
1285 438
916 807
1319 404
645 1078
1294 429
1565 158
376 1347
333 1390
1000 723
1455 268
1098 625
521 1202
1047 676
184 1539
448 1275
619 1104
73 1650
47 1676
1426 297
1546 177
295 1428
1372 351
828 895
343 1380
1577 146
1161 562
1394 329
1282 441
248 1475
230 1493
