3958
2526 529
1451 1604
7091 3880
2749 306
4581 6390
2828 227
1592 1463
1139 1916
839 2216
5313 5658
2455 600
5290 5681
7610 3361
887 2168
7466 3505
7476 3495
2877 178
3335 7636
5856 5115
3688 7283
5316 5655
3565 7406
3001 54
1375 1680
6077 4894
4434 6537
2804 251
270 2785
5544 5427
1653 1402
4201 6770
3811 7160
7521 3450
6093 4878
6167 4804
2181 874
1120 1935
447 2608
4372 6599
6541 4430
6057 4914
7695 3276
7023 3948
4199 6772
6882 4089
448 2607
3164 7807
4776 6195
2748 307
3931 7040
1450 1605
935 2120
2841 214
1368 1687
619 2436
6095 4876
2408 647
5716 5255
4337 6634
1207 1848
187 2868
6281 4690
211 2844
6704 4267
4424 6547
979 2076
4596 6375
6411 4560
2452 603
5695 5276
6715 4256
1077 1978
3011 44
4223 6748
7776 3195
4383 6588
5634 5337
4678 6293
4390 6581
2041 1014
4143 6828
3739 7232
2982 73
7249 3722
5873 5098
7033 3938
2445 610
596 2459
3960 7011
5733 5238
5484 5487
1320 1735
7825 3146
6678 4293
4480 6491
3200 7771
1738 1317
6687 4284
5381 5590
2716 339
3921 7050
103 2952
6325 4646
2067 988
1095 1960
1962 1093
2434 621
1472 1583
3357 7614
722 2333
3045 10
5063 5908
1304 1751
7504 3467
4071 6900
5088 5883
1236 1819
714 2341
2262 793
4809 6162
1199 1856
1316 1739
230 2825
1211 1844
3967 7004
4782 6189
1478 1577
2802 253
3854 7117
6207 4764
2921 134
180 2875
2682 373
4500 6471
685 2370
5132 5839
5842 5129
6139 4832
3007 48
7836 3135
2976 79
1834 1221
3830 7141
7164 3807
6439 4532
3982 6989
908 2147
7912 3059
7017 3954
6199 4772
424 2631
243 2812
3198 7773
2616 439
2101 954
4799 6172
5159 5812
4853 6118
396 2659
617 2438
2691 364
5968 5003
2002 1053
7628 3343
5135 5836
2837 218
4321 6650
4504 6467
5172 5799
376 2679
7154 3817
4314 6657
3253 7718
7455 3516
902 2153
1713 1342
5773 5198
3406 7565
7366 3605
7255 3716
5801 5170
4083 6888
7500 3471
2741 314
5980 4991
4630 6341
2958 97
6549 4422
5994 4977
5767 5204
2605 450
3314 7657
5904 5067
1064 1991
5872 5099
1439 1616
5830 5141
6239 4732
3171 7800
2421 634
1539 1516
5278 5693
2566 489
5543 5428
1166 1889
6893 4078
4849 6122
7670 3301
667 2388
686 2369
6474 4497
2600 455
889 2166
6460 4511
3923 7048
1068 1987
4495 6476
5743 5228
1233 1822
202 2853
3703 7268
6810 4161
1691 1364
1683 1372
7550 3421
2073 982
4694 6277
834 2221
5194 5777
6399 4572
7125 3846
2359 696
7712 3259
4547 6424
4891 6080
1519 1536
4919 6052
2477 578
7468 3503
7370 3601
2962 93
5415 5556
2789 266
2645 410
782 2273
2869 186
1167 1888
3768 7203
3363 7608
2292 763
7262 3709
2832 223
4598 6373
262 2793
630 2425
2680 375
349 2706
2561 494
1992 1063
190 2865
5254 5717
5107 5864
5236 5735
7605 3366
728 2327
7910 3061
2252 803
5029 5942
7792 3179
1479 1576
7552 3419
6262 4709
859 2196
7054 3917
2611 444
7490 3481
1210 1845
1651 1404
5324 5647
4000 6971
2103 952
7499 3472
4034 6937
5567 5404
2133 922
3355 7616
4923 6048
1176 1879
5855 5116
3748 7223
6837 4134
2122 933
5766 5205
6002 4969
6435 4536
2386 669
309 2746
2052 1003
4626 6345
995 2060
3303 7668
5607 5364
7475 3496
1952 1103
6512 4459
2830 225
2539 516
7645 3326
6268 4703
5749 5222
7767 3204
1243 1812
6056 4915
1625 1430
5948 5023
4354 6617
2416 639
5893 5078
4431 6540
5059 5912
6227 4744
421 2634
1374 1681
1708 1347
3069 7902
2023 1032
3723 7248
6053 4918
6036 4935
5430 5541
6843 4128
7571 3400
2328 727
1548 1507
4889 6082
390 2665
7502 3469
3994 6977
406 2649
6110 4861
962 2093
2731 324
4163 6808
3585 7386
4695 6276
3348 7623
7827 3144
5578 5393
3805 7166
291 2764
7720 3251
7027 3944
1524 1531
5910 5061
597 2458
7156 3815
2248 807
5600 5371
2710 345
6211 4760
7905 3066
5984 4987
5032 5939
1864 1191
7157 3814
2857 198
2815 240
2779 276
1571 1484
7656 3315
510 2545
1659 1396
7624 3347
3976 6995
192 2863
2374 681
2124 931
4993 5978
5058 5913
2331 724
2654 401
5961 5010
3832 7139
4475 6496
7162 3809
7804 3167
2655 400
4720 6251
2059 996
244 2811
5146 5825
6793 4178
2597 458
311 2744
2079 976
2138 917
2085 970
5040 5931
5250 5721
4010 6961
2116 939
5418 5553
5651 5320
927 2128
4886 6085
6339 4632
3866 7105
846 2209
2337 718
4719 6252
3863 7108
1118 1937
702 2353
810 2245
5 3050
3955 7016
3247 7724
2193 862
5722 5249
5445 5526
6343 4628
7615 3356
5524 5447
1775 1280
6363 4608
6236 4735
5966 5005
3599 7372
386 2669
6489 4482
1717 1338
6462 4509
2808 247
1357 1698
1279 1776
3312 7659
1119 1936
155 2900
2205 850
7756 3215
159 2896
573 2482
5478 5493
7661 3310
643 2412
1896 1159
357 2698
6423 4548
2479 576
7651 3320
3974 6997
5746 5225
1948 1107
2422 633
1826 1229
5511 5460
1066 1989
5332 5639
3642 7329
6983 3988
5211 5760
5454 5517
3425 7546
7192 3779
1125 1930
7308 3663
3015 40
2784 271
3302 7669
4067 6904
4810 6161
594 2461
4761 6210
749 2306
4550 6421
7717 3254
903 2152
881 2174
5346 5625
4967 6004
6913 4058
3459 7512
75 2980
3217 7754
461 2594
6691 4280
1893 1162
3418 7553
1706 1349
1661 1394
2506 549
6274 4697
151 2904
336 2719
199 2856
4240 6731
7086 3885
2694 361
592 2463
6801 4170
4669 6302
559 2496
4135 6836
5104 5867
4006 6965
7769 3202
275 2780
3159 7812
7024 3947
3724 7247
6778 4193
26 3029
4587 6384
3395 7576
6568 4403
5065 5906
4828 6143
78 2977
5665 5306
4865 6106
1387 1668
3924 7047
4757 6214
6951 4020
3373 7598
2162 893
1459 1596
5788 5183
6891 4080
7275 3696
6449 4522
2043 1012
4353 6618
5282 5689
5585 5386
6340 4631
4726 6245
796 2259
2397 658
7599 3372
4127 6844
150 2905
3304 7667
4974 5997
4001 6970
1055 2000
6918 4053
6709 4262
4140 6831
2424 631
7227 3744
6820 4151
6780 4191
1033 2022
1360 1695
2144 911
2356 699
3096 7875
1753 1302
4601 6370
5358 5613
4637 6334
2613 442
629 2426
1078 1977
4534 6437
4624 6347
1473 1582
1514 1541
66 2989
5375 5596
2098 957
2557 498
6953 4018
3129 7842
6812 4159
679 2376
2351 704
5182 5789
2108 947
1542 1513
3693 7278
3614 7357
5431 5540
6403 4568
34 3021
4806 6165
4530 6441
131 2924
1213 1842
507 2548
2920 135
4274 6697
802 2253
7417 3554
2771 284
884 2171
6349 4622
2625 430
4279 6692
2281 774
3175 7796
6872 4099
7209 3762
6344 4627
4640 6331
7824 3147
7794 3177
1494 1561
7314 3657
2020 1035
6728 4243
2836 219
2642 413
1171 1884
3079 7892
2700 355
3371 7600
1049 2006
462 2593
2592 463
7627 3344
5342 5629
1381 1674
6185 4786
3115 7856
6087 4884
3852 7119
3329 7642
2942 113
4455 6516
5521 5450
1354 1701
4316 6655
5496 5475
3174 7797
2299 756
6550 4421
2978 77
964 2091
3749 7222
3911 7060
3248 7723
635 2420
6611 4360
3298 7673
5503 5468
5952 5019
53 3002
4673 6298
4618 6353
7302 3669
7575 3396
4087 6884
3222 7749
3891 7080
3227 7744
1352 1703
5924 5047
6933 4038
3607 7364
2850 205
7474 3497
3065 7906
2563 492
7076 3895
6517 4454
5405 5566
7612 3359
5312 5659
3928 7043
6604 4367
4943 6028
1976 1079
3212 7759
1151 1904
6981 3990
2713 342
754 2301
3686 7285
1291 1764
2945 110
7775 3196
7779 3192
848 2207
5645 5326
15 3040
1190 1865
3732 7239
2309 746
524 2531
5331 5640
5026 5945
2886 169
2559 496
207 2848
5303 5668
7560 3411
2380 675
664 2391
6556 4415
3855 7116
4252 6719
4741 6230
4779 6192
5673 5298
3788 7183
5421 5550
4672 6299
3641 7330
382 2673
3291 7680
1883 1172
6127 4844
7129 3842
3847 7124
1362 1693
1762 1293
6584 4387
6040 4931
3705 7266
2344 711
201 2854
7136 3835
6248 4723
2671 384
2533 522
7450 3521
1272 1783
1105 1950
1953 1102
4162 6809
233 2822
6381 4590
5237 5734
960 2095
389 2666
550 2505
5506 5465
4247 6724
4007 6964
378 2677
3350 7621
3677 7294
1277 1778
626 2429
5444 5527
2797 258
3901 7070
1457 1598
5124 5847
4793 6178
4499 6472
4513 6458
3667 7304
2562 493
6387 4584
4339 6632
838 2217
6113 4858
891 2164
7716 3255
3945 7026
7360 3611
6999 3972
7602 3369
682 2373
6993 3978
1274 1781
562 2493
7831 3140
2955 100
504 2551
6842 4129
5248 5723
5024 5947
4322 6649
2195 860
2065 990
7161 3810
7532 3439
7844 3127
6216 4755
6238 4733
523 2532
6960 4011
5471 5500
7099 3872
7903 3068
3067 7904
7243 3728
7655 3316
866 2189
2355 700
7788 3183
3172 7799
665 2390
3701 7270
5886 5085
3801 7170
4463 6508
6785 4186
2737 318
7593 3378
1161 1894
5253 5718
4342 6629
6973 3998
4615 6356
1180 1875
4395 6576
1288 1767
974 2081
5197 5774
6668 4303
4588 6383
360 2695
6444 4527
1892 1163
4468 6503
2319 736
7028 3943
6286 4685
3431 7540
2579 476
2263 792
7062 3909
5360 5611
7704 3267
5489 5482
6825 4146
5756 5215
2941 114
5095 5876
1925 1130
7743 3228
6406 4565
2130 925
194 2861
632 2423
6578 4393
1984 1071
971 2084
1133 1922
5219 5752
2320 735
3220 7751
2636 419
6619 4352
3124 7847
2313 742
6665 4306
1807 1248
6144 4827
3633 7338
6520 4451
1704 1351
1415 1640
7573 3398
3404 7567
1747 1308
3853 7118
335 2720
5573 5398
4478 6493
2182 873
2986 69
3094 7877
6807 4164
5605 5366
140 2915
2475 580
6159 4812
5848 5123
147 2908
4091 6880
4054 6917
5761 5210
7528 3443
1100 1955
2201 854
2294 761
4182 6789
5582 5389
3044 11
2056 999
1204 1851
5259 5712
6593 4378
4130 6841
6206 4765
5203 5768
6401 4570
7264 3707
670 2385
7588 3383
4253 6718
2077 978
3905 7066
4291 6680
943 2112
4273 6698
1009 2046
1763 1292
6923 4048
7896 3075
3804 7167
4837 6134
4381 6590
7887 3084
4668 6303
1552 1503
166 2889
4361 6610
6010 4961
5323 5648
4073 6898
1153 1902
1144 1911
3173 7798
7766 3205
7653 3318
3823 7148
1562 1493
7177 3794
4258 6713
581 2474
6313 4658
4413 6558
5941 5030
6200 4771
4309 6662
2384 671
3285 7686
5234 5737
6414 4557
1727 1328
1868 1187
6615 4356
2702 353
2047 1008
5334 5637
319 2736
7257 3714
579 2476
4344 6627
1056 1999
1048 2007
5305 5666
6651 4320
2066 989
4594 6377
3765 7206
5684 5287
6024 4947
4441 6530
5862 5109
1265 1790
6358 4613
2419 636
661 2394
2612 443
5436 5535
3090 7881
950 2105
5273 5698
5128 5843
4963 6008
3761 7210
4936 6035
6890 4081
2894 161
7095 3876
5580 5391
1353 1702
2228 827
6766 4205
2498 557
1654 1401
7388 3583
3224 7747
6320 4651
4578 6393
1148 1907
5426 5545
7750 3221
7915 3056
6094 4877
2891 164
1059 1996
347 2708
5868 5103
5339 5632
2277 778
1092 1963
1027 2028
5406 5565
1737 1318
4263 6708
3660 7311
5429 5542
1673 1382
2847 208
3782 7189
7305 3666
4577 6394
2072 983
822 2233
5513 5458
4043 6928
1734 1321
3616 7355
4249 6722
1461 1594
38 3017
1979 1076
7672 3299
7409 3562
7484 3487
1910 1145
3647 7324
7352 3619
3434 7537
4689 6282
7820 3151
3653 7318
5595 5376
4471 6500
6852 4119
4221 6750
5975 4996
2036 1019
3071 7900
2003 1052
3902 7069
7823 3148
6037 4934
6930 4041
7581 3390
4585 6386
6100 4871
840 2215
1269 1786
4330 6641
2178 877
5362 5609
1188 1867
7843 3128
4750 6221
5302 5669
2364 691
3904 7067
3964 7007
6954 4017
572 2483
4245 6726
4866 6105
5246 5725
1669 1386
3284 7687
5419 5552
5184 5787
993 2062
3231 7740
3430 7541
3692 7279
5502 5469
1206 1849
7519 3452
1575 1480
6269 4702
6066 4905
5160 5811
937 2118
5772 5199
1245 1810
7802 3169
5158 5813
6967 4004
55 3000
3072 7899
5000 5971
980 2075
3091 7880
7204 3767
2382 673
5309 5662
6490 4481
6907 4064
7690 3281
3673 7298
799 2256
6824 4147
5650 5321
6231 4740
5096 5875
3340 7631
5587 5384
6272 4699
4168 6803
1435 1620
2044 1011
5685 5286
888 2167
142 2913
7152 3819
4666 6305
1551 1504
1530 1525
6326 4645
3433 7538
6428 4543
5488 5483
3216 7755
2807 248
6924 4047
2099 956
7430 3541
4593 6378
637 2418
7507 3464
3474 7497
5692 5279
5927 5044
6027 4944
473 2582
1127 1928
7551 3420
2312 743
7172 3799
7607 3364
2289 766
7859 3112
3802 7169
7035 3936
57 2998
4241 6730
2241 814
6848 4123
6228 4743
1117 1938
7341 3630
2602 453
7137 3834
3038 17
4260 6711
6208 4763
2430 625
7414 3557
7862 3109
4670 6301
445 2610
1789 1266
668 2387
5603 5368
7034 3937
7380 3591
3125 7846
752 2303
6538 4433
1440 1615
98 2957
6871 4100
899 2156
5896 5075
210 2845
3180 7791
1137 1918
5101 5870
1997 1058
5530 5441
7760 3211
6684 4287
4479 6492
1366 1689
3689 7282
3483 7488
4112 6859
1716 1339
3992 6979
4643 6328
5311 5660
7055 3916
4835 6136
436 2619
1535 1520
5865 5106
4019 6952
2029 1026
7706 3265
1905 1150
1205 1850
6187 4784
2918 137
4477 6494
1496 1559
2242 813
3264 7707
6777 4194
501 2554
3520 7451
5351 5620
1247 1808
4060 6911
1361 1694
7698 3273
7785 3186
5601 5370
460 2595
1623 1432
5285 5686
7457 3514
4486 6485
7618 3353
4498 6473
1949 1106
7182 3789
7762 3209
4742 6229
3606 7365
5957 5014
32 3023
7058 3913
2589 466
1178 1877
7557 3414
7267 3704
2534 521
955 2100
5414 5557
6669 4302
2188 867
4803 6168
5815 5156
1050 2005
181 2874
358 2697
6012 4959
6247 4724
7626 3345
1821 1234
1874 1181
2249 806
2644 411
1964 1091
5857 5114
1567 1488
7008 3963
3460 7511
7147 3824
5190 5781
4107 6864
4264 6707
5599 5372
3681 7290
7891 3080
7078 3893
7061 3910
1111 1944
4823 6148
1557 1498
1098 1957
3890 7081
1123 1932
563 2492
4583 6388
1803 1252
6275 4696
6689 4282
7483 3488
6193 4778
5805 5166
2614 441
2969 86
4336 6635
535 2520
3984 6987
2926 129
4829 6142
7814 3157
5363 5608
5174 5797
6257 4714
3282 7689
290 2765
2887 168
7089 3882
1369 1686
4999 5972
4075 6896
310 2745
4329 6642
2791 264
7350 3621
4203 6768
741 2314
3099 7872
49 3006
7684 3287
6006 4965
6308 4663
5117 5854
4009 6962
5764 5207
2349 706
5139 5832
7678 3293
2170 885
5126 5845
217 2838
3325 7646
5490 5481
5687 5284
7465 3506
3134 7837
6237 4734
2652 403
2767 288
6706 4265
6164 4807
4553 6418
7218 3753
1589 1466
1682 1373
485 2570
2872 183
541 2514
7486 3485
3970 7001
1423 1632
1419 1636
5354 5617
104 2951
5784 5187
6857 4114
6543 4428
5416 5555
5821 5150
7548 3423
21 3034
1729 1326
3869 7102
7727 3244
6552 4419
4907 6064
4576 6395
919 2136
4641 6330
6886 4085
7074 3897
1508 1547
5143 5828
72 2983
6466 4505
5646 5325
3010 45
6307 4664
4925 6046
6950 4021
4710 6261
4860 6111
4227 6744
2966 89
6574 4397
901 2154
1220 1835
4976 5995
1898 1157
5974 4997
7361 3610
921 2134
5946 5025
4528 6443
6038 4933
4172 6799
2709 346
2365 690
6030 4941
5699 5272
7015 3956
2378 677
1296 1759
4908 6063
4027 6944
2017 1038
3509 7462
3341 7630
6204 4767
5964 5007
2757 298
2279 776
138 2917
7790 3181
3803 7168
4388 6583
7299 3672
2973 82
7009 3962
7258 3713
852 2203
456 2599
5361 5610
3595 7376
3176 7795
6873 4098
4561 6410
2782 273
7335 3636
2163 892
7371 3600
6128 4843
7601 3370
3580 7391
7277 3694
4693 6278
6121 4850
5809 5162
5108 5863
7331 3640
7252 3719
4916 6055
1942 1113
4384 6587
4391 6580
6858 4113
6675 4296
948 2107
4120 6851
4937 6034
7563 3408
2090 965
3399 7572
3107 7864
94 2961
5221 5750
646 2409
6573 4398
5333 5638
428 2627
4541 6430
745 2310
334 2721
6838 4133
530 2525
2401 654
7265 3706
4531 6440
3105 7866
4485 6486
1685 1370
2269 786
3720 7251
1174 1881
4400 6571
1420 1635
1630 1425
2626 429
4165 6806
4357 6614
2787 268
5137 5834
4106 6865
6479 4492
6546 4425
2656 399
7464 3507
7805 3166
6753 4218
5229 5742
3604 7367
2481 574
6779 4192
6566 4405
4642 6329
805 2250
7405 3566
4544 6427
6963 4008
5013 5958
781 2274
367 2688
226 2829
1692 1363
4036 6935
6798 4173
588 2467
6811 4160
7590 3381
7449 3522
5307 5664
6284 4687
5015 5956
5709 5262
4117 6854
5589 5382
5069 5902
5560 5411
1710 1345
3083 7888
3708 7263
3800 7171
2316 739
2817 238
5727 5244
3751 7220
3218 7753
7197 3774
4345 6626
5661 5310
1344 1711
2621 434
4766 6205
5034 5937
3375 7596
4025 6946
7505 3466
5810 5161
1565 1490
4873 6098
1232 1823
800 2255
569 2486
5726 5245
5993 4978
607 2448
5923 5048
751 2304
4929 6042
1025 2030
2572 483
3608 7363
2225 830
3286 7685
4154 6817
7777 3194
249 2806
4462 6509
407 2648
4417 6554
4579 6392
1629 1426
1399 1656
320 2735
1946 1109
6315 4656
2519 536
3615 7356
4447 6524
5758 5213
6771 4200
479 2576
6131 4840
220 2835
5186 5785
7092 3879
1613 1442
5798 5173
7281 3690
5257 5714
4118 6853
4617 6354
719 2336
1336 1719
3393 7578
6285 4686
6311 4660
4510 6461
2571 484
280 2775
1677 1378
2220 835
1061 1994
3384 7587
4785 6186
5967 5004
84 2971
6310 4661
4852 6119
3567 7404
6300 4671
1818 1237
278 2777
6816 4155
6061 4910
2135 920
2935 120
5976 4995
416 2639
6644 4327
2393 662
5261 5710
775 2280
5291 5680
6869 4102
709 2346
5706 5265
5880 5091
3256 7715
4437 6534
6367 4604
2165 890
1878 1177
5345 5626
7115 3856
6374 4597
2290 765
4076 6895
2117 938
4097 6874
2798 257
1383 1672
5200 5771
7052 3919
1860 1195
1754 1301
4157 6814
2860 195
7908 3063
6191 4780
3785 7186
3776 7195
7562 3409
3860 7111
7155 3816
5584 5387
6047 4924
4470 6501
2855 200
329 2726
3831 7140
2051 1004
4325 6646
1816 1239
5501 5470
1108 1947
4789 6182
1749 1306
3826 7145
2699 356
6099 4872
5731 5240
4610 6361
5403 5568
1972 1083
4176 6795
1487 1568
1175 1880
1149 1906
7784 3187
4189 6782
7886 3085
5935 5036
7722 3249
3461 7510
1755 1300
5064 5907
5719 5252
7662 3309
4728 6243
5456 5515
315 2740
4842 6129
6289 4682
3586 7385
2633 422
2169 886
7397 3574
6294 4677
6348 4623
6628 4343
3296 7675
5046 5925
2849 206
4088 6883
5563 5408
6194 4777
3493 7478
1610 1445
4948 6023
5879 5092
2707 348
6475 4496
2722 333
3787 7184
2034 1021
3077 7894
6255 4716
1798 1257
5822 5149
7096 3875
812 2243
4297 6674
733 2322
7344 3627
1295 1760
5209 5762
2925 130
3206 7765
1862 1193
2140 915
2939 116
2883 172
5820 5151
1697 1358
7228 3743
3054 1
7514 3457
7013 3958
5329 5642
701 2354
6416 4555
2383 672
6265 4706
7144 3827
2967 88
4003 6968
3969 7002
6901 4070
5180 5791
2050 1005
4868 6103
5965 5006
4526 6445
31 3024
4909 6062
2819 236
2530 525
6861 4110
5385 5586
3234 7737
25 3030
2956 99
6920 4051
3188 7783
467 2588
4402 6569
6016 4955
7064 3907
7401 3570
878 2177
811 2244
4953 6018
4340 6631
7520 3451
7288 3683
6132 4839
6699 4272
3596 7375
2009 1046
328 2727
1424 1631
6469 4502
1679 1376
2018 1037
2609 446
6877 4094
3656 7315
4290 6681
6996 3975
7778 3193
2191 864
5349 5622
6451 4520
6830 4141
5409 5562
3413 7558
1644 1411
1540 1515
5373 5598
3233 7738
2395 660
3983 6988
5380 5591
4438 6533
4104 6867
2620 435
5636 5335
1543 1512
4197 6774
3734 7237
7757 3214
2662 393
7786 3185
7509 3462
2033 1022
3155 7816
4030 6941
7700 3271
5178 5793
1707 1348
7121 3850
7276 3695
1600 1455
537 2518
5080 5891
2379 676
2689 366
3160 7811
2927 128
3289 7682
1264 1791
5056 5915
459 2596
1670 1385
5288 5683
5319 5652
7348 3623
5155 5816
68 2987
1622 1433
6415 4556
577 2478
1621 1434
6548 4423
6751 4220
5853 5118
2738 317
7806 3165
3906 7065
7501 3470
6758 4213
7637 3334
5479 5492
6163 4808
4153 6818
6529 4442
1586 1469
1278 1777
5554 5417
6756 4215
7045 3926
4659 6312
5452 5519
2774 281
3861 7110
1746 1309
875 2180
7399 3572
4746 6225
4848 6123
5495 5476
47 3008
449 2606
7424 3547
4299 6672
4817 6154
387 2668
7312 3659
3655 7316
6544 4427
1115 1940
5795 5176
4514 6457
4952 6019
7241 3730
1371 1684
5202 5769
4856 6115
2947 108
4136 6835
1492 1563
481 2574
1260 1795
1570 1485
4737 6234
7473 3498
7351 3620
343 2712
7622 3349
6400 1733
330 2725
5453 5518
1752 1303
5247 5724
7584 3387
5844 5127
784 2271
7828 3143
2366 689
2871 184
7442 3529
3028 27
4212 6759
7436 3535
1913 1142
7620 3351
4286 6685
4713 6258
7617 3354
6160 4811
6903 4068
6141 4830
2734 321
998 2057
958 2097
1722 1333
4062 6909
5301 5670
7649 3322
331 2724
1129 1926
4167 6804
279 2776
6582 4389
3661 7310
2149 906
7913 3058
5053 5918
7889 3082
2283 772
7354 3617
7151 3820
3914 7057
2909 146
1981 1074
3773 7198
1001 2054
7703 3268
918 2137
2510 545
5776 5195
3980 6991
571 2484
2061 994
5539 5432
2187 868
5224 5747
4796 6175
3993 6978
3778 7193
6579 4392
2235 820
2851 204
1794 1261
5388 5583
7012 3959
35 3020
6333 4638
7734 3237
4773 6198
5462 5509
7090 3881
398 2657
1409 1646
1723 1332
5548 5423
1276 1779
717 2338
2810 245
4269 6702
4922 6049
2762 293
209 2846
3367 7604
4298 6673
1443 1612
755 2300
292 2763
7453 3518
693 2362
269 2786
880 2175
7485 3486
7025 3946
2318 737
1087 1968
4582 6389
5379 5592
3865 7106
2503 552
4401 6570
6732 4239
2910 145
7721 3250
2125 930
5191 5780
4769 6202
2937 118
7377 3594
5786 5185
4416 6555
7664 3307
2129 926
2465 590
6940 4031
1400 1655
817 2238
1658 1397
4271 6700
4756 6215
3777 7194
5792 5179
1186 1869
7803 3168
4759 6212
2598 457
3598 7373
5201 5770
7819 3152
6729 4242
2870 185
3771 7200
3266 7705
7835 3136
7694 3277
7094 3877
2897 158
1122 1933
7461 3510
897 2158
6922 4049
7113 3858
4318 6653
1438 1617
2840 215
7381 3590
4870 6101
385 2670
191 2864
6065 4906
6149 4822
3426 7545
4751 6220
4407 6564
2805 250
6137 4834
1886 1169
107 2948
6553 4418
7075 3896
2102 953
6112 4859
5374 5597
3137 7834
1521 1534
4436 6535
5738 5233
3654 7317
6478 4493
2964 91
5633 5338
4294 6677
2494 561
2042 1013
3961 7010
5208 5763
1491 1564
1365 1690
149 2906
297 2758
5606 5365
2590 465
4092 6879
611 2444
7432 3539
2831 224
6666 4305
1908 1147
2315 740
3979 6992
946 2109
6638 4333
404 2651
3733 7238
975 2080
3394 7577
4571 1322
5420 5551
4653 6318
3685 7286
7114 3857
4701 6270
391 2664
6446 4525
6260 4711
1405 1650
928 2127
4059 6912
7874 3097
3422 7549
3055 0
3118 7853
991 2064
648 2407
6862 4109
4949 6022
6495 4476
2833 222
7763 3208
6263 4708
2405 650
1676 1379
3500 7471
5422 5549
3697 7274
3163 7808
4207 6764
1489 1566
7236 3735
6754 4217
6845 4126
6591 4380
4229 6742
824 2231
4359 6612
5894 5077
4183 6788
6846 4125
1075 1980
6155 4816
7594 3377
1500 1555
656 2399
1410 1645
5944 5027
2377 678
6510 4461
7088 3883
5713 5258
2490 565
1591 1464
3295 7676
3036 19
4654 6317
7392 3579
3887 7084
732 2323
7235 3736
126 2929
2542 513
2375 680
2210 845
3376 7595
2993 62
5274 5697
7508 3463
7879 3092
7885 3086
2936 119
4603 6368
4957 6014
7233 3738
2902 153
4562 6409
5033 5938
5315 5656
3412 7559
51 3004
4469 6502
7138 3833
4474 6497
4196 6775
3746 7225
4971 6000
2302 753
106 2949
6117 4854
1323 1732
4072 6899
7439 3532
6932 4039
7103 3868
7652 3319
7660 3311
2086 969
305 2750
3087 7884
5895 5076
5062 5909
872 2183
1961 1094
7039 3932
4185 6786
13 3042
3438 7533
5874 5097
6690 4281
5054 5917
5402 5569
6319 4652
379 2676
907 2148
2038 1017
7201 3770
5576 5395
3870 7101
6743 4228
5352 5619
7564 3407
6536 4435
7787 3184
3392 7579
1804 1251
1244 1811
3649 7322
2824 231
7459 3512
432 2623
4394 6577
2985 70
7309 3662
1458 1597
3530 7441
316 2739
5744 5227
426 2629
3049 6
5559 5412
2142 913
3839 7132
212 2843
363 2692
4248 6723
582 2473
1141 1914
4998 5973
5674 5297
50 3005
2126 929
7733 3238
5263 5708
1766 1289
3727 7244
1392 1663
7613 3358
3170 7801
4612 6359
4558 6413
5852 5119
7362 3609
6597 4374
2732 323
4488 6483
7663 3308
3884 7087
4093 6878
2257 798
2814 241
5884 5087
1297 1758
1941 1114
5152 5819
1183 1872
3122 7849
2345 710
4621 6350
90 2965
2502 553
5094 5877
3965 7006
5899 5072
2618 437
5514 5457
3569 7402
797 2258
4195 6776
1467 1588
7870 3101
4254 6717
7289 3682
1135 1920
2516 539
7082 3889
2508 547
1146 1909
4458 6513
1939 1116
7591 3380
1619 1436
2454 601
4466 6505
747 2308
959 2096
4569 6402
3784 7187
3391 7580
4464 6507
2544 511
388 2667
4244 6727
1028 2027
3925 7046
5711 5260
3684 7287
997 2058
1483 1572
1427 1628
6607 4364
5066 5905
4573 6398
5930 5041
7489 3482
3242 7729
2903 152
5480 5491
3076 7895
3790 7181
2011 1044
6943 4028
454 2601
2603 452
5732 5239
4412 6559
3070 7901
6316 4655
5355 5616
3458 7513
2675 380
4382 6589
6306 4665
3538 7433
2890 165
517 2538
1325 1730
4951 6020
4410 6561
6622 4349
3670 7301
176 2879
2398 657
4346 6625
3026 29
7394 3577
352 2703
589 2466
748 2307
7506 3465
2082 973
7342 3629
5871 5100
4456 6515
2371 684
6314 4657
1665 1390
3035 20
7021 3950
5831 5140
5641 5330
2628 427
359 2696
3618 7353
1395 1660
1649 1406
2410 645
3900 7071
5086 5885
6054 4917
6327 4644
2884 171
7133 3838
3012 43
1246 1809
7839 3132
277 2778
4882 6089
2415 640
1136 1919
221 2834
6792 4179
1614 1441
6287 4684
6621 4350
6405 4566
5130 5841
2246 809
5271 5700
2199 856
7898 3073
76 2979
7122 3849
5694 5277
6931 4040
1728 1327
1255 1800
1215 1840
4940 6031
2540 515
4363 6608
3553 7418
540 2515
713 2342
1097 1958
6059 4912
5413 5558
6114 4857
4079 6892
6856 4115
237 2818
1638 1417
1173 1882
1030 2025
1254 1801
6235 4736
3766 7205
2131 924
7085 3886
5823 5148
5982 4989
5817 5154
2497 558
362 2693
2068 987
1900 1155
3844 7127
2363 692
2083 972
945 2110
5136 5835
5340 5631
5804 5167
2705 350
4749 6222
7848 3123
5889 5082
3892 7079
683 2372
6184 4787
7216 3755
7643 3328
4096 6875
3989 6982
4111 6860
649 2406
2641 414
3306 7665
1718 1337
4144 6827
6542 4429
6041 4930
3837 7134
4826 6145
1526 1529
967 2088
659 2396
1974 1081
5485 5486
5878 5093
4790 6181
6658 4313
6761 4210
4679 6292
3737 7234
394 2661
5998 4973
2485 570
7911 3060
4619 6352
6847 4124
490 2565
7748 3223
4132 6839
4308 6663
1039 2016
4962 6009
4801 6170
4692 6279
5039 5932
3772 7199
5083 5888
6357 4614
941 2114
3556 7415
4142 6829
6975 3996
1080 1975
2794 261
6645 4326
6297 4674
5736 5235
4862 6109
1590 1465
2325 730
2728 327
4781 6190
2489 566
4538 6433
5251 5720
4376 6595
7425 3546
1099 1956
5849 5122
2296 759
2543 512
3235 7736
6585 4386
2218 837
1854 1201
6539 4432
6259 4712
6813 4158
4574 6397
531 2524
7850 3121
5497 5474
7178 3793
409 2646
1954 1101
4956 6015
2024 1031
2617 438
1772 1283
2558 497
5594 5377
2640 415
7333 3638
6332 4639
2499 556
4148 6823
1023 2032
7340 3631
5977 4994
5532 5439
4171 6800
1853 1202
2001 1054
74 2981
3269 7702
1721 1334
451 2604
3389 7582
7347 3624
5451 5520
4607 6364
6682 4289
6605 4366
6271 4700
3731 7240
7389 3582
6180 4791
1969 1086
1421 1634
2432 623
5533 5438
4246 6725
1793 1262
6360 4611
7815 3156
4285 6686
6606 4365
418 2637
1666 1389
3563 7408
5887 5084
2690 365
1217 1838
5357 5614
58 2997
2222 833
6955 4016
4768 6203
7713 3258
1096 1959
7291 3680
7840 3131
3581 7390
3822 7149
6531 4440
7452 3519
7229 3742
6133 4838
4770 6201
4705 6266
392 2663
2389 666
304 2751
3327 7644
8 3047
6797 4174
61 2994
6763 4208
1084 1971
1608 1447
7327 3644
3257 7714
7284 3687
2132 923
2350 705
5435 5536
7313 3658
914 2141
1825 1230
1271 1784
7696 3275
3729 7242
4979 5992
5593 5378
2788 267
1340 1715
7460 3511
296 2759
534 2521
7435 3536
1847 1208
4426 6545
4204 6767
7123 3848
7112 3859
4648 6323
7479 3492
6749 4222
7852 3119
3078 7893
254 2801
4535 6436
5188 5783
3272 7699
4662 6309
1627 1428
1456 1599
5546 5425
3138 7833
2553 502
1934 1121
7126 3845
7524 3447
4131 6840
2773 282
132 2923
1134 1921
3108 7863
2106 949
7782 3189
2658 397
768 2287
1315 1740
593 2462
2512 543
509 2546
2968 87
2305 750
940 2115
4177 6794
6667 4304
4890 6081
2048 1007
620 2435
894 2161
2885 170
1355 1700
3405 7566
5073 5898
6504 4467
3446 7525
2223 832
5212 5759
4738 6233
301 2754
5314 5657
883 2172
3323 7648
3203 7768
308 2747
7165 3806
1408 1647
4819 6152
1165 1890
5394 5577
6603 4368
3934 7037
7454 3517
2556 499
7745 3226
5696 5275
1671 1384
4988 5983
4867 6104
5678 5293
6026 4945
519 2536
3270 7701
5574 5397
4323 6648
3543 7428
609 2446
469 2586
440 2615
177 2878
6073 4898
2743 312
7429 3542
6521 4450
2450 605
3725 7246
4489 6482
3178 7793
2317 738
7851 3120
4960 6011
1226 1829
3126 7845
5522 5449
6366 4605
3953 7018
96 2959
3236 7735
4895 6076
285 2770
3818 7153
3110 7861
2470 585
5989 4982
4235 6736
2772 283
2471 584
59 2996
4103 6868
2049 1006
354 2701
3813 7158
2268 787
1259 1796
370 2685
503 2552
2507 548
7387 3584
2070 985
160 2895
4317 6654
5356 5615
5110 5861
6609 4362
7032 3939
4225 6746
6602 4369
505 2550
7529 3442
2940 115
2839 216
3637 7334
6108 4863
1090 1965
4013 6958
2504 551
4315 6656
1549 1506
7100 3871
7031 3940
7044 3927
3745 7226
2094 961
7359 3612
6784 4187
6737 4234
6484 4487
2960 95
3769 7202
863 2192
2852 203
5623 5348
6518 4453
1470 1585
2040 1015
1132 1923
7535 3436
2272 783
6934 4037
3918 7053
7447 3524
5267 5704
4324 6647
1057 1998
7597 3374
4295 6676
5796 5175
2439 616
2206 849
7431 3540
1070 1985
2087 968
3292 7679
1452 1603
770 2285
2674 381
4554 6417
2229 826
2360 695
3903 7068
2537 518
560 2495
598 2457
2704 351
1065 1990
614 2441
829 2226
5189 5782
7280 3691
6613 4358
1156 1899
1966 1089
7589 3382
1858 1197
2442 613
14 3041
5400 5571
5990 4981
7326 3645
6695 4276
4533 6438
2549 506
2035 1020
18 3037
1314 1741
1993 1062
4507 6464
5837 5134
472 2583
7710 3261
6926 4045
4552 6419
3263 7708
6661 4310
794 2261
4057 6914
3951 7020
197 2858
6454 4517
5341 5630
977 2078
4014 6957
5934 5037
6379 4592
4473 6498
7909 3062
3449 7522
6079 4892
3664 7307
526 2529
1618 1437
5859 5112
5814 5157
3368 7603
1184 1871
1836 1219
4887 6084
7296 3675
3494 7477
1231 1824
3102 7869
3104 7867
7586 3385
3508 7463
7692 3279
7857 3114
7495 3476
2783 272
2213 842
3712 7259
4899 6072
4725 6246
3197 7774
5800 5171
870 2185
4580 6391
468 2587
4145 6826
3528 7443
5838 5133
5753 5218
3544 7427
4216 6755
1578 1477
4268 6703
726 2329
5960 5011
1403 1652
1481 1574
4792 6179
3588 7383
2411 644
6701 4270
5466 5505
1164 1891
1346 1709
5407 5564
6506 4465
1827 1228
6146 4825
4542 6429
1602 1453
3922 7049
4283 6688
7671 3300
3676 7295
6762 4209
7042 3929
5644 5327
7569 3402
819 2236
470 2585
5933 5038
6821 4150
2074 981
6116 4855
5643 5328
608 2447
6240 4731
7014 3957
1124 1931
5890 5081
7321 3650
3717 7254
1258 1797
1593 1462
606 2449
3245 7726
5866 5105
4341 6630
228 2827
6693 4278
6796 4175
4516 6455
3415 7556
3899 7072
855 2200
3780 7191
4050 6921
67 2988
3973 6998
6832 4139
1024 2031
3710 7261
4300 6671
5987 4984
7770 3201
6151 4820
6738 4233
3775 7196
3763 7208
1499 1556
4355 6616
4633 6338
698 2357
5751 5220
5741 5230
3027 28
12 3043
5111 5860
2820 235
773 2282
431 2624
372 2683
5827 5144
6929 4042
4564 6407
951 2104
7467 3504
3095 7876
3592 7379
408 2647
5950 5021
2045 1010
4105 6866
7256 3715
663 2392
1554 1501
5074 5897
1380 1675
3966 7005
1214 1841
5892 5079
5602 5369
5028 5943
4990 5981
5570 5401
7531 3440
7570 3401
6514 4457
6043 4928
3484 7487
1412 1643
6412 4559
5383 5588
5667 5304
322 2733
3952 7019
4404 6567
3153 7818
6834 4137
3760 7211
5060 5911
5231 5740
4946 6025
5940 5031
2931 124
2111 944
7868 3103
1843 1212
2907 148
1460 1595
1045 2010
4540 6431
3622 7349
5663 5308
263 2792
3501 7470
909 2146
3981 6990
6044 4927
4261 6710
5017 5954
4888 6083
2340 715
7174 3797
3057 7914
1771 1284
3243 7728
5022 5949
7458 3513
4443 6528
5138 5833
1569 1486
2143 912
1223 1832
2630 425
6592 4379
5071 5900
2882 173
3346 7625
3246 7725
528 2527
5163 5808
910 2145
6815 4156
5463 5508
2443 612
6947 4024
1742 1313
2265 790
344 2711
464 2591
474 2581
1393 1662
4166 6805
239 2816
3874 7097
4754 6217
6450 4521
1407 1648
6850 4121
6456 4515
259 2796
4932 6039
5794 5177
4704 6267
7319 3652
1537 1518
3161 7810
3162 7809
4409 6562
423 2632
7410 3561
1528 1527
777 2278
3133 7838
532 2523
471 2584
4255 6716
2254 801
303 2752
816 2239
6150 4821
5472 5499
3074 7897
1319 1736
3478 7493
4904 6067
4824 6147
5448 5523
568 2487
289 2766
758 2297
7841 3130
2867 188
1312 1743
7498 3473
4529 6442
377 2678
4490 6481
5192 5779
2718 337
3999 6972
836 2219
6183 4788
7038 3933
1016 2039
3424 7547
3537 7434
7150 3821
4448 6523
156 2899
3332 7639
808 2247
1523 1532
4232 6739
3752 7219
7130 3841
7542 3429
4524 6447
295 2760
5120 5851
2288 767
6288 4683
4319 6652
487 2568
7883 3088
46 3009
2932 123
4691 6280
3632 7339
942 2113
6752 4219
3634 7337
876 2179
6029 4942
5165 5806
6575 4396
3262 7709
5268 5703
6213 4758
5739 5232
3232 7739
3051 4
4851 6120
4964 6007
1209 1846
6158 4813
1249 1806
1170 1885
1377 1678
3843 7128
6791 4180
3997 6974
2972 83
2577 478
6694 4277
133 2922
1468 1587
6060 4911
4814 6157
628 2427
7764 3207
1852 1203
274 2781
1782 1273
2295 760
2795 260
2569 486
7135 3836
6499 4472
3930 7041
6881 4090
707 2348
1633 1422
7829 3142
4236 6735
2715 340
7789 3182
575 2480
4563 6408
6522 4449
7163 3808
2876 179
7480 3491
3145 7826
6264 4707
1275 1780
2251 804
341 2714
4061 6910
2335 720
1876 1179
2928 127
3283 7688
2528 527
5755 5216
1857 1198
5529 5442
4259 6712
1511 1544
7641 3330
1227 1828
3564 7407
5317 5654
3499 7472
6927 4044
7245 3726
2284 771
5353 5618
480 2575
9 3046
7741 3230
1873 1182
721 2334
5042 5929
3154 7817
2270 785
6781 4190
5020 5951
3278 7693
3240 7731
1748 1307
1168 1887
1341 1714
5214 5757
2880 175
6362 4609
5196 5775
2413 642
420 2635
3100 7871
3523 7448
3437 7534
4484 6487
4101 6870
2155 900
7221 3750
3740 7231
1696 1359
1154 1901
4985 5986
2324 731
1580 1475
368 2687
7143 3828
2404 651
6465 4506
6448 4523
1915 1140
7523 3448
338 2717
6745 4226
4023 6948
1787 1268
1073 1982
6783 4188
5049 5922
5142 5829
1196 1859
2790 265
4491 6480
963 2092
7358 3613
1482 1573
1018 2037
294 2761
5903 5068
6637 4334
7681 3290
3560 7411
6572 4399
5748 5223
2513 542
3515 7456
966 2089
3229 7742
5702 5269
3150 7821
1192 1863
136 2919
2275 780
5688 5283
5612 5359
2898 157
986 2069
7180 3791
3531 7440
6623 4348
5300 5671
6156 4815
139 2916
3829 7142
5012 5959
4370 6601
7677 3294
2535 520
6241 4730
6734 4237
3219 7752
1667 1388
1657 1398
36 3019
4938 6033
5778 5193
402 2653
7640 3331
7634 3337
1522 1533
6822 4149
1757 1298
1951 1104
6714 4257
1641 1414
7083 3888
4620 6351
3851 7120
7374 3597
1040 2015
6176 4795
1350 1705
4108 6863
6001 4970
5125 5846
5920 5051
2992 63
1724 1331
7697 3274
729 2326
6249 4722
3587 7384
6256 4715
2352 703
6519 4452
2672 383
3417 7554
825 2230
564 2491
4688 6283
6949 4022
652 2403
1550 1505
3106 7865
5528 5443
3252 7719
4266 6705
1558 1497
2456 599
4332 6639
4902 6069
3603 7368
538 2517
2267 788
6296 4675
1988 1067
4537 6434
5153 5818
4519 6452
1517 1538
2176 879
3873 7098
4460 6511
1285 1770
313 2742
1855 1200
4954 6017
1579 1476
4230 6741
7271 3700
7212 3759
4375 6596
1311 1744
2157 898
491 2564
4950 6021
3643 7328
6633 4338
5270 5701
6721 4250
3064 7907
2019 1036
2194 861
5164 5807
6459 4512
1241 1814
7378 3593
4880 6091
2055 1000
7188 3783
4920 6051
583 2472
3651 7320
6696 4275
857 2198
1431 1624
7822 3149
6897 4074
7093 3878
3014 41
1324 1731
1471 1584
4833 6138
5765 5206
2440 615
3427 7544
4958 6013
7633 3338
3671 7300
2881 174
6819 4152
7746 3225
4980 5991
5045 5926
4847 6124
1218 1837
101 2954
3935 7036
5455 5516
4169 6802
744 2311
6432 4539
7526 3445
896 2159
5424 5547
7029 3942
3915 7056
6226 4745
6218 4753
4606 6365
4077 6894
6088 4883
7438 3533
6050 4921
2991 64
2332 723
831 2224
6747 4224
6005 4966
2266 789
1240 1815
5266 5705
6477 4494
3796 7175
6376 4595
624 2431
2970 85
3362 7609
2953 102
3764 7207
4184 6787
6679 4292
6959 4012
4800 6171
2232 823
300 2755
3628 7343
5999 4972
4783 6188
6092 4879
6757 4214
4992 5979
769 2286
1449 1606
1446 1609
1983 1072
1820 1235
7336 3635
2799 256
6382 4589
2291 764
882 2173
3416 7555
984 2071
6594 4377
4926 6045
1745 1310
2975 80
5217 5754
500 2555
3388 7583
369 2686
544 2511
2417 638
1329 1726
7306 3665
5434 5537
3985 6986
4335 6636
567 2488
3403 7568
7491 3480
7214 3757
6453 4518
5988 4983
4717 6254
7051 3920
7536 3435
7758 3213
5955 5016
5473 5498
1773 1282
5803 5168
3052 3
4649 6322
242 2813
3898 7073
3317 7654
6071 4900
6130 4841
795 2260
189 2866
122 2933
7269 3702
4311 6660
828 2227
905 2150
5344 5627
4312 6659
3117 7854
4035 6936
4026 6945
1238 1817
246 2809
5531 5440
3477 7494
5121 5850
2826 229
7395 3576
1581 1474
992 2063
5624 5347
7382 3589
7830 3141
4939 6032
1160 1895
7400 3571
7619 3352
1242 1813
37 3018
6346 4625
6938 4033
4881 6090
6773 4198
2643 412
4845 6126
688 2367
7003 3968
6209 4762
4797 6174
3048 7
1802 1253
6244 4727
4635 6336
4211 6760
3986 6985
6074 4897
4445 6526
2464 591
3456 7515
1560 1495
1924 1131
7345 3626
4483 6488
7527 3444
6849 4122
1225 1830
1995 1060
5561 5410
1912 1143
6372 4599
1664 1391
4095 6876
3971 7000
6563 4408
182 2873
141 2914
6250 4721
2912 143
1870 1185
5745 5226
5881 5090
6135 4836
433 2622
7250 3721
4508 6463
3786 7185
7561 3410
4798 6173
6253 4718
2202 853
5001 5970
3441 7530
6976 3995
4347 6624
5433 5538
5002 5969
7858 3113
23 3032
6196 4775
2014 1041
1448 1607
7832 3139
4864 6107
5621 5350
1444 1611
1152 1903
3333 7638
6219 4752
779 2276
2453 602
1929 1126
7666 3305
7873 3098
4084 6887
3116 7855
1637 1418
7813 3158
3428 7543
851 2204
7469 3502
3987 6984
7131 3840
7403 3568
1805 1250
477 2578
5477 5494
5675 5296
3754 7217
3867 7104
5292 5679
6915 4056
3862 7109
6369 4602
3558 7413
5882 5089
2984 71
1866 1189
2119 936
2944 111
2358 697
5936 5035
4385 6586
6908 4063
7173 3798
5649 5322
4567 6404
4913 6058
2008 1047
3573 7398
1792 1263
81 2974
6939 4032
56 2999
7293 3678
1051 2004
687 2368
7611 3360
2901 154
4831 6140
4503 6468
4869 6102
6335 4636
5579 5392
514 2541
2946 109
7647 3324
2402 653
4680 6291
6371 4600
3241 7730
7658 3313
5581 5390
2330 725
405 2650
1034 2021
6096 4875
622 2433
3039 16
2053 1002
5510 5461
2660 395
4802 6169
3190 7781
2160 895
4975 5996
904 2151
1413 1642
2821 234
3475 7496
627 2428
533 2522
1367 1688
1769 1286
843 2212
7146 3825
1785 1270
4549 6422
4616 6355
5070 5901
5928 5043
4903 6068
30 3025
3239 7732
4238 6733
618 2437
916 2139
4896 6075
3555 7416
5653 5318
5241 5730
232 2823
6889 4082
4986 5985
5790 5181
5018 5953
5919 5052
3549 7422
3379 7592
3698 7273
6902 4069
2938 117
3432 7539
4805 6166
5682 5289
5534 5437
5572 5399
1945 1110
6223 4748
1725 1330
6994 3977
6683 4288
1927 1128
5299 5672
2943 112
162 2893
2756 299
4893 6078
821 2234
5676 5295
3260 7711
2859 196
3199 7772
7518 3453
3454 7517
7176 3795
604 2451
7260 3711
1756 1299
2339 716
193 2862
2729 326
4181 6790
6125 4846
2501 554
4231 6740
1788 1267
3625 7346
7585 3386
65 2990
5459 5512
5826 5145
3321 7650
3941 7030
6720 4251
3534 7437
7369 3602
6980 3991
332 2723
6153 4818
841 2214
4015 6956
1356 1699
7574 3397
7674 3297
7423 3548
5446 5525
7629 3342
2293 762
2184 871
5396 5575
2560 495
7230 3741
7253 3718
1454 1601
869 2186
3648 7323
3111 7860
1416 1639
42 3013
1429 1626
1750 1305
4029 6942
6598 4373
3016 39
7632 3339
2842 213
2547 508
6527 4444
734 2321
7878 3093
1973 1082
5256 5715
4575 6396
3527 7444
6919 4052
4446 6525
5294 5677
5243 5728
6420 4551
2240 815
3191 7780
712 2343
287 2768
5102 5869
5367 5604
7215 3756
255 2800
791 2264
3559 7412
694 2361
1043 2012
3575 7396
3526 7445
6557 4414
6620 4351
6197 4774
708 2347
1042 2013
2381 674
325 2730
3552 7419
1897 1158
1765 1290
371 2684
6925 4046
1943 1112
7421 3550
5916 5055
6425 4546
3639 7332
1761 1294
858 2197
5858 5113
3894 7077
6765 4206
4301 6670
6273 4698
6855 4116
3812 7159
2995 60
6532 4439
1069 1986
2769 286
655 2400
4420 6551
5628 5343
374 2681
4885 6086
7179 3792
1224 1831
865 2190
3490 7481
4406 6565
3781 7190
1712 1343
5729 5242
7890 3081
3455 7516
6070 4901
7691 3280
3031 24
5707 5264
1839 1216
7420 3551
1287 1768
4676 6295
3525 7446
144 2911
4065 6906
7683 3288
92 2963
6321 4650
6905 4066
5131 5840
3210 7761
4586 6385
595 2460
1510 1545
2123 932
163 2892
4005 6966
2888 167
3479 7492
3053 2
7297 3674
3668 7303
6342 4629
757 2298
5050 5921
5963 5008
6097 4874
6290 4681
125 2930
555 2500
641 2414
7606 3365
3679 7292
7272 3699
7393 3578
1335 1720
6969 4002
4202 6769
2753 302
4138 6833
33 3022
4501 6470
5057 5914
844 2211
6643 4328
6885 4086
7325 3646
1222 1833
4307 6664
3089 7882
2026 1029
7503 3468
252 2803
546 2509
818 2237
1799 1256
3003 52
1861 1194
4591 6380
7213 3758
6224 4747
482 2573
7059 3912
5147 5824
6560 4411
2121 934
2638 417
4634 6337
4794 6177
3864 7107
7063 3908
1970 1085
7224 3747
1281 1774
105 2950
1546 1509
3336 7635
4371 6600
7022 3949
6324 4647
6232 4739
2567 488
5464 5507
2469 586
7482 3489
1553 1502
5962 5009
5635 5336
3545 7426
847 2208
1917 1138
3033 22
5691 5280
4055 6916
587 2468
6426 4545
1088 1967
5467 5504
5281 5690
121 2934
5169 5802
4729 6242
475 2580
6003 4968
6640 4331
4667 6304
