2940
1186 4009
873 4322
3062 2133
1023 4172
623 4572
5826 5249
5777 5298
2951 2244
4404 791
1582 3613
2605 2590
548 4647
1728 3467
1360 3835
5383 5692
829 4366
3603 1592
2926 2269
605 4590
4329 866
413 4782
4425 770
3497 1698
1215 3980
1471 3724
421 4774
3536 1659
336 4859
56 5139
1538 3657
2408 2787
1692 3503
5751 5324
3700 1495
1552 3643
1383 3812
5146 49
151 5044
4456 739
4474 721
1047 4148
4938 257
2048 3147
4751 444
5155 40
3431 1764
2055 3140
5361 5714
175 5020
5788 5287
2437 2758
3876 1319
4438 757
1427 3768
4974 221
3190 2005
1537 3658
2295 2900
3136 2059
4348 847
4565 630
19 5176
183 5012
468 4727
4407 788
860 4335
4707 488
1759 3436
5447 5628
964 4231
3412 1783
72 5123
100 5095
5238 5837
3010 2185
407 4788
3563 1632
5648 5427
3044 2151
3020 2175
3598 1597
5277 5798
4652 543
25 5170
724 4471
4117 1078
5871 5204
4947 248
5330 5745
486 4709
3482 1713
2205 2990
2137 3058
3074 2121
3505 1690
3357 1838
4135 1060
480 4715
3507 1688
5336 5739
5618 5457
1882 3313
729 4466
3792 1403
3666 1529
150 5045
1337 3858
5507 5568
2577 2618
2400 2795
2106 3089
720 4475
3285 1910
3015 2180
3824 1371
418 4777
979 4216
3202 1993
214 4981
3307 1888
1605 3590
298 4897
1116 4079
5215 5860
3448 1747
2894 2301
5623 5452
4419 776
1574 3621
397 4798
3345 1850
2603 2592
126 5069
5559 5516
3776 1419
326 4869
1318 3877
2457 2738
2922 2273
4432 763
3651 1544
3913 1282
4396 799
129 5066
4532 663
5796 5279
2579 2616
1517 3678
664 4531
1738 3457
1454 3741
4921 274
5587 5488
269 4926
1079 4116
2668 2527
5844 5231
4660 535
4663 532
5296 5779
1585 3610
2085 3110
3326 1869
2418 2777
4971 224
4930 265
1613 3582
4747 448
3463 1732
4447 748
2803 2392
1139 4056
4453 742
3539 1656
4643 552
2574 2621
1900 3295
1155 4040
1348 3847
2790 2405
2709 2486
1054 4141
5338 5737
2805 2390
1140 4055
1497 3698
2338 2857
3205 1990
1142 4053
2025 3170
2188 3007
1189 4006
2783 2412
4478 717
632 4563
5865 5210
1409 3786
5149 46
2529 2666
2924 2271
4363 832
3187 2008
31 5164
3048 2147
2094 3101
2662 2533
4487 708
4960 235
568 4627
3049 2146
3408 1787
3026 2169
5395 5680
3380 1815
3260 1935
3725 1470
4915 280
5294 5781
2352 2843
5127 68
5785 5290
120 5075
782 4413
405 4790
4516 679
2256 2939
2994 2201
5403 5672
2337 2858
4496 699
2465 2730
1233 3962
1424 3771
3037 2158
4502 693
2656 2539
136 5059
3445 1750
4339 856
228 4967
3951 1244
5870 5205
5693 5382
4907 288
3424 1771
792 4403
4894 301
3409 1786
1397 3798
1894 3301
2397 2798
5490 5585
387 4808
1261 3934
246 4949
4380 815
1491 3704
5295 5780
871 4324
5173 22
4421 774
850 4345
4428 767
5130 65
3338 1857
4622 573
5132 63
3275 1920
2947 2248
4258 937
4233 962
2247 2948
2687 2508
2090 3105
2571 2624
5216 5859
103 5092
3701 1494
5424 5651
2915 2280
1003 4192
3364 1831
3150 2045
3758 1437
4551 644
5439 5636
1812 3383
2108 3087
950 4245
1173 4022
1094 4101
2781 2414
3401 1794
2122 3073
4609 586
2420 2775
4316 879
4119 1076
3662 1533
4007 1188
5827 5248
2468 2727
5414 5661
5093 102
1236 3959
3585 1610
4484 711
3161 2034
5263 5812
3483 1712
5033 162
3023 2172
415 4780
4221 974
131 5064
475 4720
2634 2561
5669 5406
5410 5665
4613 582
4903 292
2572 2623
3642 1553
5068 127
4214 981
5199 5876
794 4401
749 4446
500 4695
516 4679
5041 154
5609 5466
2717 2478
2910 2285
5577 5498
2680 2515
4251 944
652 4543
5425 5650
4644 551
5687 5388
5368 5707
4048 1147
1272 3923
4945 250
3552 1643
5190 5
1165 4030
2720 2475
778 4417
4436 759
5830 5245
4880 315
5178 17
2837 2358
1038 4157
289 4906
4975 220
1131 4064
538 4657
1999 3196
4265 930
3890 1305
5711 5364
2258 2937
2154 3041
5700 5375
2883 2312
5166 29
4968 227
2097 3098
2677 2518
261 4934
3777 1418
992 4203
3663 1532
2251 2944
2446 2749
3352 1843
1858 3337
5134 61
1745 3450
3393 1802
1232 3963
4656 539
1198 3997
2992 2203
1700 3495
3348 1847
3814 1381
363 4832
4284 911
4690 505
5624 5451
4604 591
696 4499
4226 969
4057 1138
3594 1601
5125 70
5400 5675
391 4804
184 5011
1121 4074
4160 1035
4089 1106
0 5195
3583 1612
637 4558
3498 1697
5505 5570
479 4716
3906 1289
3217 1978
3361 1834
5135 60
1727 3468
4228 967
249 4946
3870 1325
1670 3525
5274 5801
5857 5218
5087 108
1496 3699
3820 1375
2667 2528
1946 3249
2905 2290
3365 1830
3080 2115
1401 3794
1667 3528
386 4809
4899 296
123 5072
98 5097
5058 137
216 4979
5525 5550
2492 2703
5189 6
5729 5346
3943 1252
4781 414
3829 1366
820 4375
3734 1461
314 4881
3840 1355
5280 5795
1997 3198
3022 2173
2929 2266
4632 563
2950 2245
2112 3083
668 4527
5561 5514
2786 2409
2164 3031
2471 2724
918 4277
4112 1083
1952 3243
3372 1823
473 4722
4765 430
1708 3487
4818 377
5235 5840
1852 3343
4629 566
3430 1765
1844 3351
5730 5345
45 5150
1149 4046
3721 1474
1889 3306
2136 3059
1267 3928
2366 2829
5337 5738
164 5031
5726 5349
2896 2299
5662 5413
3509 1686
1499 3696
1024 4171
3968 1227
3207 1988
2261 2934
2074 3121
2847 2348
3673 1522
2058 3137
2693 2502
5879 5196
789 4406
2564 2631
805 4390
3999 1196
1153 4042
3184 2011
680 4515
323 4872
890 4305
5409 5666
4580 615
313 4882
4032 1163
3151 2044
4661 534
4472 723
898 4297
5773 5302
3600 1595
1472 3723
2584 2611
5159 36
1361 3834
357 4838
5868 5207
3384 1811
2868 2327
5390 5685
4304 891
2881 2314
4392 803
1801 3394
1520 3675
3250 1945
86 5109
4547 648
5115 80
2302 2893
3717 1478
4574 621
1879 3316
5491 5584
4525 670
5055 140
3515 1680
2638 2557
840 4355
2423 2772
5017 178
2732 2463
1817 3378
5222 5853
1876 3319
5775 5300
4352 843
4990 205
1510 3685
3742 1453
5824 5251
43 5152
4586 609
1984 3211
2349 2846
4080 1115
1819 3376
853 4342
4254 941
4843 352
5723 5352
5239 5836
4754 441
4201 994
4962 233
1055 4140
399 4796
90 5105
1918 3277
367 4828
5042 153
1109 4086
5752 5323
4858 337
3143 2052
4559 636
2509 2686
4955 240
5377 5698
1854 3341
2943 2252
638 4557
124 5071
737 4458
870 4325
364 4831
2560 2635
4537 658
2763 2432
2683 2512
2841 2354
4684 511
2060 3135
1053 4142
4568 627
2051 3144
5213 5862
3199 1996
5247 5828
2184 3011
1009 4186
94 5101
5027 168
525 4670
1098 4097
1335 3860
2563 2632
2037 3158
1133 4062
5138 57
1664 3531
1110 4085
4451 744
2379 2816
3956 1239
2945 2250
1639 3556
689 4506
5407 5668
2391 2804
2759 2436
819 4376
5024 171
481 4714
1265 3930
1691 3504
4681 514
3715 1480
4489 706
2000 3195
2150 3045
3935 1260
4854 341
3267 1928
382 4813
4344 851
2965 2230
4206 989
4370 825
3354 1841
754 4441
3081 2114
3790 1405
4807 388
5434 5641
1936 3259
4605 590
490 4705
4875 320
1213 3982
2748 2447
166 5029
3390 1805
3236 1959
156 5039
1780 3415
3323 1872
2657 2538
4787 408
3789 1406
287 4908
2531 2664
4617 578
4114 1081
247 4948
2678 2517
2001 3194
5023 172
2860 2335
5370 5705
259 4936
1326 3869
4697 498
3766 1429
2413 2782
3141 2054
5664 5411
2999 2196
2606 2589
1451 3744
513 4682
3543 1652
2255 2940
2473 2722
756 4439
4522 673
5396 5679
3670 1525
3183 2012
4973 222
254 4941
4612 583
5655 5420
2734 2461
1431 3764
4118 1077
880 4315
1162 4033
403 4792
4158 1037
4986 209
1567 3628
4740 455
3635 1560
5715 5360
1021 4174
2449 2746
2559 2636
3191 2004
2932 2263
4120 1075
1235 3960
4166 1029
4885 310
4686 509
1340 3855
1164 4031
1604 3591
4327 868
5766 5309
4199 996
896 4299
4870 325
5460 5615
4124 1071
2262 2933
506 4689
2714 2481
4072 1123
402 4793
4290 905
4280 915
5177 18
3047 2148
2411 2784
2762 2433
4886 309
549 4646
4144 1051
1148 4047
3626 1569
5056 139
3414 1781
4860 335
3970 1225
4768 427
245 4950
2936 2259
4293 902
476 4719
3175 2020
719 4476
2822 2373
614 4581
266 4929
2600 2595
678 4517
1025 4170
5255 5820
2143 3052
73 5122
3385 1810
2288 2907
565 4630
943 4252
2212 2983
3060 2135
1294 3901
1756 3439
4314 881
4165 1030
3720 1475
2715 2480
237 4958
998 4197
1934 3261
3868 1327
5319 5756
4444 751
5288 5787
5308 5767
1156 4039
2202 2993
5589 5486
588 4607
3896 1299
775 4420
5583 5492
3021 2174
5462 5613
4255 940
5313 5762
4582 613
1199 3996
4625 570
2532 2663
2062 3133
5322 5753
3719 1476
1731 3464
1321 3874
1414 3781
1797 3398
1799 3396
1912 3283
1542 3653
1190 4005
1863 3332
3303 1892
3521 1674
1368 3827
1487 3708
2161 3034
3329 1866
1749 3446
2789 2406
1266 3929
2118 3077
3677 1518
3987 1208
4645 550
380 4815
3770 1425
1376 3819
2088 3107
939 4256
1580 3615
1256 3939
4608 587
5468 5607
1897 3298
3750 1445
991 4204
1633 3562
3845 1350
4800 395
4785 410
2832 2363
1057 4138
3099 2096
4113 1082
2210 2985
2067 3128
3689 1506
4578 617
4554 641
4997 198
4431 764
3318 1877
4819 376
5556 5519
4662 533
244 4951
4778 417
595 4600
2396 2799
5264 5811
2913 2282
5465 5610
4371 824
1264 3931
1058 4137
926 4269
2688 2507
4224 971
4564 631
3966 1229
2421 2774
4730 465
3387 1808
3386 1809
1558 3637
270 4925
2110 3085
5275 5800
5481 5594
1126 4069
3641 1554
93 5102
5119 76
4837 358
2530 2665
2083 3112
1743 3452
4298 897
2399 2796
1509 3686
2628 2567
1339 3856
4232 963
1793 3402
1607 3588
3305 1890
1734 3461
2902 2293
519 4676
1619 3576
1796 3399
362 4833
1280 3915
84 5111
5709 5366
2712 2483
1246 3949
2780 2415
4266 929
2525 2670
2385 2810
5014 181
596 4599
5284 5791
419 4776
2129 3066
812 4383
5595 5480
2927 2268
1417 3778
4888 307
297 4898
1751 3444
4842 353
5096 99
3926 1269
1479 3716
4569 626
2459 2736
1851 3344
3891 1304
3172 2023
973 4222
3100 2095
4995 200
3702 1493
4589 606
722 4473
3636 1559
777 4418
1511 3684
460 4735
2050 3145
1982 3213
1845 3350
2220 2975
1010 4185
2195 3000
526 4669
207 4988
5482 5593
2237 2958
772 4423
4844 351
4191 1004
2863 2332
5443 5632
5080 115
5571 5504
3973 1222
2542 2653
3952 1243
3219 1976
187 5008
2870 2325
1273 3922
855 4340
5329 5746
334 4861
3418 1777
3458 1737
2891 2304
2117 3078
3216 1979
1271 3924
2978 2217
1352 3843
4575 620
3619 1576
5381 5694
4588 607
2788 2407
4424 771
1257 3938
3310 1885
4566 629
2778 2417
947 4248
3065 2130
2116 3079
5098 97
5814 5261
5747 5328
603 4592
1420 3775
1762 3433
3937 1258
3822 1373
438 4757
1579 3616
2836 2359
2598 2597
2298 2897
4767 428
3434 1761
4393 802
5475 5600
2615 2580
2672 2523
3214 1981
1827 3368
4468 727
1356 3839
938 4257
13 5182
2163 3032
58 5137
886 4309
5847 5228
4759 436
3791 1404
4462 733
3872 1323
5557 5518
5478 5597
4702 493
2331 2864
92 5103
4452 743
4509 686
1205 3990
3711 1484
311 4884
5629 5446
849 4346
4498 697
4816 379
901 4294
4639 556
2224 2971
2242 2953
2802 2393
1593 3602
3908 1287
3889 1306
2206 2989
2594 2601
3945 1250
2080 3115
3631 1564
316 4879
1463 3732
3919 1276
4395 800
2505 2690
3258 1937
182 5013
4552 643
795 4400
5174 21
2962 2233
3849 1346
384 4811
2914 2281
5602 5473
3411 1784
2221 2974
4242 953
1998 3197
37 5158
365 4830
2760 2435
393 4802
3481 1714
368 4827
4391 804
1492 3703
456 4739
2425 2770
3146 2049
1295 3900
96 5099
262 4933
1748 3447
3286 1909
241 4954
2652 2543
3726 1469
1535 3660
1626 3569
4560 635
3300 1895
3592 1603
3564 1631
4200 995
5397 5678
5116 79
2812 2383
4966 229
1668 3527
5833 5242
2968 2227
4520 675
5688 5387
1212 3983
1956 3239
1129 4066
2987 2208
4526 669
1012 4183
3025 2170
5016 179
5627 5448
1508 3687
1829 3366
5770 5305
4839 356
3712 1483
3668 1527
4726 469
5035 160
3733 1462
1541 3654
685 4510
1297 3898
3016 2179
642 4553
1091 4104
5393 5682
2340 2855
4091 1104
5681 5394
3593 1602
1181 4014
3104 2091
1440 3755
4810 385
5530 5545
5487 5588
3752 1443
2536 2659
1758 3437
125 5070
2283 2912
2479 2716
4059 1136
674 4521
4457 738
1941 3254
2845 2350
4744 451
698 4497
2569 2626
3624 1571
4129 1066
5444 5631
676 4519
4016 1179
1320 3875
4220 975
5219 5856
1380 3815
4603 592
5793 5282
2747 2448
4901 294
5278 5797
4851 344
4103 1092
4081 1114
302 4893
3502 1693
4271 924
3510 1685
5416 5659
858 4337
8 5187
3524 1671
3646 1549
512 4683
148 5047
2134 3061
2171 3024
459 4736
3921 1274
3266 1929
4105 1090
2272 2923
3188 2007
11 5184
1141 4054
2189 3006
910 4285
3308 1887
1681 3514
3622 1573
2957 2238
2330 2865
5160 35
4671 524
2064 3131
3302 1893
2168 3027
5749 5326
4556 639
1975 3220
1618 3577
3002 2193
1365 3830
3618 1577
5750 5325
4230 965
74 5121
515 4680
5764 5311
5212 5863
4959 236
4940 255
4312 883
2890 2305
1064 4131
4374 821
5453 5622
3086 2109
4249 946
5716 5359
5289 5786
1938 3257
4227 968
5842 5233
1589 3606
5858 5217
2982 2213
1965 3230
4983 212
5512 5563
3284 1911
2140 3055
4717 478
2540 2655
3043 2152
4584 611
4867 328
5250 5825
4965 230
3932 1263
1710 3485
1101 4094
361 4834
3828 1367
474 4721
3713 1482
4540 655
1609 3586
3324 1871
3897 1298
1730 3465
5771 5304
273 4922
203 4992
760 4435
2961 2234
4694 501
2835 2360
2919 2276
1210 3985
2771 2424
990 4205
5848 5227
2107 3088
5532 5543
3369 1826
3746 1449
5244 5831
5144 51
1702 3493
218 4977
67 5128
2765 2430
3511 1684
3892 1303
5464 5611
4411 784
1755 3440
1773 3422
435 4760
2938 2257
1926 3269
5819 5256
2329 2866
2022 3173
3911 1284
2445 2750
2899 2296
4653 542
2081 3114
4911 284
3456 1739
3634 1561
5520 5555
2082 3113
1108 4087
5817 5258
420 4775
2153 3042
2231 2964
3363 1832
3499 1696
1209 3986
2828 2367
3661 1534
447 4748
758 4437
2444 2751
4121 1074
3359 1836
2103 3092
3561 1634
1972 3223
3842 1353
5270 5805
5652 5423
3419 1776
190 5005
906 4289
1313 3882
4244 951
3480 1715
527 4668
4387 808
2701 2494
1570 3625
1904 3291
4275 920
3416 1779
4295 900
3783 1412
5380 5695
5823 5252
3517 1678
2555 2640
252 4943
5327 5748
5509 5566
3581 1614
4640 555
2139 3056
5114 81
5371 5704
4179 1016
1432 3763
3091 2104
2761 2434
5401 5674
4750 445
3097 2098
5051 144
5082 113
4825 370
1026 4169
2294 2901
1513 3682
4784 411
3130 2065
4296 899
5358 5717
2823 2372
1032 4163
2723 2472
1995 3200
1828 3367
5157 38
1768 3427
2548 2647
3152 2043
4060 1135
3749 1446
2871 2324
369 4826
5081 114
4953 242
3442 1753
2267 2928
5314 5761
4180 1015
5802 5273
4153 1042
2228 2967
4353 842
5596 5479
24 5171
1423 3772
5106 89
4303 892
443 4752
5701 5374
5085 110
4470 725
2246 2949
5569 5506
143 5052
155 5040
5580 5495
497 4698
1971 3224
2867 2328
5646 5429
5614 5461
988 4207
3793 1402
4956 239
3268 1927
2702 2493
2873 2322
5243 5832
4876 319
2854 2341
1465 3730
1931 3264
1389 3806
5458 5617
1594 3601
3851 1344
848 4347
4741 454
5873 5202
3204 1991
3597 1598
3964 1231
3271 1924
3971 1224
5206 5869
1860 3335
3599 1596
5572 5503
4012 1183
2872 2323
4246 949
3321 1874
2705 2490
585 4610
5799 5276
703 4492
3649 1546
5575 5500
4725 470
5719 5356
2547 2648
3374 1821
285 4910
956 4239
887 4308
3246 1949
1018 4177
426 4769
5741 5334
392 4803
1782 3413
1283 3912
3807 1388
3796 1399
4208 987
1785 3410
339 4856
1113 4082
4202 993
1175 4020
1168 4027
4110 1085
2554 2641
1599 3596
4385 810
4096 1099
5794 5281
2960 2235
4699 496
5354 5721
495 4700
1498 3697
4999 196
1848 3347
4410 785
4595 600
39 5156
1207 3988
4823 372
2969 2226
2002 3193
4152 1043
2482 2713
5855 5220
3873 1322
2946 2249
1795 3400
3125 2070
2654 2541
4916 279
3292 1903
1590 3605
1839 3356
3918 1277
1729 3466
835 4360
3620 1575
1642 3553
4987 208
5654 5421
442 4753
4710 485
2576 2619
656 4539
4178 1017
2973 2222
5262 5813
4262 933
4088 1107
4773 422
3958 1237
5510 5565
4321 874
1069 4126
5438 5637
105 5090
2604 2591
2264 2931
4883 312
44 5151
3905 1290
2856 2339
349 4846
3138 2057
1663 3532
1169 4026
1119 4076
5861 5214
3544 1651
4672 523
3392 1803
4000 1195
875 4320
4952 243
4482 713
5367 5708
251 4944
594 4601
4099 1096
4028 1167
3825 1370
572 4623
1913 3282
3108 2087
5576 5499
1855 3340
1128 4067
3157 2038
5493 5582
3520 1675
2279 2916
5312 5763
692 4503
2942 2253
5601 5474
433 4762
3117 2078
5049 146
2101 3094
1735 3460
4015 1180
5835 5240
2277 2918
471 4724
4013 1182
507 4688
2066 3129
446 4749
2236 2959
5731 5344
47 5148
4667 528
741 4454
1627 3568
4044 1151
4274 921
5015 180
483 4712
5272 5803
4984 211
5867 5208
2105 3090
2165 3030
2753 2442
5471 5604
484 4711
5660 5415
4583 612
3209 1986
2851 2344
1291 3904
709 4486
2814 2381
577 4618
4822 373
3233 1962
1608 3587
3612 1583
5598 5477
5549 5526
5696 5379
3346 1849
2006 3189
5467 5608
4616 579
2578 2617
5391 5684
1875 3320
2388 2807
5285 5790
258 4937
3312 1883
264 4931
2487 2708
5030 165
1954 3241
5702 5373
3852 1343
3375 1820
3155 2040
1097 4098
2199 2996
2903 2292
1853 3342
64 5131
9 5186
4146 1049
396 4799
4343 852
5619 5456
416 4779
3760 1435
2552 2643
1485 3710
841 4354
3018 2177
5340 5735
3124 2071
1649 3546
2769 2426
169 5026
2454 2741
186 5009
869 4326
2646 2549
4217 978
1317 3878
888 4307
3294 1901
3405 1790
1251 3944
2362 2833
117 5078
773 4422
3632 1563
4805 390
3558 1637
437 4758
3787 1408
5592 5483
593 4602
3888 1307
2275 2920
4181 1014
346 4849
1242 3953
1174 4021
4687 508
3169 2026
2316 2879
864 4331
4621 574
3769 1426
3165 2030
293 4902
4900 295
1008 4187
5412 5663
3811 1384
32 5163
661 4534
1615 3580
1919 3276
4691 504
4372 823
1644 3551
3441 1754
3880 1315
5353 5722
2633 2562
4821 374
2886 2309
2084 3111
5317 5758
3009 2186
4991 204
1683 3512
3406 1789
1197 3998
1706 3489
4050 1145
1170 4025
3995 1200
4718 477
213 4982
4978 217
1983 3212
5268 5807
5404 5671
3153 2042
348 4847
1940 3255
4544 651
5854 5221
657 4538
5620 5455
3334 1861
2131 3064
2642 2553
1953 3242
3494 1701
5581 5494
5542 5533
5725 5350
2839 2356
4351 844
1625 1434
2286 2909
934 4261
5501 5574
889 4306
2187 3008
3210 1985
2586 2609
522 4673
2370 2825
1270 3925
4485 710
1378 3817
231 4964
3739 1456
3638 1557
5713 5362
2229 2966
2995 2200
71 5124
4789 406
2182 3013
2681 2514
3833 1362
3540 1655
1022 4173
3057 2138
1134 4061
945 4250
5234 5841
1268 3927
4636 559
4892 303
2241 2954
2673 2522
1923 3272
4585 610
1551 3644
608 4587
1650 3545
4270 925
707 4488
290 4905
954 4241
2 5193
5591 5484
3474 1721
3075 2120
5816 5259
1556 3639
1357 3838
666 4529
5006 189
3694 1501
1791 3404
750 4445
2401 2794
1217 3978
3534 1661
4333 862
4579 616
2450 2745
4920 275
4508 687
4037 1158
1640 3555
2506 2689
3330 1865
2032 3163
1105 4090
3740 1455
3916 1279
2575 2620
2474 2721
916 4279
3178 2017
4384 811
3167 2028
3920 1275
1238 3957
783 4412
2300 2895
1011 4184
3177 2018
5183 12
5054 141
1950 3245
5002 193
5180 15
690 4505
5266 5809
1013 4182
2317 2878
5000 195
2831 2364
5866 5209
2149 3046
1630 3565
4010 1185
828 4367
781 4414
3722 1473
4382 813
5804 5271
1093 4102
553 4642
5386 5689
3299 1896
2602 2593
5291 5784
2885 2310
5789 5286
4461 734
4243 952
3019 2176
2086 3109
633 4562
2355 2840
2917 2278
4075 1120
191 5004
5065 130
3774 1421
3899 1296
1581 3614
3501 1694
5315 5760
2456 2739
3417 1778
5653 5422
2852 2343
1300 3895
936 4259
2374 2821
3718 1477
4638 557
2194 3001
5449 5626
2467 2728
91 5104
2069 3126
5084 111
4666 529
3314 1881
4665 530
282 4913
3428 1767
5321 5754
494 4701
5192 3
1503 3692
4567 628
1905 3290
327 4868
4213 982
3570 3761
2031 3164
1254 3941
1206 3989
3247 1948
3557 1638
1336 3859
4443 752
4857 338
4109 1086
5769 5306
278 4917
4162 1033
2093 3102
5537 5538
1657 3538
1622 3573
4596 599
5200 5875
2757 2438
2587 2608
4542 653
730 4465
3659 1536
2625 2570
5864 5211
4692 503
1467 3728
3942 1253
4895 300
1068 4127
3947 1248
4928 267
5292 5783
3837 1358
1177 4018
2376 2819
2610 2585
5181 14
3671 1524
5485 5590
2254 2941
5502 5573
2369 2826
3500 1695
4693 502
4479 716
2380 2815
958 4237
4238 957
5765 5310
4528 667
1459 3736
2785 2410
3979 1216
695 4500
3176 2019
1704 3491
489 4706
2684 2511
158 5037
1324 3871
5535 5540
4434 761
4212 983
909 4286
3867 1328
4128 1067
672 4523
619 4576
2698 2497
2215 2980
3179 2016
5846 5229
1203 3992
1059 4136
1351 3844
2100 3095
834 4361
3470 1725
2675 2520
2021 3174
5515 5560
2145 3050
1000 4195
3779 1416
4268 927
3154 2041
234 4961
5175 20
3655 1540
5874 5201
4624 571
4518 677
1281 3914
694 4501
4107 1088
1870 3325
740 4455
580 4615
2651 2544
4942 253
34 5161
1450 3745
2725 2470
4732 463
4394 801
5067 128
2453 2742
4004 1191
1111 4084
5046 149
3795 1400
3802 1393
4278 917
2764 2431
1917 3278
3648 1547
482 4713
308 4887
2451 2744
1112 4083
2166 3029
4939 256
5230 5845
3218 1977
4664 531
980 4215
5776 5299
5437 5638
2046 3149
1193 4002
5392 5683
2010 3185
3238 1957
5197 5878
3832 1363
5774 5301
2014 3181
1221 3974
2793 2402
3894 1301
3349 1846
2645 2550
5806 5269
5435 5640
2534 2661
4236 959
4555 640
4495 700
2568 2627
1837 3358
1723 3472
3371 1824
5118 77
4145 1050
4633 562
5544 5531
2691 2504
4193 1002
2128 3067
1247 3948
3012 2183
2387 2808
2156 3039
3665 1530
5440 5635
2204 2991
461 4734
1899 3296
3333 1862
4323 872
5376 5699
4464 731
715 4480
4156 1039
2458 2737
1687 3508
2144 3051
2382 2813
1392 3803
702 4493
4108 1087
1770 3425
4139 1056
2346 2849
4873 322
3096 2099
4817 378
1648 3547
1653 3542
2076 3119
5718 5357
5649 5426
3785 1410
4919 276
5673 5402
5536 5539
1548 3647
3225 1970
3139 2056
5335 5740
3103 2092
2287 2908
2102 3093
159 5036
5547 5528
1292 3903
1413 3782
4229 966
2766 2429
597 4598
5172 23
5140 55
4550 645
3630 1565
3748 1447
3784 1411
4593 602
2347 2848
4399 796
1220 3975
2797 2398
3727 1468
3454 1741
26 5169
3683 1512
3623 1572
452 4743
1539 3656
142 5053
4512 683
876 4319
4877 318
4364 831
2192 3003
3664 1531
1502 3693
2029 3166
4912 283
1201 3994
3650 1545
4878 317
3886 1309
3273 1922
2516 2679
1813 3382
3462 1733
4210 985
5656 5419
3403 1792
2755 2440
1063 4132
3127 2068
1040 4155
75 5120
2711 2484
5167 28
1898 3297
464 4731
814 4381
5142 53
4786 409
2545 2650
4545 650
5343 5732
5165 30
2997 2198
746 4449
4864 331
907 4288
1407 3788
2853 2342
226 4969
3168 2027
3244 1951
2792 2403
1137 4058
3917 1278
2707 2488
1703 3492
931 4264
1568 3627
5743 5332
3679 1516
581 4614
1665 3530
5194 1
5267 5808
1925 3270
718 4477
2906 2289
5517 5558
2160 3035
942 4253
2976 2219
5351 5724
1127 4068
1566 3629
2779 2416
4459 736
865 4330
1464 3731
2556 2639
121 5074
383 4812
5236 5839
3227 1968
5810 5265
4100 1095
1007 4188
157 5038
1020 4175
152 5043
1130 4065
1218 3977
1944 3251
3232 1963
3609 1586
1662 3533
4620 575
1154 4041
3429 1766
5639 5436
2501 2694
5089 106
3993 1202
192 5003
1178 4017
2284 2911
4388 807
1387 3808
4450 745
4863 332
5822 5253
3667 1528
3797 1398
2191 3004
1726 3469
263 4932
3222 1973
4591 604
2047 3148
1647 3548
119 5076
2551 2644
272 4923
5442 5633
4783 412
1157 4038
5398 5677
3780 1415
1621 3574
1061 4134
4328 867
2731 2464
5703 5372
2719 2476
5676 5399
3036 2159
1550 3645
786 4409
1798 3397
2935 2260
1045 4150
1490 3705
3529 1666
3123 2072
3706 1489
5010 185
3516 1679
3192 2003
176 5019
4023 1172
5759 5316
4836 359
1873 3322
3379 1816
5162 33
4763 432
5307 5768
976 4219
3309 1886
5369 5706
5616 5459
5025 170
3669 1526
598 4597
2386 2809
1439 3756
457 4738
4240 955
2333 2862
5782 5293
329 4866
2834 2361
4282 913
2313 2882
3946 1249
4301 894
3864 1331
1902 3293
863 4332
854 4341
3691 1504
4034 1161
2676 2519
1382 3813
660 4535
1807 3388
833 4362
174 5021
5318 5757
306 4889
589 4606
554 4641
817 4378
350 4845
1587 3608
3578 1617
4318 877
3738 1457
5849 5226
1395 3800
3765 1430
2439 2756
1623 3572
3810 1385
1707 3488
2859 2336
3579 1616
424 4771
4976 219
4130 1065
3709 1486
2612 2583
3559 1636
2035 3160
4070 1125
3373 1822
2660 2535
4659 536
2622 2573
5303 5772
2695 2500
5647 5428
2303 2892
4570 625
4189 1006
3159 2036
52 5143
4247 948
2141 3054
3884 1311
3443 1752
5077 118
2334 2861
2207 2988
3799 1396
762 4433
4218 977
215 4980
1867 3328
1769 3426
1391 3804
793 4402
560 4635
1330 3865
2462 2733
4469 726
2566 2629
827 4368
5630 5445
4003 1192
5720 5355
2800 2395
1677 3518
1987 3208
449 4746
5736 5339
1717 3478
2998 2197
375 4820
2239 2956
4648 547
4524 671
2214 2981
1102 4093
520 4675
1194 4001
4111 1084
2495 2700
5470 5605
1286 3909
4234 961
439 4756
3038 2157
135 5060
1740 3455
78 5117
4281 914
321 4874
1606 3589
4536 659
3289 1906
2039 3156
5818 5257
134 5061
3681 1514
2697 2498
5430 5645
5342 5733
1122 4073
4829 366
5579 5496
3317 1878
2963 2232
3116 2079
2378 2817
4365 830
2726 2469
2718 2477
2842 2353
5063 132
3231 1964
324 4871
4379 816
3611 1584
797 4398
4745 450
3063 2132
646 4549
2377 2818
618 4577
3265 1930
2955 2240
2124 3071
2588 2607
492 4703
4196 999
5385 5690
5476 5599
2113 3082
1259 3936
2503 2692
4283 912
2699 2496
1436 3759
5141 54
4276 919
4194 1001
2526 2669
3262 1933
4168 1027
2428 2767
4317 878
4386 809
3274 1921
4996 199
2820 2375
167 5028
3910 1285
3967 1228
1942 3253
4571 624
1705 3490
1629 3566
82 5113
3033 2162
3714 1481
4292 903
4133 1062
2930 2265
3221 1974
960 4235
1689 3506
1907 3288
3451 1744
5710 5365
429 4766
765 4430
3743 1452
1645 3550
4548 647
4043 1152
1641 3554
5527 5548
2216 2979
4389 806
1028 4167
5073 122
908 4287
4405 790
2546 2649
1682 3513
4302 893
3674 1521
3883 1312
3933 1262
347 4848
333 4862
330 4865
3549 1646
5522 5553
4483 712
425 4770
3607 1588
16 5179
3537 1658
5778 5297
4708 487
2791 2404
3252 1943
4611 584
2452 2743
202 4993
4494 701
201 4994
2986 2209
3940 1255
1958 3237
5872 5203
5147 48
3801 1394
5606 5469
3885 1310
3961 1234
4369 826
4063 1132
714 4481
1460 3735
3432 1763
1757 3438
1742 3453
3571 1624
2637 2558
4626 569
5728 5347
5727 5348
3142 2053
5254 5821
5463 5612
3076 2119
1080 4115
4654 541
5524 5551
1211 3984
4143 1052
5670 5405
2013 3182
1989 3206
1835 3360
4273 922
2371 2824
4334 861
3391 1804
2768 2427
2880 2315
3976 1219
735 4460
5852 5223
4835 360
970 4225
1833 3362
5363 5712
1842 3353
161 5034
210 4985
1992 3203
3068 2127
5433 5642
1124 4071
3816 1379
3486 1709
2510 2685
4840 355
104 5091
194 5001
2740 2455
5829 5246
3014 2181
472 4723
3118 2077
2491 2704
2297 2898
2729 2466
4291 904
5734 5341
7 5188
3134 2061
5851 5224
4742 453
2850 2345
4078 1117
3311 1884
662 4533
2827 2368
5260 5815
705 4490
1428 3767
2977 2218
1772 3423
2970 2225
2513 2682
2582 2613
223 4972
1347 3848
3893 1302
4850 345
4051 1144
4161 1034
2844 2351
4125 1070
2389 2806
2460 2735
354 4841
5643 5432
3084 2111
5554 5521
4106 1089
2123 3072
1507 3688
5877 5198
818 4377
1214 3981
2291 2904
4772 423
4415 780
5472 5603
1036 4159
4077 1118
260 4935
1788 3407
822 4373
5541 5534
4970 225
2877 2318
3575 1620
1230 3965
2306 2889
1342 3853
4797 398
935 4260
2243 2952
2063 3132
1293 3902
2887 2308
1932 3263
467 4728
3846 1349
2499 2696
3954 1241
1422 3773
1939 3256
4791 404
2884 2311
3339 1856
83 5112
4924 271
2658 2537
50 5145
4095 1100
1048 4147
798 4397
1041 4154
846 4349
1458 3737
5320 5755
4824 371
286 4909
5094 101
2838 2357
4891 304
517 4678
3841 1354
1333 3862
1716 3479
5838 5237
342 4853
4122 1073
2972 2223
2811 2384
1859 3336
1223 3972
3180 2015
4223 972
997 4198
1338 3857
2394 2801
1891 3304
4164 1031
747 4448
2319 2876
3201 1994
537 4658
5088 107
147 5048
1332 3863
5450 5625
1500 3695
1441 3754
281 4914
1543 3652
1672 3523
1980 3215
3541 1654
163 5032
1187 4008
3070 2125
3887 1308
3053 2142
2869 2326
4356 839
4209 986
88 5107
576 4619
3522 1673
787 4408
4989 206
2274 2921
3809 1386
1044 4151
2365 2830
601 4594
1019 4176
1699 3496
1775 3420
4035 1160
546 4649
5489 5586
1736 3459
3449 1746
1519 3676
4313 882
4904 291
1818 3377
3584 1611
5697 5378
1442 3753
4440 755
188 5007
4045 1150
2874 2321
2422 2773
4019 1176
1719 3476
2489 2706
4729 466
4036 1159
5667 5408
4755 440
3729 1466
3850 1345
1523 3672
4764 431
3823 1372
3519 1676
4927 268
5154 41
768 4427
5129 66
5062 133
4491 704
3389 1806
3826 1369
4024 1171
3567 1628
4890 305
3228 1967
1966 3229
1947 3248
2320 2875
932 4263
1722 3473
401 4794
1334 3861
4426 769
4514 681
2443 2752
499 4696
1444 3751
434 4761
4311 884
5331 5744
173 5022
2710 2485
649 4546
5108 87
3955 1240
238 4957
10 5185
3235 1960
1864 3331
4092 1103
5168 27
5567 5508
4338 857
85 5110
510 4685
3526 1669
766 4429
5191 4
3381 1814
665 4530
3881 1314
1718 3477
3421 1774
4704 491
3171 2024
3821 1374
5057 138
5529 5546
2630 2565
343 4852
1316 3879
561 4634
4357 838
540 4655
5691 5384
1329 3866
4350 845
95 5100
3287 1908
232 4963
389 4806
394 4801
3991 1204
69 5126
688 4507
5644 5431
3707 1488
116 5079
1825 3370
3435 1760
2754 2441
340 4855
1916 3279
3836 1359
4513 682
4336 859
1046 4149
3395 1800
4896 299
5441 5634
5843 5232
3327 1868
5513 5562
5225 5850
3831 1364
2888 2307
2925 2270
1600 3595
4049 1146
3069 2126
2984 2211
1961 3234
3226 1969
3762 1433
5083 112
732 4463
5792 5283
1880 3315
3280 1915
3005 2190
4300 895
3475 1720
3017 2178
5742 5333
691 4504
1390 3805
42 5153
1184 4011
622 4573
2596 2599
1005 4190
4737 458
4211 984
381 4814
2614 2581
2674 2521
5136 59
5454 5621
5050 145
2776 2419
4541 654
3240 1955
3471 1724
4310 885
518 4677
779 4416
923 4272
3484 1711
3535 1660
4631 564
753 4442
4511 684
1562 3633
3680 1515
5686 5389
1914 3281
5086 109
4029 1166
1438 3757
5658 5417
545 4650
4637 558
521 4674
1591 3604
3950 1245
462 4733
3040 2155
5418 5657
3617 1578
277 4918
2073 3122
544 4651
4267 928
836 4359
1377 3818
2167 3028
1226 3969
197 4998
4795 400
2524 2671
1555 3640
3690 1505
2009 3186
62 5133
1072 4123
3120 2075
3747 1448
1288 3907
5523 5552
3560 1635
5578 5497
4052 1143
3106 2089
3162 2033
5018 177
5241 5834
5564 5511
728 4467
1341 3854
634 4561
837 4358
4628 567
1840 3355
