2813
1607 5262
709 534
4853 2016
4247 2622
4833 2036
1477 5392
4599 2270
3049 3820
746 497
4573 2296
3973 2896
4003 2866
3798 3071
1627 5242
559 684
1688 5181
996 247
4955 1914
4124 2745
3016 3853
4242 2627
63 1180
5216 1653
2317 4552
3237 3632
3234 3635
3680 3189
5415 1454
4167 2702
4174 2695
3616 3253
2444 4425
186 1057
706 537
969 274
2200 4669
5615 1254
2867 4002
2470 4399
1209 34
5532 1337
1803 5066
4382 2487
1906 4963
2196 4673
3296 3573
3508 3361
327 916
3919 2950
2575 4294
2429 4440
5513 1356
4320 2549
1742 5127
4814 2055
5599 1270
2409 4460
5336 1533
1659 5210
2939 3930
5162 1707
299 944
3770 3099
2506 4363
4199 2670
5040 1829
4163 2706
555 688
5116 1753
4013 2856
5560 1309
1070 173
3175 3694
3161 3708
3080 3789
1131 112
4270 2599
2177 4692
4080 2789
5 1238
5151 1718
4 1239
5031 1838
495 748
1480 5389
5160 1709
2185 4684
5430 1439
1065 178
2768 4101
5136 1733
612 631
1058 185
853 390
1619 5250
2014 4855
4653 2216
2309 4560
77 1166
4215 2654
1405 5464
524 719
4406 2463
1791 5078
2697 4172
5227 1642
1 1242
1881 4988
3461 3408
3395 3474
2034 4835
2727 4142
1435 5434
1259 5610
4842 2027
3983 2886
2712 4157
1520 5349
1032 211
3179 3690
3007 3862
4914 1955
4273 2596
766 477
4134 2735
3042 3827
5594 1275
5429 1440
209 1034
3975 2894
1360 5509
2507 4362
3972 2897
5015 1854
1693 5176
429 814
3830 3039
4103 2766
586 657
892 351
1040 203
4691 2178
1098 145
593 650
1198 45
3959 2910
3131 3738
340 903
4216 2653
1075 168
2464 4405
4436 2433
3667 3202
2327 4542
3208 3661
1925 4944
4531 2338
2933 3936
5235 1634
2774 4095
2597 4272
1418 5451
4806 2063
1885 4984
2750 4119
1267 5602
441 802
708 535
474 769
4098 2771
2734 4135
3802 3067
1675 5194
3282 3587
1020 223
4924 1945
777 466
1822 5047
866 377
4323 2546
1059 184
5192 1677
648 595
4834 2035
4154 2715
2641 4228
1496 5373
3293 3576
2020 4849
2143 4726
2026 4843
5369 1500
3945 2924
4895 1974
3718 3151
2096 4773
4916 1953
3729 3140
4974 1895
3111 3758
4275 2594
3762 3107
1188 55
4348 2521
1595 5274
1375 5494
2648 4221
4827 2042
912 331
4579 2290
839 404
139 1104
4725 2144
4543 2326
4546 2323
4971 1898
499 744
4371 2498
2422 4447
4532 2337
926 317
1366 5503
1767 5102
3488 3381
588 655
2815 4054
1320 5549
4401 2468
3059 3810
2071 4798
2740 4129
2511 4358
2030 4839
1883 4986
1250 5619
5327 1542
1846 5023
3893 2976
4973 1896
2516 4353
3127 3742
514 729
3611 3258
5075 1794
5603 1266
4461 2408
1158 85
5154 1715
1246 5623
1273 5596
2977 3892
5375 1494
1469 5400
4922 1947
3875 2994
3671 3198
3315 3554
4755 2114
395 848
2300 4569
4541 2328
2662 4207
4380 2489
2556 4313
4572 2297
2058 4811
3639 3230
934 309
4703 2166
4043 2826
3964 2905
2525 4344
4805 2064
1088 155
13 1230
3659 3210
5467 1402
2684 4185
4138 2731
5614 1255
4712 2157
5416 1453
5000 1869
4820 2049
385 858
2446 4423
5195 1674
4243 2626
192 1051
797 446
2266 4603
2833 4036
2601 4268
889 354
3675 3194
4492 2377
2798 4071
1886 4983
4685 2184
5510 1359
1363 5506
5255 1614
2439 4430
780 463
770 473
1605 5264
2537 4332
1774 5095
2105 4764
3629 3240
1044 199
1638 5231
456 787
491 752
1856 5013
3157 3712
1408 5461
4190 2679
5058 1811
4960 1909
3184 3685
1391 5478
5540 1329
3513 3356
5026 1843
4810 2059
2334 4535
3098 3771
5588 1281
993 250
1056 187
411 832
2242 4627
485 758
3809 3060
280 963
4160 2709
3383 3486
4459 2410
2819 4050
2206 4663
76 1167
3443 3426
133 1110
5309 1560
2945 3924
1489 5380
2041 4828
355 888
4512 2357
4030 2839
3411 3458
4683 2186
3600 3269
3615 3254
1543 5326
2258 4611
3444 3425
4114 2755
4409 2460
957 286
4111 2758
733 510
1687 5182
3704 3165
3092 3777
3097 3772
3745 3124
1461 5408
635 608
1018 225
3242 3627
5317 1552
2526 4343
3760 3109
2412 4457
3828 3041
4253 2616
611 632
3955 2914
449 794
3751 3118
3994 2875
4019 2850
3155 3714
4918 1951
1201 42
5334 1535
3668 3201
4327 2542
5565 1304
4610 2259
3725 3144
3582 3287
5417 1452
638 605
1016 227
1377 5492
2483 4386
3991 2878
5613 1256
4605 2264
5071 1798
1697 5172
813 430
2366 4503
2004 4865
4006 2863
4553 2316
3325 3544
851 392
5586 1283
262 981
5065 1804
4360 2509
5420 1449
4830 2039
557 686
3980 2889
2417 4452
2208 4661
894 349
1396 5473
1223 20
3070 3799
4999 1870
4020 2849
730 513
1816 5053
2224 4645
4150 2719
4173 2696
4520 2349
3807 3062
2940 3929
2219 4650
3310 3559
2600 4269
3539 3330
3741 3128
2321 4548
4000 2869
5202 1667
2613 4256
3971 2898
915 328
53 1190
2565 4304
3038 3831
423 820
2775 4094
4745 2124
2245 4624
4717 2152
5219 1650
2555 4314
895 348
1840 5029
4260 2609
1640 5229
1761 5108
5528 1341
3135 3734
2937 3932
1527 5342
4500 2369
3597 3272
1865 5004
2975 3894
987 256
1913 4956
4494 2375
1976 4893
1164 79
1134 109
2780 4089
1876 4993
2759 4110
3073 3796
2592 4277
1932 4937
962 281
3626 3243
5356 1513
2436 4433
3375 3494
2451 4418
3859 3010
315 928
2045 4824
1064 179
3869 3000
4014 2855
2614 4255
5289 1580
3516 3353
4056 2813
5574 1295
2353 4516
5561 1308
2344 4525
3549 3320
2459 4410
1361 5508
4803 2066
1855 5014
3686 3183
4537 2332
421 822
1797 5072
2621 4248
5597 1272
5433 1436
5079 1790
200 1043
1841 5028
1591 5278
1340 5529
2203 4666
4326 2543
4096 2773
2280 4589
1446 5423
1763 5106
2103 4766
2659 4210
482 761
3048 3821
3001 3868
3232 3637
2069 4800
1654 5215
2895 3974
2075 4794
1060 183
4509 2360
3806 3063
2029 4840
368 875
333 910
823 420
3673 3196
1592 5277
2277 4592
1090 153
2891 3978
1746 5123
3385 3484
5261 1608
3856 3013
1448 5421
1486 5383
350 893
61 1182
630 613
5109 1760
782 461
1130 113
2692 4177
3586 3283
4809 2060
1495 5374
548 695
1351 5518
3229 3640
517 726
3264 3605
1324 5545
2047 4822
3122 3747
4796 2073
785 458
977 266
5604 1265
2303 4566
961 282
5080 1789
5223 1646
122 1121
3421 3448
4878 1991
783 460
2348 4521
5241 1628
985 258
615 628
1400 5469
2763 4106
1403 5466
2517 4352
22 1221
3915 2954
3235 3634
2700 4169
3169 3700
2001 4868
3848 3021
1037 206
3002 3867
3863 3006
2518 4351
2536 4333
2314 4555
1426 5443
4390 2479
1416 5453
1824 5045
4005 2864
2756 4113
2604 4265
5537 1332
1306 5563
1310 5559
3197 3672
3044 3825
4595 2274
4721 2148
1096 147
5313 1556
3191 3678
3336 3533
4329 2540
3403 3466
3660 3209
3475 3394
4913 1956
228 1015
4143 2726
4208 2661
4024 2845
3921 2948
3103 3766
3297 3572
3227 3642
2164 4705
3278 3591
3535 3334
3441 3428
2350 4519
3215 3654
827 416
2912 3957
48 1195
3579 3290
4161 2708
1052 191
970 273
5006 1863
4619 2250
1673 5196
2010 4859
724 519
920 323
609 634
1603 5266
172 1071
3595 3274
3826 3043
1321 5548
3204 3665
5435 1434
3236 3633
5197 1672
278 965
2462 4407
2783 4086
2823 4046
5228 1641
3487 3382
4009 2860
2871 3998
2567 4302
982 261
4158 2711
4928 1941
4540 2329
3785 3084
1095 148
2494 4375
138 1105
3228 3641
2187 4682
616 627
2308 4561
2461 4408
182 1061
2972 3897
3907 2962
2952 3917
2505 4364
754 489
3999 2870
701 542
1615 5254
4184 2685
2650 4219
5395 1474
4557 2312
1990 4879
1555 5314
66 1177
3636 3233
1212 31
763 480
1882 4987
316 927
3607 3262
82 1161
4484 2385
374 869
5145 1724
3004 3865
4872 1997
4028 2841
4702 2167
140 1103
792 451
2052 4817
2119 4750
1737 5132
2748 4121
2201 4668
5052 1817
4306 2563
3082 3787
198 1045
5595 1274
1100 143
4126 2743
3075 3794
4954 1915
3532 3337
2822 4047
2559 4310
2957 3912
2720 4149
4511 2358
1368 5501
4223 2646
356 887
4039 2830
1683 5186
2717 4152
5310 1559
4171 2698
1419 5450
1082 161
4237 2632
1980 4889
4485 2384
3666 3203
5567 1302
5001 1868
4675 2194
5279 1590
4816 2053
5593 1276
917 326
3481 3388
3032 3837
99 1144
3767 3102
3399 3470
308 935
2547 4322
3352 3517
1621 5248
3121 3748
4183 2686
11 1232
2128 4741
2094 4775
3968 2901
5577 1292
923 320
3298 3571
2391 4478
4130 2739
883 360
5591 1278
5302 1567
4846 2023
2271 4598
1398 5471
2963 3906
528 715
1680 5189
3171 3698
1554 5315
4285 2584
4903 1966
3540 3329
1671 5198
3087 3782
664 579
1128 115
4213 2656
2724 4145
1930 4939
1633 5236
311 932
3463 3406
3047 3822
383 860
1808 5061
1934 4935
5134 1735
5521 1348
5168 1701
1946 4923
5550 1319
2781 4088
3114 3755
4660 2209
5502 1367
607 636
5074 1795
4263 2606
3709 3160
5205 1664
2397 4472
4074 2795
1961 4908
1917 4952
5296 1573
5158 1711
379 864
462 781
3348 3521
511 732
5426 1443
1214 29
1466 5403
226 1017
4529 2340
418 825
3979 2890
2292 4577
4419 2450
5161 1708
279 964
230 1013
3134 3735
874 369
5618 1251
1762 5107
1929 4940
5184 1685
3065 3804
5293 1576
5419 1450
1864 5005
4246 2623
2223 4646
5398 1471
343 900
4526 2343
2490 4379
518 725
3299 3570
614 629
5571 1298
2054 4815
3753 3116
406 837
3773 3096
1236 7
26 1217
366 877
3396 3473
353 890
4354 2515
5462 1407
2660 4209
699 544
1719 5150
3418 3451
4736 2133
1920 4949
2100 4769
4860 2009
5523 1346
3765 3104
1772 5097
3035 3834
2848 4021
2161 4708
452 791
3386 3483
5141 1728
3245 3624
194 1049
1765 5104
170 1073
2665 4204
4972 1897
1286 5583
2033 4836
5285 1584
2364 4505
1904 4965
1170 73
4790 2079
2852 4017
5092 1777
1717 5152
598 645
3873 2996
905 338
5457 1412
5098 1771
2376 4493
277 966
4300 2569
2392 4477
2716 4153
942 301
2246 4623
4180 2689
259 984
4011 2858
4040 2829
4671 2198
3730 3139
3689 3180
3359 3510
1339 5530
197 1046
5085 1784
1665 5204
845 398
4474 2395
5393 1476
3162 3707
2476 4393
4454 2415
478 765
3153 3716
4950 1919
5211 1658
3518 3351
4427 2442
4251 2618
3420 3449
4674 2195
5253 1616
3864 3005
3984 2885
1068 175
2107 4762
5171 1698
196 1047
5159 1710
4214 2655
913 330
3115 3754
74 1169
800 443
5381 1488
668 575
2232 4637
4649 2220
4698 2171
2365 4504
2205 4664
5019 1850
5244 1625
4490 2379
4502 2367
3008 3861
1036 207
1766 5103
4707 2162
2610 4259
5516 1353
1393 5476
2965 3904
5531 1338
2319 4550
2006 4863
2154 4715
4852 2017
4162 2707
1706 5163
1424 5445
1649 5220
1704 5165
596 647
1981 4888
4734 2135
554 689
3482 3387
4159 2710
4727 2142
4128 2741
842 401
4445 2424
5068 1801
4945 1924
1604 5265
951 292
662 581
5112 1757
86 1157
1399 5470
4690 2179
1969 4900
4037 2832
5214 1655
4480 2389
1730 5139
3886 2983
2074 4795
486 757
4841 2028
5325 1544
2155 4714
4191 2678
3015 3854
4016 2853
3450 3419
5338 1531
1557 5312
3221 3648
4647 2222
91 1152
578 665
4507 2362
251 992
3883 2986
3156 3713
3601 3268
5178 1691
2435 4434
1877 4992
1112 131
4198 2671
738 505
2690 4179
2770 4099
3676 3193
4296 2573
2082 4787
403 840
4105 2764
1300 5569
3275 3594
3836 3033
922 321
2585 4284
3553 3316
2093 4776
5300 1569
3123 3746
3079 3790
2346 4523
582 661
2440 4429
1931 4938
4026 2843
4980 1889
12 1231
4104 2765
3792 3077
5396 1473
1589 5280
1705 5164
836 407
1796 5073
4027 2842
101 1142
3992 2877
1289 5580
4941 1928
1006 237
3779 3090
2936 3933
1218 25
897 346
496 747
2782 4087
5555 1314
525 718
2956 3913
4847 2022
597 646
2667 4202
4869 2000
2352 4517
4979 1890
3158 3711
3024 3845
1372 5497
3731 3138
3019 3850
2021 4848
2917 3952
2620 4249
2884 3985
2202 4667
3346 3523
1371 5498
2837 4032
4376 2493
3259 3610
2370 4499
4140 2729
5366 1503
3816 3053
4431 2438
2211 4658
5404 1465
5418 1451
954 289
5239 1630
1462 5407
4131 2738
5304 1565
265 978
5187 1682
257 986
4545 2324
106 1137
756 487
2304 4565
2108 4761
1922 4947
93 1150
4995 1874
876 367
2973 3896
1663 5206
3871 2998
2629 4240
1944 4925
3937 2932
3628 3241
2586 4283
1996 4873
5479 1390
5057 1812
1792 5077
2955 3914
4614 2255
2227 4642
2169 4700
5256 1613
1963 4906
2906 3963
492 751
88 1155
5069 1800
4107 2762
3500 3369
4330 2539
1261 5608
195 1048
3524 3345
1181 62
1700 5169
1950 4919
2844 4025
3434 3435
5292 1577
248 995
3565 3304
2978 3891
4206 2663
4753 2116
3507 3362
3438 3431
806 437
288 955
3371 3498
319 924
3613 3256
4530 2339
5582 1287
3651 3218
4234 2635
865 378
2315 4554
2757 4112
1197 46
3962 2907
4696 2173
1296 5573
4079 2790
4874 1995
4238 2631
1029 214
4453 2416
2170 4699
4989 1880
1511 5358
2140 4729
4774 2095
4693 2176
3990 2879
1456 5413
397 846
4687 2182
5353 1516
1219 24
4886 1983
844 399
5376 1493
2728 4141
3880 2989
5564 1305
3996 2873
5578 1291
2942 3927
36 1207
536 707
1568 5301
1862 5007
4634 2235
3722 3147
2432 4437
1409 5460
3289 3580
1626 5243
672 571
3206 3663
5166 1703
3527 3342
246 997
2351 4518
884 359
5331 1538
3739 3130
2311 4558
5335 1534
5405 1464
242 1001
5465 1404
663 580
4471 2398
4556 2313
2302 4567
4475 2394
3094 3775
2239 4630
4921 1948
4898 1971
1478 5391
5542 1327
2687 4182
3340 3529
2923 3946
1126 117
1316 5553
4012 2857
5209 1660
4486 2383
1139 104
2306 4563
494 749
5447 1422
2919 3950
1597 5272
5081 1788
850 393
3953 2916
2403 4466
4035 2834
3137 3732
3578 3291
41 1202
5016 1853
621 622
1463 5406
108 1135
873 370
3414 3455
1084 159
1364 5505
3603 3266
4735 2134
1226 17
136 1107
3546 3323
2254 4615
5581 1288
2465 4404
3354 3515
670 573
4718 2151
3312 3557
2382 4487
142 1101
201 1042
2453 4416
4782 2087
4514 2355
3687 3182
2664 4205
5568 1301
4578 2291
803 440
5539 1330
3391 3478
2217 4652
2794 4075
4742 2127
1702 5167
4137 2732
1387 5482
1184 59
1681 5188
4672 2197
1334 5535
4990 1879
389 854
1504 5365
2893 3976
983 260
4227 2642
4397 2472
3416 3453
2799 4070
2713 4156
671 572
642 601
2260 4609
2347 4522
1773 5096
4958 1911
4549 2320
692 551
4282 2587
3432 3437
4109 2760
1343 5526
5295 1574
5249 1620
5363 1506
3374 3495
2411 4458
1175 68
512 731
5064 1805
4413 2456
241 1002
5086 1783
3393 3476
4723 2146
3778 3091
3095 3774
2480 4389
3509 3360
3429 3440
843 400
4801 2068
810 433
4618 2251
3309 3560
694 549
3056 3813
5323 1546
3646 3223
1610 5259
2040 4829
1721 5148
2612 4257
786 457
347 896
4274 2595
81 1162
5372 1497
2013 4856
4602 2267
3392 3477
4250 2619
464 779
3556 3313
1457 5412
1729 5140
3286 3583
5551 1318
1636 5233
3074 3795
2012 4857
221 1022
4388 2481
2657 4212
4876 1993
38 1205
1606 5263
4295 2574
5122 1747
4593 2276
2997 3872
2137 4732
3142 3727
702 541
2583 4286
4606 2263
3879 2990
4574 2295
5495 1374
2927 3942
2189 4680
3195 3674
2098 4771
2981 3888
3551 3318
3780 3089
2658 4211
2478 4391
5348 1521
4345 2524
1294 5575
1499 5370
829 414
1826 5043
759 484
4985 1884
2812 4057
4968 1901
3756 3113
565 678
3319 3550
3721 3148
47 1196
4501 2368
2761 4108
4078 2791
1124 119
344 899
2283 4586
4891 1978
3058 3811
4711 2158
235 1008
2523 4346
2628 4241
3389 3480
5427 1442
1355 5514
376 867
2544 4325
3757 3112
5230 1639
5143 1726
1234 9
561 682
5060 1809
3726 3143
5480 1389
4772 2097
1550 5319
3684 3185
4601 2268
1481 5388
5133 1736
1445 5424
2172 4697
5525 1344
4804 2065
4420 2449
3969 2900
5493 1376
5624 1245
960 283
1417 5452
4688 2181
3222 3647
2286 4583
1643 5226
10 1233
4018 2851
3860 3009
4450 2419
1237 6
2881 3988
4465 2404
2784 4085
56 1187
1024 219
447 796
2824 4045
5351 1518
1987 4882
4464 2405
2751 4118
1970 4899
5401 1468
493 750
1173 70
1172 71
4662 2207
2126 4743
5082 1787
5620 1249
1106 137
1428 5441
1041 202
1564 5305
4584 2285
2846 4023
372 871
659 584
5316 1553
547 696
3023 3846
3439 3430
2974 3895
2495 4374
1892 4977
2913 3956
2307 4562
4339 2530
2089 4780
3606 3263
2406 4463
3922 2947
4456 2413
4301 2568
1648 5221
2992 3877
2215 4654
3409 3460
2971 3898
2289 4580
1517 5352
5100 1769
442 801
3905 2964
1842 5027
339 904
755 488
743 500
454 789
2272 4597
1153 90
2776 4093
4704 2165
3901 2968
3133 3736
8 1235
1357 5512
2809 4060
2786 4083
1386 5483
3958 2911
3839 3030
2455 4414
2800 4069
833 410
396 847
2645 4224
176 1067
3584 3285
1271 5598
2797 4072
2335 4534
4387 2482
1501 5368
294 949
3526 3343
3168 3701
1891 4978
3514 3355
2682 4187
4421 2448
3749 3120
1999 4870
189 1054
1689 5180
1122 121
4964 1905
4678 2191
2880 3989
1749 5120
1759 5110
4713 2156
5428 1441
4747 2122
5411 1458
2534 4335
2683 4186
243 1000
467 776
3618 3251
2188 4681
734 509
2031 4838
1937 4932
1778 5091
1662 5207
3852 3017
2736 4133
5094 1775
4267 2602
2550 4319
4349 2520
5282 1587
190 1053
3887 2982
3347 3522
2104 4765
5126 1743
3505 3364
1023 220
2802 4067
1594 5275
1939 4930
5084 1785
1078 165
94 1149
3815 3054
808 435
641 602
14 1229
4844 2025
23 1220
5234 1635
3909 2960
394 849
2691 4178
4165 2704
2554 4315
1381 5488
1899 4970
4232 2637
1193 50
3934 2935
3944 2925
2241 4628
1342 5527
4394 2475
4991 1878
872 371
2831 4038
930 313
5170 1699
3003 3866
469 774
3832 3037
438 805
933 310
3750 3119
1213 30
4123 2746
5504 1365
4559 2310
2946 3923
2081 4788
4904 1965
623 620
2828 4041
3855 3014
4236 2633
4239 2630
5440 1429
1019 224
5511 1358
4483 2386
1780 5089
3219 3650
2180 4689
3793 3076
300 943
1751 5118
2229 4640
1127 116
87 1156
778 465
4063 2806
244 999
3541 3328
4082 2787
2401 4468
2491 4378
4262 2607
134 1109
3555 3314
4064 2805
4528 2341
1716 5153
3036 3833
4716 2153
552 691
2593 4276
1893 4976
1745 5124
2437 4432
603 640
1145 98
229 1014
157 1086
468 775
3267 3602
3531 3338
5121 1748
334 909
302 941
558 685
204 1039
1992 4877
4975 1894
1668 5201
1333 5536
812 431
5055 1814
4676 2193
40 1203
1243 0
4264 2605
97 1146
2811 4058
4884 1985
4719 2150
4127 2742
4871 1998
2643 4226
3192 3677
4620 2249
739 504
4638 2231
5522 1347
2528 4341
3961 2908
162 1081
2779 4090
4706 2163
1782 5087
4175 2694
4022 2847
2921 3948
382 861
5454 1415
2102 4767
1394 5475
4010 2859
2441 4428
1532 5337
3159 3710
3566 3303
727 516
811 432
1171 72
412 831
968 275
604 639
3567 3302
1617 5252
674 569
4571 2298
4289 2580
1916 4953
3358 3511
4709 2160
4881 1988
617 626
1954 4915
5517 1352
1549 5320
3935 2934
3788 3081
5142 1727
807 436
4791 2078
2288 4581
105 1138
4867 2002
1151 92
1657 5212
5554 1315
1799 5070
2011 4858
1861 5008
4641 2228
2387 4482
3703 3166
3503 3366
1215 28
1723 5146
35 1208
1611 5258
574 669
4759 2110
408 835
415 828
4515 2354
1240 3
3547 3322
3496 3373
4551 2318
1143 100
3619 3250
1244 5625
4547 2322
2718 4151
233 1010
2374 4495
3844 3025
4508 2361
4616 2253
2454 4415
1536 5333
1216 27
2733 4136
5587 1282
171 1072
1776 5093
1280 5589
2044 4825
2699 4170
151 1092
2608 4261
4643 2226
945 298
1562 5307
4959 1910
3803 3066
3997 2872
1960 4909
998 245
532 711
4334 2535
3781 3088
3261 3608
3277 3592
4813 2056
363 880
4883 1986
1035 208
3213 3656
2240 4629
3146 3723
1094 149
2588 4281
5267 1602
2649 4220
959 284
885 358
2701 4168
2236 4633
160 1083
3977 2892
2221 4648
3176 3693
4076 2793
5463 1406
856 387
4031 2838
5439 1430
2513 4356
2502 4367
2504 4365
762 481
3625 3244
1872 4997
2634 4235
5303 1566
4933 1936
3327 3542
2204 4665
1952 4917
4287 2582
1540 5329
3380 3489
4442 2427
1091 152
4288 2581
2930 3939
4383 2486
5552 1317
307 936
4476 2393
3928 2941
4962 1907
5009 1860
135 1108
2818 4051
3181 3688
4582 2287
4931 1938
901 342
546 697
125 1118
15 1228
5558 1311
4455 2414
1323 5546
2005 4864
4740 2129
2570 4299
2120 4749
2577 4292
5360 1509
1467 5402
1583 5286
590 653
3569 3300
84 1159
1484 5385
2560 4309
5616 1253
1028 215
2519 4350
2488 4381
5224 1645
2501 4368
3384 3485
4293 2576
1819 5050
4789 2080
2331 4538
3317 3552
434 809
4758 2111
4446 2423
3493 3376
3367 3502
5213 1656
3949 2920
4636 2233
1750 5119
231 1012
3226 3643
5437 1432
470 773
2497 4372
4737 2132
1637 5232
1076 167
3078 3791
975 268
3662 3207
3943 2926
4890 1979
5344 1525
1632 5237
3468 3401
3717 3152
2705 4164
821 422
1741 5128
3132 3737
2062 4807
490 753
4823 2046
1859 5010
4176 2693
1572 5297
3294 3575
3335 3534
2192 4677
3501 3368
1561 5308
287 956
4059 2810
2086 4783
4622 2247
3422 3447
4298 2571
1491 5378
4426 2443
4225 2644
4318 2551
4117 2752
3938 2931
3768 3101
4655 2214
4166 2703
1312 5557
5138 1731
2561 4308
2175 4694
5533 1336
5054 1815
4337 2532
2499 4370
381 862
3568 3301
2538 4331
4710 2159
5612 1257
163 1080
5489 1380
1077 166
1690 5179
5343 1526
4929 1940
1926 4943
4422 2447
2342 4527
1085 158
96 1147
4066 2803
4951 1918
4657 2212
819 424
1600 5269
5448 1421
352 891
4029 2840
1160 83
2237 4632
3885 2984
5284 1585
3691 3178
3188 3681
234 1009
103 1140
3512 3357
5044 1825
5032 1837
2130 4739
3682 3187
772 471
1676 5193
1754 5115
4588 2281
2088 4781
1030 213
5367 1502
3581 3288
4786 2083
931 312
764 479
4621 2248
3769 3100
5042 1827
3814 3055
5129 1740
1599 5270
3724 3145
3190 3679
5155 1714
5486 1383
322 921
2778 4091
675 568
3604 3265
4053 2816
4902 1967
4802 2067
2672 4197
4912 1957
4926 1943
2305 4564
1050 193
239 1004
2514 4355
3589 3280
2722 4147
5605 1264
4720 2149
222 1021
2003 4866
3108 3761
1093 150
1739 5130
425 818
3525 3344
1806 5063
5245 1624
3538 3331
2256 4613
3519 3350
2418 4451
583 660
3786 3083
3931 2938
409 834
3445 3424
1378 5491
1666 5203
4479 2390
704 539
703 540
1949 4920
3442 3427
5276 1593
2091 4778
2814 4055
3941 2928
318 925
2888 3981
3057 3812
1189 54
4819 2050
589 654
69 1174
3068 3801
3311 3558
114 1129
857 386
868 375
3260 3609
3349 3520
4203 2666
324 919
2589 4280
1420 5449
4785 2084
553 690
2430 4439
4927 1942
5247 1622
2721 4148
3205 3664
712 531
476 767
721 522
710 533
3052 3817
2821 4048
2675 4194
1828 5041
4536 2333
560 683
2862 4007
1835 5034
3585 3284
123 1120
126 1117
3141 3728
272 971
908 335
4443 2426
269 974
21 1222
3596 3273
4754 2115
502 741
570 673
2572 4297
3545 3324
216 1027
4724 2145
2373 4496
5257 1612
1115 128
902 341
1063 180
3398 3471
4544 2325
1475 5394
4894 1975
5468 1401
3216 3653
2037 4832
2070 4799
1447 5422
3784 3085
3890 2979
5377 1492
2113 4756
89 1154
2399 4470
4359 2510
728 515
4402 2467
1133 110
3276 3593
2183 4686
3858 3011
2371 4498
2139 4730
1539 5330
3238 3631
4077 2792
4812 2057
5379 1490
5318 1551
5025 1844
4738 2131
1631 5238
3874 2995
5409 1460
4065 2804
1307 5562
5541 1328
3459 3410
2785 4084
4497 2372
4081 2788
2753 4116
2199 4670
1031 212
886 357
2669 4200
5030 1839
5131 1738
1379 5490
4770 2099
3034 3835
550 693
5067 1802
4831 2038
4321 2548
3249 3620
3436 3433
325 918
1089 154
2944 3925
3599 3270
2018 4851
1331 5538
4342 2527
1832 5037
5062 1807
1744 5125
1623 5246
65 1178
972 271
4617 2252
3046 3823
4181 2688
5436 1433
4062 2807
3970 2899
4808 2061
2681 4188
1530 5339
4441 2428
3363 3506
146 1097
1345 5524
1191 52
3561 3308
5617 1252
5208 1661
1849 5020
4695 2174
3705 3164
5173 1696
830 413
1652 5217
4034 2835
4193 2676
1382 5487
2744 4125
4155 2714
3031 3838
483 760
4731 2138
1025 218
5474 1395
164 1079
3715 3154
4192 2677
4324 2545
3412 3457
1962 4907
1470 5399
3211 3658
130 1113
498 745
4489 2380
4570 2299
2512 4357
5459 1410
5105 1764
2966 3903
1609 5260
3649 3220
4837 2032
5584 1285
3454 3415
1263 5606
4901 1968
3150 3719
2500 4369
5543 1326
427 816
1427 5442
5059 1810
3018 3851
5410 1459
3657 3212
5190 1679
911 332
2578 4291
2388 4481
4385 2484
1524 5345
291 952
4896 1973
4258 2611
3967 2902
4751 2118
2958 3911
4757 2112
3027 3842
2434 4435
1989 4880
4395 2474
448 795
264 979
51 1192
4290 2579
1062 181
1781 5088
3341 3528
3086 3783
4539 2330
3655 3214
1114 129
3225 3644
5456 1413
4196 2673
405 838
5024 1845
2117 4752
3499 3370
2210 4659
4245 2624
1857 5012
1563 5306
60 1183
4217 2652
958 285
2048 4821
2496 4373
5386 1483
5611 1258
5354 1515
3645 3224
2072 4797
44 1199
3247 3622
2015 4854
2747 4122
649 594
2457 4412
3045 3824
3465 3404
3467 3402
3279 3590
141 1102
3117 3752
43 1200
5099 1770
2887 3982
526 717
666 577
3843 3026
80 1163
1074 169
3321 3548
2557 4312
3462 3407
4438 2431
1586 5283
736 507
3231 3638
210 1033
5357 1512
3889 2980
1833 5036
111 1132
4417 2452
4448 2421
1935 4934
5477 1392
3295 3574
4961 1908
3093 3776
2356 4513
255 988
991 252
1836 5033
1411 5458
1111 132
3612 3257
3902 2967
5191 1678
587 656
527 716
1871 4998
3805 3064
4303 2566
5446 1423
5481 1388
3819 3050
3577 3292
49 1194
156 1087
5341 1528
4635 2234
681 562
3186 3683
1900 4969
67 1176
5390 1479
1397 5472
3149 3720
1485 5384
501 742
633 610
1867 5002
4244 2625
1414 5455
4981 1888
2999 3870
946 297
4604 2265
793 450
2261 4608
1003 240
2147 4722
4746 2123
3281 3588
4044 2825
3530 3339
3920 2949
388 855
2125 4744
4049 2820
4510 2359
2591 4278
2024 4845
5135 1734
5361 1508
3217 3652
362 881
1670 5199
3878 2991
2929 3940
2402 4467
78 1165
1522 5347
1225 18
5251 1618
4400 2469
1011 232
2865 4004
1866 5003
3492 3377
545 698
2647 4222
878 365
3743 3126
929 314
2808 4061
5515 1354
95 1148
5622 1247
3543 3326
1984 4885
3966 2903
503 740
566 677
2225 4644
1260 5609
798 445
1582 5287
2294 4575
2262 4607
107 1136
652 591
5017 1852
4195 2674
3617 3252
2008 4861
3621 3248
2529 4340
3469 3400
2754 4115
2301 4568
58 1185
4942 1927
1335 5534
2101 4768
1977 4892
2723 4146
3129 3740
2883 3986
1325 5544
1211 32
1851 5018
1570 5299
3954 2915
4524 2345
4862 2007
2420 4449
3417 3452
4444 2425
329 914
4033 2836
5291 1578
506 737
4826 2043
4120 2749
3446 3423
2279 4590
4252 2617
1505 5364
2269 4600
4784 2085
4656 2213
5268 1601
1455 5414
863 380
1224 19
2769 4100
5576 1293
1313 5556
1923 4946
1964 4905
2121 4748
2636 4233
5039 1830
236 1007
1818 5051
5484 1385
1269 5600
2874 3995
2019 4850
4231 2638
4218 2651
306 937
2970 3899
1887 4982
4639 2230
4411 2458
4936 1933
3464 3405
1204 39
4594 2275
426 817
1669 5200
3332 3537
5499 1370
345 898
3061 3808
2737 4132
870 373
5311 1558
5362 1507
619 624
3379 3490
1069 174
5607 1262
1713 5156
5355 1514
2668 4201
3173 3696
720 523
2077 4792
4910 1959
2508 4361
723 520
1437 5432
948 295
4763 2106
290 953
1813 5056
2993 3876
1482 5387
4384 2485
57 1186
3800 3069
1779 5090
254 989
3670 3199
3246 3623
5157 1712
3916 2953
3255 3614
3136 3733
4403 2466
3987 2882
2680 4189
3307 3562
1596 5273
967 276
2861 4008
5621 1248
3744 3125
304 939
1119 124
5519 1350
5444 1425
3910 2959
3841 3028
1982 4887
2243 4626
1005 238
4015 2854
4651 2218
2725 4144
1858 5011
5117 1752
1786 5083
3504 3365
1373 5496
5240 1629
3479 3390
1297 5572
4793 2076
4818 2051
3040 3829
907 336
5397 1472
33 1210
2876 3993
3177 3692
980 263
1651 5218
606 637
4307 2562
5340 1529
576 667
2477 4392
1571 5298
2336 4533
1066 177
599 644
1523 5346
1438 5431
799 444
788 455
4347 2522
771 472
2961 3908
1537 5332
938 305
2503 4366
5183 1686
4966 1903
3051 3818
2473 4396
5350 1519
3333 3536
4591 2278
4052 2817
4576 2293
3947 2922
1444 5425
2969 3900
5174 1695
508 735
4316 2553
4398 2471
1369 5500
567 676
75 1168
714 529
1277 5592
804 439
713 530
5144 1725
475 768
563 680
3110 3759
1823 5046
1834 5035
2533 4336
2603 4266
1268 5601
419 824
4911 1958
4728 2141
188 1055
3163 3706
1921 4948
4305 2564
973 270
3697 3172
2767 4102
658 585
3029 3840
4328 2541
5485 1384
882 361
2909 3960
1793 5076
906 337
3022 3847
3563 3306
4506 2363
2904 3965
2492 4377
3884 2985
4469 2400
3497 3372
3918 2951
790 453
879 364
3472 3397
1487 5382
2090 4779
2282 4587
2257 4612
947 296
1141 102
5579 1290
3699 3170
4875 1994
2552 4317
5371 1498
722 521
3669 3200
384 859
651 592
2777 4092
1026 217
1362 5507
5566 1303
3305 3564
784 459
5149 1720
1349 5520
4994 1875
5147 1722
5294 1575
3882 2987
5324 1545
2598 4271
120 1123
2615 4254
2558 4311
1541 5328
950 293
556 687
3857 3012
2639 4230
2238 4631
1322 5547
1038 205
64 1179
5137 1732
118 1125
2918 3951
5438 1431
2 1241
5111 1758
2943 3926
5321 1548
1588 5281
402 841
4424 2445
2284 4585
679 564
2190 4679
940 303
144 1099
1873 4996
1579 5290
249 994
643 600
3702 3167
2801 4068
618 625
1972 4897
2378 4491
1847 5022
391 852
4760 2109
1692 5177
543 700
4733 2136
2590 4279
3174 3695
3271 3598
16 1227
5185 1684
5175 1694
1831 5038
1284 5585
1755 5114
4701 2168
976 267
5049 1820
1299 5570
3105 3764
4488 2381
1848 5021
1206 37
4625 2244
3797 3072
2407 4462
1647 5222
1547 5322
3456 3413
1902 4967
5048 1821
1756 5113
4229 2640
2827 4042
3630 3239
1279 5590
3020 3849
2868 4001
3763 3106
1644 5225
5288 1581
1768 5101
2531 4338
815 428
4777 2092
2396 4473
2988 3881
2796 4073
4139 2730
990 253
5359 1510
3491 3378
1912 4957
417 826
5271 1598
2273 4596
705 538
4097 2772
127 1116
