8721
1449 15484
1587 15346
10560 6373
167 16766
9441 7492
11717 5216
13961 2972
17397 16978
4761 12172
9334 7599
15460 1473
14086 2847
643 16290
7762 9171
11957 4976
15162 1771
2408 14525
11218 5715
12821 4112
13634 3299
1821 15112
1617 15316
12432 4501
11021 5912
1687 15246
4406 12527
1725 15208
3975 12958
12901 4032
5506 11427
8406 8527
9143 7790
5415 11518
15086 1847
9811 7122
7951 8982
9079 7854
13839 3094
241 16692
6925 10008
3284 13649
3568 13365
2108 14825
14148 2785
12858 4075
3224 13709
13083 3850
10391 6542
7266 9667
5583 11350
10353 6580
11604 5329
10459 6474
11063 5870
8398 8535
10330 6603
10185 6748
8419 8514
2735 14198
62 16871
3496 13437
10084 6849
10669 6264
6276 10657
15640 1293
3851 13082
9144 7789
2586 14347
14402 2531
9730 7203
727 16206
8344 8589
9731 7202
3248 13685
13870 3063
8657 8276
9206 7727
4309 12624
14808 2125
3510 13423
14638 2295
11011 5922
16467 466
14359 2574
11748 5185
4035 12898
14782 2151
9382 7551
15970 963
13660 3273
9764 7169
2731 14202
9020 7913
2241 14692
16862 71
652 16281
3048 13885
6456 10477
12241 4692
7133 9800
11560 5373
9239 7694
13873 3060
17250 17125
3361 13572
8793 8140
5994 10939
1635 15298
13173 3760
11920 5013
1861 15072
5330 11603
12180 4753
9027 7906
14861 2072
3565 13368
7248 9685
10325 6608
11950 4983
3717 13216
502 16431
6485 10448
15497 1436
5046 11887
7244 9689
10668 6265
1757 15176
10253 6680
14819 2114
16462 471
11836 5097
8963 7970
16964 17411
8506 8427
4460 12473
1693 15240
11891 5042
8867 8066
10615 6318
6622 10311
4320 12613
14197 2736
15101 1832
10508 6425
412 16521
10698 6235
13212 3721
25 16908
15823 1110
7448 9485
16535 398
4146 12787
15366 1567
5335 11598
4558 12375
6341 10592
912 16021
11058 5875
4128 12805
16314 619
14135 2798
2260 14673
15694 1239
16575 358
8409 8524
428 16505
10419 6514
1130 15803
7063 9870
16293 640
14634 2299
2448 14485
5173 11760
15798 1135
15135 1798
7125 9808
449 16484
6442 10491
7024 9909
2226 14707
6718 10215
15067 1866
1001 15932
14657 2276
10884 6049
1529 15404
4190 12743
15296 1637
2681 14252
17373 17002
11121 5812
9196 7737
6774 10159
3002 13931
14774 2159
1406 15527
12347 4586
7647 9286
7678 9255
4877 12056
80 16853
15952 981
15756 1177
9502 7431
8420 8513
8388 8545
13460 3473
14598 2335
10103 6830
3707 13226
15379 1554
8681 8252
16188 745
5093 11840
7989 8944
10090 6843
13348 3585
13396 3537
11370 5563
3790 13143
424 16509
998 15935
3254 13679
12725 4208
10336 6597
14192 2741
3802 13131
4947 11986
12665 4268
10623 6310
1667 15266
1493 15440
5313 11620
7400 9533
16543 390
10620 6313
495 16438
12023 4910
5315 11618
3243 13690
5061 11872
2571 14362
6687 10246
17265 17110
13772 3161
8678 8255
8504 8429
6117 10816
15480 1453
1952 14981
6103 10830
1717 15216
2224 14709
11825 5108
5973 10960
5163 11770
9648 7285
11318 5615
13363 3570
10712 6221
519 16414
14179 2754
8850 8083
11205 5728
4295 12638
13446 3487
13807 3126
6709 10224
416 16517
4229 12704
15732 1201
14056 2877
6614 10319
14490 2443
1551 15382
14462 2471
10518 6415
32 16901
3686 13247
4052 12881
14966 1967
6477 10456
1579 15354
15999 934
11829 5104
2019 14914
11351 5582
8910 8023
3761 13172
12597 4336
5520 11413
9987 6946
13729 3204
1776 15157
6930 10003
8416 8517
396 16537
4913 12020
9790 7143
13072 3861
10470 6463
2277 14656
5955 10978
8020 8913
5207 11726
12606 4327
4567 12366
15546 1387
16425 508
16456 477
4478 12455
2743 14190
5271 11662
12571 4362
10223 6710
14840 2093
6753 10180
5666 11267
5233 11700
7192 9741
10565 6368
13623 3310
12804 4129
3075 13858
5174 11759
70 16863
3612 13321
6220 10713
9608 7325
5823 11110
354 16579
4726 12207
1208 15725
5785 11148
97 16836
535 16398
11449 5484
16607 326
4368 12565
14959 1974
9221 7712
4772 12161
13213 3720
15908 1025
9570 7363
16889 44
968 15965
5416 11517
3575 13358
11661 5272
9733 7200
1669 15264
11842 5091
1989 14944
3676 13257
3741 13192
1254 15679
10869 6064
5934 10999
11349 5584
334 16599
14911 2022
3093 13840
9511 7422
7792 9141
6480 10453
13930 3003
1893 15040
2076 14857
11187 5746
15993 940
15928 1005
3335 13598
13859 3074
2544 14389
6864 10069
9587 7346
9003 7930
1240 15693
2225 14708
5358 11575
11824 5109
3580 13353
2033 14900
5101 11832
10824 6109
15855 1078
12653 4280
9200 7733
1803 15130
3700 13233
9277 7656
7926 9007
14648 2285
10758 6175
12975 3958
226 16707
7619 9314
12863 4070
7627 9306
8988 7945
12443 4490
10682 6251
2998 13935
11934 4999
5581 11352
12568 4365
1724 15209
1811 15122
15369 1564
17413 16962
185 16748
801 16132
14515 2418
12537 4396
10357 6576
13117 3816
12097 4836
14011 2922
5136 11797
4920 12013
6472 10461
9097 7836
7982 8951
12086 4847
14963 1970
3359 13574
14205 2728
15705 1228
6625 10308
14376 2557
1532 15401
13867 3066
7130 9803
333 16600
5855 11078
4996 11937
13055 3878
11482 5451
8157 8776
11610 5323
1174 15759
15105 1828
404 16529
16453 480
17159 17216
7915 9018
16547 386
12338 4595
16985 17390
3089 13844
4686 12247
17272 17103
15675 1258
17152 17223
213 16720
2457 14476
2900 14033
1009 15924
14491 2442
1920 15013
13666 3267
5686 11247
1507 15426
6834 10099
8182 8751
6068 10865
5862 11071
11441 5492
1909 15024
12893 4040
14363 2570
4192 12741
11497 5436
8911 8022
15988 945
10526 6407
14926 2007
4093 12840
13065 3868
5852 11081
3704 13229
14445 2488
15734 1199
15471 1462
9294 7639
2291 14642
10290 6643
10834 6099
13939 2994
13992 2941
9549 7384
12551 4382
4551 12382
9901 7032
1629 15304
14333 2600
6465 10468
3438 13495
10631 6302
17072 17303
5158 11775
2000 14933
15615 1318
1365 15568
10841 6092
2769 14164
2953 13980
1469 15464
14172 2761
14302 2631
11556 5377
2438 14495
14093 2840
13236 3697
2773 14160
16463 470
14767 2166
12208 4725
6293 10640
15956 977
15552 1381
8115 8818
12137 4796
4366 12567
9416 7517
6072 10861
10061 6872
3382 13551
5713 11220
2406 14527
14639 2294
11814 5119
7282 9651
14920 2013
15219 1714
17065 17310
9669 7264
4867 12066
6467 10466
6797 10136
11206 5727
5053 11880
8946 7987
9293 7640
9775 7158
16254 679
2422 14511
13323 3610
13219 3714
8590 8343
4011 12922
4684 12249
2589 14344
13097 3836
10543 6390
16749 184
5453 11480
16278 655
2211 14722
16041 892
7788 9145
2298 14635
842 16091
4244 12689
4025 12908
4613 12320
15010 1923
13753 3180
15032 1901
6076 10857
5025 11908
11537 5396
7085 9848
257 16676
5911 11022
8674 8259
8273 8660
14250 2683
3341 13592
1525 15408
14150 2783
9897 7036
5829 11104
14442 2491
4523 12410
13657 3276
12498 4435
13573 3360
9432 7501
6782 10151
10916 6017
16893 40
15310 1623
13379 3554
12273 4660
13683 3250
7178 9755
9262 7671
13501 3432
7512 9421
14534 2399
2515 14418
2863 14070
936 15997
4889 12044
13719 3214
10216 6717
63 16870
9598 7335
3425 13508
6786 10147
457 16476
670 16263
15763 1170
11580 5353
12604 4329
14683 2250
1734 15199
3167 13766
14596 2337
7864 9069
15946 987
11944 4989
1095 15838
1935 14998
10436 6497
5069 11864
3138 13795
5462 11471
16216 717
9232 7701
13757 3176
4621 12312
36 16897
3468 13465
8103 8830
7195 9738
15422 1511
9350 7583
15174 1759
15421 1512
426 16507
14756 2177
6173 10760
1680 15253
15254 1679
8984 7949
1858 15075
14945 1988
13248 3685
6300 10633
7279 9654
7212 9721
6400 10533
14286 2647
14375 2558
9950 6983
4114 12819
7462 9471
9640 7293
895 16038
3384 13549
1703 15230
2451 14482
10658 6275
12468 4465
8093 8840
13771 3162
7164 9769
15034 1899
16967 17408
1662 15271
16333 600
17252 17123
8571 8362
5275 11658
9191 7742
10374 6559
13907 3026
12631 4302
15700 1233
14780 2153
1659 15274
7797 9136
6966 9967
11399 5534
4875 12058
654 16279
11389 5544
2396 14537
1795 15138
1871 15062
1910 15023
15374 1559
17249 17126
5909 11024
15888 1045
8053 8880
15453 1480
9047 7886
7560 9373
4001 12932
13059 3874
3210 13723
11589 5344
13421 3512
14069 2864
7513 9420
6948 9985
1518 15415
13701 3232
9175 7758
2749 14184
15018 1915
13067 3866
4537 12396
14113 2820
15648 1285
9215 7718
14493 2440
6894 10039
8195 8738
15196 1737
7424 9509
10194 6739
14823 2110
4525 12408
8459 8474
2673 14260
17232 17143
12377 4556
15269 1664
9912 7021
16137 796
4609 12324
12250 4683
1597 15336
5007 11926
2724 14209
4838 12095
11708 5225
3251 13682
8700 8233
5783 11150
5838 11095
8100 8833
4676 12257
15739 1194
707 16226
16855 78
756 16177
7006 9927
415 16518
16998 17377
10520 6413
4175 12758
8224 8709
6158 10775
9460 7473
6241 10692
5465 11468
2588 14345
451 16482
4602 12331
6506 10427
2684 14249
7554 9379
740 16193
15110 1823
11587 5346
14266 2667
15447 1486
403 16530
13021 3912
12212 4721
2960 13973
10574 6359
743 16190
9185 7748
11100 5833
12650 4283
3922 13011
10127 6806
14984 1949
3339 13594
10314 6619
6769 10164
8489 8444
17243 17132
8063 8870
15558 1375
6660 10273
9920 7013
4896 12037
11428 5505
12713 4220
10919 6014
13809 3124
2533 14400
5168 11765
9059 7874
9290 7643
12734 4199
14905 2028
17056 17319
2621 14312
12356 4577
7821 9112
2485 14448
916 16017
5610 11323
10601 6332
16558 375
9451 7482
13414 3519
8277 8656
8132 8801
14134 2799
17070 17305
7366 9567
9791 7142
17403 16972
13604 3329
6932 10001
4995 11938
1663 15270
11554 5379
13188 3745
140 16793
9252 7681
16111 822
4678 12255
2026 14907
676 16257
6817 10116
782 16151
3119 13814
1429 15504
8673 8260
8702 8231
13068 3865
7711 9222
4084 12849
8226 8707
12234 4699
2951 13982
11905 5028
13668 3265
8079 8854
9446 7487
12349 4584
16966 17409
4607 12326
3190 13743
6348 10585
1054 15879
7690 9243
1985 14948
5078 11855
5476 11457
5040 11893
5198 11735
10283 6650
6829 10104
3935 12998
7471 9462
13647 3286
4951 11982
2328 14605
11432 5501
17346 17029
6853 10080
16606 327
14653 2280
14338 2595
3908 13025
8051 8882
1439 15494
14696 2237
6048 10885
16313 620
12574 4359
13402 3531
4339 12594
941 15992
12647 4286
6141 10792
4728 12205
16635 298
3621 13312
814 16119
1547 15386
5747 11186
9695 7238
15677 1256
5633 11300
3154 13779
38 16895
2732 14201
10519 6414
11771 5162
5295 11638
7904 9029
1351 15582
3991 12942
15309 1624
7369 9564
11064 5869
6162 10771
10797 6136
4487 12446
831 16102
11609 5324
10704 6229
2412 14521
10672 6261
356 16577
511 16422
2011 14922
7944 8989
17354 17021
4794 12139
5222 11711
9726 7207
9129 7804
9797 7136
3664 13269
15207 1726
609 16324
8631 8302
9308 7625
66 16867
10086 6847
15837 1096
8835 8098
4522 12411
9199 7734
7029 9904
8236 8697
3898 13035
10801 6132
2738 14195
11552 5381
4078 12855
11723 5210
6974 9959
12448 4485
8026 8907
15375 1558
14267 2666
16203 730
1242 15691
5694 11239
486 16447
1788 15145
7832 9101
3529 13404
7827 9106
11793 5140
16227 706
897 16036
7257 9676
6891 10042
5160 11773
145 16788
9558 7375
6837 10096
9656 7277
3838 13095
3488 13445
10443 6490
15094 1839
12745 4188
14368 2565
16002 931
5555 11378
1918 15015
3724 13209
9362 7571
2235 14698
13734 3199
3771 13162
12655 4278
15521 1412
8509 8424
10997 5936
15532 1401
1039 15894
5512 11421
1234 15699
15295 1638
17325 17050
13806 3127
8721 8212
15226 1707
8006 8927
9135 7798
2782 14151
3376 13557
1728 15205
11845 5088
6635 10298
7265 9668
4157 12776
4375 12558
6685 10248
3007 13926
8596 8337
15614 1319
100 16833
3880 13053
6883 10050
15875 1058
3350 13583
16857 76
7389 9544
4057 12876
14456 2477
8270 8663
11460 5473
4934 11999
7114 9819
11962 4971
13833 3100
12034 4899
4020 12913
5361 11572
8826 8107
1012 15921
9358 7575
8237 8696
17410 16965
12509 4424
11490 5443
1328 15605
10499 6434
15384 1549
4265 12668
10097 6836
7577 9356
7623 9310
10662 6271
13996 2937
6129 10804
217 16716
9414 7519
15652 1281
6460 10473
1779 15154
17324 17051
17044 17331
8767 8166
1265 15668
7971 8962
16913 20
12220 4713
16945 17430
1796 15137
17315 17060
9274 7659
11529 5404
11216 5717
4121 12812
14814 2119
15537 1396
4347 12586
14420 2513
5238 11695
16387 546
1705 15228
14044 2889
3312 13621
15107 1826
12424 4509
12119 4814
17031 17344
11167 5766
6260 10673
1502 15431
16646 287
15185 1748
8952 7981
5532 11401
142 16791
14706 2227
16040 893
15905 1028
11251 5682
16884 49
15644 1289
12038 4895
10742 6191
11259 5674
12690 4243
2354 14579
8816 8117
10872 6061
16930 3
11830 5103
7687 9246
14711 2222
9010 7923
4967 11966
15019 1914
4191 12742
4786 12147
14721 2212
17318 17057
116 16817
14839 2094
9947 6986
14891 2042
13123 3810
13251 3682
9517 7416
4267 12666
9817 7116
12254 4679
3881 13052
6992 9941
16461 472
2543 14390
4611 12322
1464 15469
17401 16974
7757 9176
529 16404
13591 3342
14122 2811
14223 2710
1352 15581
13624 3309
15637 1296
7306 9627
5803 11130
13924 3009
12184 4749
10228 6705
6073 10860
15922 1011
16710 223
3216 13717
437 16496
3086 13847
6899 10034
689 16244
12285 4648
13613 3320
156 16777
2597 14336
3522 13411
12188 4745
4447 12486
843 16090
5676 11257
9383 7550
16613 320
6638 10295
5573 11360
13954 2979
7988 8945
6889 10044
5570 11363
5858 11075
1877 15056
2041 14892
3178 13755
4004 12929
8956 7977
14 16919
13139 3794
1578 15355
17255 17120
13330 3603
6222 10711
3862 13071
10583 6350
17183 17192
9596 7337
9810 7123
8599 8334
536 16397
4122 12811
10150 6783
11701 5232
10571 6362
4825 12108
10055 6878
9228 7705
17419 16956
11527 5406
7329 9604
13655 3278
3448 13485
14556 2377
16927 6
5761 11172
6670 10263
7800 9133
8970 7963
10460 6473
4455 12478
4143 12790
14503 2430
4438 12495
4235 12698
19 16914
17215 17160
9704 7229
15862 1071
15197 1736
15826 1107
3827 13106
14686 2247
8074 8859
8095 8838
11637 5296
8449 8484
6399 10534
6922 10011
16882 51
7538 9395
5980 10953
10382 6551
4205 12728
9501 7432
3776 13157
8724 8209
12454 4479
2426 14507
7767 9166
4762 12171
13514 3419
3203 13730
6827 10106
8283 8650
3470 13463
3386 13547
825 16108
718 16215
12300 4633
16328 605
2084 14849
12637 4296
15947 986
12357 4576
1459 15474
1143 15790
13012 3921
16310 623
15280 1653
554 16379
2445 14488
9168 7765
9699 7234
10928 6005
16087 846
17298 17077
10883 6050
11645 5288
3363 13570
7102 9831
11886 5047
312 16621
12847 4086
15779 1154
16116 817
381 16552
6431 10502
10832 6101
15423 1510
13391 3542
5125 11808
1167 15766
308 16625
7001 9932
9677 7256
5780 11153
8905 8028
8761 8172
17382 16993
93 16840
15841 1092
360 16573
9671 7262
7209 9724
11498 5435
1842 15091
5027 11906
16789 144
6555 10378
757 16176
16211 722
16194 739
2521 14412
12978 3955
13488 3445
5264 11669
22 16911
12266 4667
10047 6886
13283 3650
5392 11541
6989 9944
2282 14651
6975 9958
6584 10349
17117 17258
6515 10418
16686 247
2208 14725
12305 4628
12099 4834
7644 9289
13022 3911
3944 12989
10260 6673
12470 4463
980 15953
8350 8583
9748 7185
11077 5856
3979 12954
10230 6703
16106 827
12242 4691
1688 15245
5962 10971
2659 14274
1088 15845
15186 1747
12628 4305
15676 1257
3446 13487
469 16464
2695 14238
15620 1313
8059 8874
12151 4782
13206 3727
2070 14863
618 16315
12150 4783
11888 5045
7171 9762
8684 8249
8217 8716
11501 5432
11454 5479
5976 10957
7516 9417
8803 8130
8054 8879
14630 2303
15751 1182
2501 14432
13586 3347
15493 1440
12127 4806
13611 3322
6225 10708
6498 10435
3546 13387
4213 12720
12619 4314
7604 9329
9682 7251
3787 13146
10105 6828
9758 7175
8611 8322
11158 5775
7847 9086
1221 15712
9847 7086
8532 8401
880 16053
1 16932
6081 10852
10094 6839
1533 15400
3429 13504
14354 2579
8073 8860
9219 7714
4468 12465
2017 14916
11345 5588
15450 1483
14496 2437
14162 2771
4019 12914
878 16055
14295 2638
2720 14213
13008 3925
14025 2908
10182 6751
8497 8436
8494 8439
1864 15069
6860 10073
13449 3484
12439 4494
8366 8567
15622 1311
310 16623
16233 700
6885 10048
5788 11145
10089 6844
12964 3969
15496 1437
6508 10425
14726 2207
14766 2167
3368 13565
13843 3090
11963 4970
4217 12716
13076 3857
15996 937
16140 793
17098 17277
11945 4988
14789 2144
13253 3680
5289 11644
3910 13023
7322 9611
6127 10806
997 15936
15688 1245
512 16421
1927 15006
12862 4071
4037 12896
14727 2206
12682 4251
13069 3864
7691 9242
7391 9542
7186 9747
6628 10305
13695 3238
11860 5073
11959 4974
16199 734
9061 7872
16014 919
4729 12204
12780 4153
15327 1606
11067 5866
17008 17367
10901 6032
6003 10930
7859 9074
6524 10409
15146 1787
3858 13075
7121 9812
14304 2629
13448 3485
6615 10318
14038 2895
8470 8463
15206 1727
3708 13225
5872 11061
2560 14373
15842 1091
4830 12103
15223 1710
484 16449
845 16088
12740 4193
16675 258
1144 15789
7222 9711
1843 15090
16883 50
1931 15002
747 16186
4065 12868
13636 3297
9849 7084
15738 1195
12757 4176
3659 13274
7115 9818
16669 264
9119 7814
11054 5879
16632 301
5959 10974
11547 5386
9867 7066
15233 1700
16605 328
5193 11740
14809 2124
2748 14185
12926 4007
16718 215
5681 11252
12365 4568
16601 332
85 16848
11038 5895
8804 8129
5481 11452
13932 3001
5621 11312
5967 10966
3072 13861
14275 2658
4860 12073
3856 13077
15329 1604
10785 6148
13960 2973
1766 15167
5891 11042
3728 13205
14631 2302
10420 6513
8729 8204
2806 14127
2200 14733
8205 8728
11568 5365
8990 7943
9871 7062
12376 4557
3853 13080
17425 16950
4497 12436
10031 6902
5412 11521
3237 13696
10555 6378
8507 8426
3497 13436
11588 5345
5256 11677
16260 673
12261 4672
17184 17191
3970 12963
737 16196
15403 1530
391 16542
16380 553
13034 3899
15320 1613
9536 7397
11787 5146
14589 2344
787 16146
12431 4502
12506 4427
4807 12126
7023 9910
11193 5740
11006 5927
11680 5253
1634 15299
14697 2236
1672 15261
13394 3539
17314 17061
7507 9426
186 16747
3526 13407
14535 2398
14269 2664
10613 6320
13185 3748
12588 4345
16827 106
14934 1999
7362 9571
17018 17357
4563 12370
7235 9698
11466 5467
9573 7360
6270 10663
5217 11716
13979 2954
9778 7155
17280 17095
2634 14299
13178 3755
4513 12420
8645 8288
7426 9507
8640 8293
12194 4739
4380 12553
9058 7875
16888 45
14501 2432
15182 1751
6122 10811
9194 7739
4869 12064
6174 10759
3401 13532
7908 9025
12691 4242
16905 28
12302 4631
1860 15073
3681 13252
2238 14695
2779 14154
5602 11331
6232 10701
15108 1825
6655 10278
12301 4632
14000 2933
2184 14749
8579 8354
13475 3458
9551 7382
9826 7107
2618 14315
15150 1783
6289 10644
15893 1040
1214 15719
4908 12025
4440 12493
15381 1552
9513 7420
5999 10934
1802 15131
5952 10981
10595 6338
12007 4926
10013 6920
17133 17242
2834 14099
6344 10589
6667 10266
6100 10833
3518 13415
12672 4261
17035 17340
5468 11465
16292 641
5863 11070
653 16280
14560 2373
1411 15522
17306 17069
5195 11738
15749 1184
11253 5680
4962 11971
5363 11570
13400 3533
6253 10680
10532 6401
14039 2894
15500 1433
13981 2952
330 16603
12354 4579
6087 10846
6186 10747
13041 3892
4454 12479
7488 9445
6115 10818
12583 4350
3927 13006
12235 4698
1968 14965
6402 10531
9936 6997
12981 3952
16587 346
5597 11336
15088 1845
17004 17371
2234 14699
4750 12183
8143 8790
17264 17111
7618 9315
9240 7693
9918 7015
9632 7301
7845 9088
3968 12965
8105 8828
12990 3943
5499 11434
5743 11190
17359 17016
3684 13249
16681 252
7226 9707
6255 10678
6288 10645
12291 4642
8598 8335
5208 11725
2036 14897
6970 9963
12808 4125
7183 9750
13945 2988
16550 383
7674 9259
11794 5139
2301 14632
11564 5369
11137 5796
15287 1646
6804 10129
14732 2201
12046 4887
11478 5455
8523 8410
6015 10918
14670 2263
558 16375
15776 1157
3852 13081
14946 1987
14321 2612
14361 2572
6968 9965
4012 12921
16979 17396
345 16588
3624 13309
1957 14976
15572 1361
9678 7255
15583 1350
1349 15584
3163 13770
6796 10137
7650 9283
8495 8438
1451 15482
9964 6969
16101 832
13506 3427
12541 4392
16381 552
8740 8193
7559 9374
7931 9002
11223 5710
1524 15409
4627 12306
13978 2955
14480 2453
2962 13971
15659 1274
9582 7351
16300 633
7 16926
5445 11488
204 16729
14068 2865
5526 11407
6913 10020
9155 7778
3986 12947
6078 10855
13110 3823
13595 3338
2214 14719
6923 10010
7137 9796
543 16390
8159 8774
5370 11563
1627 15306
6353 10580
10267 6666
5151 11782
7653 9280
9691 7242
7327 9606
17218 17157
4884 12049
6910 10023
7934 8999
8114 8819
15744 1189
8998 7935
17194 17181
2255 14678
1158 15775
10564 6369
4900 12033
7573 9360
6668 10265
3262 13671
11402 5531
10376 6557
409 16524
16343 590
1413 15520
12651 4282
11179 5754
1140 15793
14323 2610
10900 6033
11930 5003
14923 2010
16939 17436
6846 10087
4596 12337
1928 15005
2006 14927
1248 15685
16026 907
11752 5181
15465 1468
10761 6172
7744 9189
5981 10952
14612 2321
12293 4640
11895 5038
14595 2338
2686 14247
3947 12986
1145 15788
16117 816
13983 2950
400 16533
5770 11163
15290 1643
1307 15626
10054 6879
10627 6306
122 16811
16065 868
6816 10117
649 16284
12928 4005
15748 1185
8296 8637
14608 2325
5641 11292
15867 1066
10622 6311
13548 3385
1338 15595
750 16183
5527 11406
15562 1371
14954 1979
10100 6833
10996 5937
14153 2780
15580 1353
13842 3091
9316 7617
17026 17349
147 16786
8746 8187
5969 10964
6106 10827
16439 494
8717 8216
566 16367
5946 10987
15755 1178
3803 13130
12009 4924
794 16139
9464 7469
16909 24
5179 11754
13566 3367
15556 1377
10887 6046
14764 2169
8136 8797
2614 14319
15896 1037
11134 5799
4619 12314
4028 12905
14144 2789
6291 10642
16571 362
6159 10774
1059 15874
14358 2575
15286 1647
3818 13115
8636 8297
8082 8851
8843 8090
9120 7813
8772 8161
4388 12545
14237 2696
2514 14419
14380 2553
1911 15022
3905 13028
9745 7188
4933 12000
8144 8789
11523 5410
1340 15593
15707 1226
4938 11995
12067 4866
14105 2828
14156 2777
14514 2419
3974 12959
17142 17233
12052 4881
687 16246
16528 405
7826 9107
13357 3576
1123 15810
12620 4313
6451 10482
12955 3978
14979 1954
5470 11463
12042 4891
16514 419
6631 10302
7895 9038
5211 11722
15609 1324
6468 10465
11161 5772
7290 9643
1213 15720
6156 10777
10032 6901
6038 10895
13609 3324
2264 14669
1314 15619
7049 9884
14822 2111
1203 15730
12763 4170
6732 10201
15576 1357
7922 9011
7822 9111
15878 1055
6988 9945
6142 10791
15501 1432
8614 8319
12515 4418
10956 5977
12215 4718
8739 8194
2817 14116
13260 3673
5444 11489
608 16325
7328 9605
11544 5389
7622 9311
15608 1325
14899 2034
10484 6449
14357 2576
13822 3111
10135 6798
15743 1190
4223 12710
17358 17017
17435 16940
13486 3447
7402 9531
15650 1283
6001 10932
7273 9660
17356 17019
9723 7210
1584 15349
1267 15666
11766 5167
12508 4425
9016 7917
11857 5076
8102 8831
6845 10088
2415 14518
4856 12077
6716 10217
9777 7156
82 16851
16240 693
15417 1516
2928 14005
8101 8832
9785 7148
4374 12559
12883 4050
11606 5327
8407 8526
9734 7199
5228 11705
5107 11826
12091 4842
5579 11354
15781 1152
16076 857
1951 14982
8916 8017
1232 15701
16682 251
7163 9770
289 16644
17182 17193
15797 1136
8492 8441
6546 10387
10614 6319
2546 14387
8617 8316
1792 15141
262 16671
9565 7368
11670 5263
11927 5006
5659 11274
3954 12979
9594 7339
9814 7119
14325 2608
8332 8601
11703 5230
12499 4434
13091 3842
16937 17438
16399 534
15459 1474
11461 5472
13735 3198
8368 8565
3534 13399
15612 1321
14880 2053
260 16673
11994 4939
2193 14740
8564 8369
1442 15491
4849 12084
7490 9443
4186 12747
7165 9768
14751 2182
2472 14461
1704 15229
3370 13563
3121 13812
12296 4637
10877 6056
10065 6868
8042 8891
2992 13941
16126 807
7386 9547
6355 10578
16894 39
6745 10188
16627 306
9740 7193
12040 4893
9939 6994
12839 4094
16121 812
8769 8164
16412 521
2919 14014
16255 678
4089 12844
3722 13211
9846 7087
1153 15780
3028 13905
13043 3890
13564 3369
9217 7716
5175 11758
4853 12080
3013 13920
7355 9578
12890 4043
12522 4411
16498 435
11041 5892
14067 2866
2081 14852
244 16689
11648 5285
5568 11365
5524 11409
10550 6383
5303 11630
3062 13871
4917 12016
5565 11368
14654 2279
3929 13004
10829 6104
2819 14114
636 16297
13372 3561
16713 220
9877 7056
12662 4271
11329 5604
12472 4461
16991 17384
17339 17036
15807 1126
9151 7782
7004 9929
15505 1428
12383 4550
7443 9490
6040 10893
13785 3148
1611 15322
927 16006
3142 13791
11495 5438
16320 613
3029 13904
10575 6358
10320 6613
12842 4091
10206 6727
13739 3194
8304 8629
4789 12144
1466 15467
3317 13616
7893 9040
7103 9830
3387 13546
8298 8635
949 15984
3507 13426
6290 10643
16534 399
4705 12228
2854 14079
11317 5616
4622 12311
10535 6398
15767 1166
7722 9211
8371 8562
15571 1362
2300 14633
8570 8363
3182 13751
3900 13033
5983 10950
10765 6168
6854 10079
15957 976
10397 6536
7764 9169
13577 3356
2497 14436
14628 2305
9540 7393
10433 6500
4531 12402
14469 2464
3928 13005
11433 5500
12676 4257
1470 15463
10363 6570
7310 9623
7683 9250
11108 5825
2556 14377
14563 2370
11974 4959
16389 544
572 16361
16879 54
2851 14082
12877 4056
16187 746
11086 5847
7297 9636
12641 4292
14689 2244
14820 2113
4780 12153
2270 14663
16238 695
14691 2242
1409 15524
16386 547
13294 3639
11593 5340
8367 8566
10655 6278
16759 174
15718 1215
17195 17180
6140 10793
11417 5516
6527 10406
15981 952
15917 1016
9986 6947
4493 12440
5663 11270
219 16714
11881 5052
14149 2784
1419 15514
771 16162
1485 15448
505 16428
3421 13512
3965 12968
15651 1282
10839 6094
2021 14912
5801 11132
12988 3945
5598 11335
7092 9841
4344 12589
13338 3595
5741 11192
15475 1458
4659 12274
4778 12155
7692 9241
9569 7364
7731 9202
6937 9996
3841 13092
4166 12767
17085 17290
15171 1762
12980 3953
3563 13370
3374 13559
4357 12576
1171 15762
10199 6734
5357 11576
7979 8954
9938 6995
15429 1504
6550 10383
8248 8685
11304 5629
12004 4929
1118 15815
10146 6787
5475 11458
4560 12373
10375 6558
16340 593
4133 12800
4006 12927
1697 15236
7491 9442
6905 10028
4855 12078
11833 5100
9575 7358
5914 11019
4711 12222
13780 3153
16274 659
11342 5591
3828 13105
4517 12416
11000 5933
16049 884
7237 9696
16383 550
3672 13261
11584 5349
16451 482
8737 8196
12167 4766
3365 13568
153 16780
1000 15933
15014 1919
6942 9991
13782 3151
985 15948
3092 13841
14058 2875
16832 101
17196 17179
6726 10207
9661 7272
14942 1991
16277 656
1084 15849
11985 4948
12295 4638
15025 1908
6130 10803
11306 5627
4826 12107
4171 12762
3283 13650
16954 17421
4417 12516
13175 3758
11297 5636
14641 2292
7161 9772
8764 8169
2685 14248
14658 2275
5182 11751
9593 7340
3014 13919
7250 9683
3792 13141
829 16104
12519 4414
16289 644
8002 8931
11455 5478
15949 984
12430 4503
4443 12490
3919 13014
2417 14516
15127 1806
2296 14637
12129 4804
3888 13045
12674 4259
8307 8626
9415 7518
2674 14259
1534 15399
7258 9675
7404 9529
4533 12400
6397 10536
5702 11231
8208 8725
14834 2099
10315 6618
16715 218
3532 13401
11040 5893
2191 14742
6091 10842
2555 14378
1964 14969
6867 10066
13525 3408
9834 7099
11728 5205
12673 4260
3781 13152
8865 8068
9761 7172
11573 5360
4142 12791
8873 8060
1492 15441
7275 9658
15806 1127
10141 6792
6965 9968
4499 12434
1875 15058
1487 15446
11486 5447
5156 11777
2757 14176
11436 5497
3834 13099
6448 10485
11214 5719
13985 2948
17327 17048
3171 13762
16674 259
10676 6257
2287 14646
4200 12733
2530 14403
12032 4901
14700 2233
6759 10174
7135 9798
11282 5651
15330 1603
1865 15068
7637 9296
6108 10825
2060 14873
1972 14961
10772 6161
15695 1238
9178 7755
5951 10982
11889 5044
12688 4245
15839 1094
9396 7537
17323 17052
4885 12048
14472 2461
1668 15265
12995 3938
7983 8950
6423 10510
16617 316
15017 1916
7334 9599
7568 9365
10388 6545
6256 10677
12122 4811
3832 13101
9913 7020
1589 15344
8511 8422
5624 11309
665 16268
621 16312
8342 8591
4145 12788
15674 1259
9207 7726
14332 2601
4960 11973
7417 9516
5188 11745
4661 12272
16445 488
16455 478
2389 14544
6951 9982
10043 6890
8250 8683
11340 5593
2532 14401
9956 6977
233 16700
3744 13189
14481 2452
12497 4436
5382 11551
11739 5194
5375 11558
14888 2045
5750 11183
531 16402
17353 17022
89 16844
15865 1068
12962 3971
15974 959
353 16580
2730 14203
17171 17204
8727 8206
3848 13085
14773 2160
2787 14146
14760 2173
5304 11629
3812 13121
4566 12367
16334 599
13447 3486
10421 6512
8016 8917
5932 11001
6026 10907
12760 4173
9824 7109
15660 1273
2702 14231
15541 1392
14810 2123
11330 5603
4489 12444
5110 11823
17145 17230
539 16394
5408 11525
1431 15502
14262 2671
16695 238
1322 15611
13019 3914
14754 2179
3213 13720
10244 6689
9839 7094
8077 8856
16086 847
16866 67
1780 15153
12667 4266
15235 1698
16804 129
10782 6151
1385 15548
13232 3701
1020 15913
14931 2002
14650 2283
8625 8308
13993 2940
6267 10666
11325 5608
2058 14875
273 16660
7879 9054
3275 13658
830 16103
6351 10582
5917 11016
12700 4233
2929 14004
11631 5302
12089 4844
943 15990
15904 1029
9628 7305
314 16619
2809 14124
9530 7403
6888 10045
8047 8886
13868 3065
3560 13373
4594 12339
3950 12983
3951 12982
16618 315
17381 16994
10170 6763
6110 10823
13246 3687
7152 9781
12200 4733
1056 15877
8490 8443
9304 7629
17096 17279
3494 13439
2775 14158
7253 9680
13135 3798
16384 549
16872 61
5948 10985
5380 11553
2907 14026
16808 125
13610 3323
2823 14110
11636 5297
14444 2489
1536 15397
4095 12838
14621 2312
2923 14010
10190 6743
15723 1210
1142 15791
4801 12132
3407 13526
8699 8234
4571 12362
5638 11295
5123 11810
150 16783
16413 520
14862 2071
9406 7527
17202 17173
12803 4130
4677 12256
17337 17038
12202 4731
3501 13432
10914 6019
17053 17322
2369 14564
7414 9519
9933 7000
6223 10710
9014 7919
15554 1379
4928 12005
10639 6294
13692 3241
2679 14254
4592 12341
14337 2596
15121 1812
14878 2055
5095 11838
16424 509
2366 14567
15212 1721
10200 6733
7636 9297
11023 5910
10145 6788
11599 5334
2813 14120
854 16079
7795 9138
9610 7323
10000 6933
14939 1994
12754 4179
6978 9955
8465 8468
5372 11561
12875 4058
9440 7493
5184 11749
6051 10882
8155 8778
10272 6661
3480 13453
7440 9493
12577 4356
1817 15116
11286 5647
16731 202
6196 10737
15224 1709
304 16629
8274 8659
15820 1113
7695 9238
2527 14406
9915 7018
15787 1146
966 15967
9332 7601
1644 15289
5009 11924
6877 10056
8788 8145
2583 14350
10256 6677
8113 8820
3431 13502
6343 10590
3962 12971
11125 5808
3863 13070
15747 1186
1292 15641
15606 1327
11308 5625
5637 11296
1083 15850
10763 6170
15892 1041
4262 12671
6533 10400
9413 7520
4964 11969
2391 14542
6027 10906
9039 7894
7149 9784
16952 17423
4066 12867
6391 10542
16690 243
4228 12705
6376 10557
15255 1678
5325 11608
14181 2752
15021 1912
9674 7259
12531 4402
8150 8783
5171 11762
5001 11932
3130 13803
7035 9898
2161 14772
1719 15214
15027 1906
17005 17370
15909 1024
4688 12245
5739 11194
7984 8949
6454 10479
3318 13615
5622 11311
16877 56
9078 7855
8258 8675
319 16614
9197 7736
11236 5697
8928 8005
7570 9363
12 16921
15383 1550
11087 5846
439 16494
7026 9907
7468 9465
9158 7775
10768 6165
1650 15283
792 16141
11674 5259
212 16721
1565 15368
9036 7897
224 16709
2562 14371
9500 7433
5551 11382
11600 5333
4805 12128
7376 9557
8796 8137
4915 12018
2609 14324
10949 5984
4714 12219
17246 17129
17283 17092
16299 634
15530 1403
15525 1408
8766 8167
692 16241
4174 12759
7153 9780
10936 5997
16058 875
1933 15000
8486 8447
5897 11036
1198 15735
2116 14817
11235 5698
7312 9621
16327 606
7252 9681
7776 9157
955 15978
10403 6530
10282 6651
5308 11625
364 16569
13537 3396
7429 9504
7215 9718
13787 3146
15897 1036
9989 6944
4409 12524
9742 7191
14059 2874
2512 14421
17240 17135
4992 11941
14211 2722
2009 14924
2360 14573
11960 4973
657 16276
8551 8382
7669 9264
11080 5853
11912 5021
15190 1743
5972 10961
588 16345
3590 13343
295 16638
11851 5082
5348 11585
11203 5730
1958 14975
6632 10301
7566 9367
11008 5925
13476 3457
1853 15080
16915 18
8775 8158
14367 2566
12413 4520
15347 1586
13492 3441
2826 14107
5397 11536
4997 11936
10219 6714
772 16161
5064 11869
6409 10524
14265 2668
8912 8021
11763 5170
2138 14795
6857 10076
8824 8109
10038 6895
6585 10348
16510 423
10831 6102
6795 10138
8568 8365
17046 17329
5051 11882
2651 14282
5687 11246
6233 10700
15506 1427
2274 14659
12485 4448
4582 12351
10354 6579
5731 11202
15232 1701
1626 15307
16156 777
13667 3266
95 16838
6907 10026
1815 15118
3006 13927
1711 15222
9854 7079
3132 13801
3381 13552
15437 1496
565 16368
118 16815
12176 4757
15204 1729
16266 667
163 16770
12425 4508
6610 10323
9892 7041
3042 13891
6926 10007
5261 11672
5430 11503
6281 10652
13884 3049
14073 2860
16128 805
17028 17347
14234 2699
10327 6606
5016 11917
11149 5784
11657 5276
6435 10498
9879 7054
6859 10074
9272 7661
9266 7667
14342 2591
1057 15876
15883 1050
12401 4532
14932 2001
8153 8780
9655 7278
8330 8603
3491 13442
8025 8908
4591 12342
2548 14385
4528 12405
11171 5762
4845 12088
5764 11169
13235 3698
8691 8242
1410 15523
5522 11411
11275 5658
671 16262
11435 5498
15958 975
1921 15012
4151 12782
10566 6367
10995 5938
13703 3230
5221 11712
14364 2569
15148 1785
9281 7652
1548 15385
11258 5675
4707 12226
8477 8456
11984 4949
11683 5250
4403 12530
11405 5528
16081 852
13201 3732
2901 14032
9653 7280
13706 3227
13461 3472
7187 9746
12799 4134
214 16719
12292 4641
1218 15715
13728 3205
13776 3157
3253 13680
12113 4820
17043 17332
13881 3052
2719 14214
7657 9276
6370 10563
2645 14288
14352 2581
12148 4785
8720 8213
16881 52
12761 4172
12729 4204
7633 9300
8960 7973
11141 5792
8649 8284
13887 3046
1568 15365
7888 9045
2150 14783
10923 6010
8499 8434
12843 4090
10864 6069
13901 3032
13310 3623
15291 1642
13607 3326
3619 13314
6316 10617
2454 14479
1652 15281
12891 4042
15684 1249
12288 4645
1538 15395
2155 14778
4687 12246
2433 14500
7478 9455
3930 13003
1515 15418
3274 13659
16120 813
13956 2977
7721 9212
17433 16942
13308 3625
1600 15333
13752 3181
12721 4212
3636 13297
8744 8189
8414 8519
7952 8981
6188 10745
16869 64
14784 2149
14246 2687
2539 14394
12165 4768
11245 5688
6941 9992
15598 1335
5287 11646
9843 7090
11818 5115
16062 871
9357 7576
6296 10637
935 15998
15687 1246
3903 13030
7522 9411
7616 9317
1438 15495
7766 9167
12731 4202
3765 13168
3987 12946
9042 7891
3702 13231
5949 10984
12957 3976
16253 680
7703 9230
11535 5398
715 16218
13435 3498
8286 8647
11904 5029
7318 9615
16192 741
2121 14812
3279 13654
16752 181
15247 1686
4542 12391
4184 12749
4250 12683
8961 7972
1472 15461
15159 1774
10694 6239
9727 7206
3746 13187
10033 6900
8609 8324
4100 12833
5326 11607
14797 2136
12419 4514
4636 12297
8864 8069
13336 3597
8512 8421
17222 17153
15378 1555
4793 12140
7941 8992
6835 10098
16142 791
2256 14677
9461 7472
3695 13238
10024 6909
8964 7969
6199 10734
11626 5307
16553 380
8578 8355
13677 3256
15680 1253
13431 3502
16691 242
5243 11690
15433 1500
5133 11800
9888 7045
13109 3824
16906 27
6554 10379
7909 9024
10530 6403
6780 10153
10559 6374
13244 3689
10189 6744
6771 10162
15526 1407
3586 13347
2005 14928
2830 14103
1356 15577
14993 1940
8448 8485
899 16034
17245 17130
2176 14757
17313 17062
10495 6438
4241 12692
4569 12364
3187 13746
2525 14408
13237 3696
15710 1223
3023 13910
8222 8711
9285 7648
13160 3773
2694 14239
15301 1632
9591 7342
2625 14308
1563 15370
15625 1308
11516 5417
14326 2607
14531 2402
15048 1885
5561 11372
8993 7940
15328 1605
15980 953
11506 5427
1986 14947
15658 1275
15942 991
5518 11415
12706 4227
4335 12598
2047 14886
8024 8909
13333 3600
15082 1851
14818 2115
2642 14291
10989 5944
6665 10268
10426 6507
6644 10289
11713 5220
3669 13264
7976 8957
11358 5575
1543 15390
1369 15564
12146 4787
15597 1336
4126 12807
8417 8516
2654 14279
1229 15704
13951 2982
12121 4812
7587 9346
10384 6549
2578 14355
9931 7002
13625 3308
4224 12709
15259 1674
1870 15063
15589 1344
3165 13768
4657 12276
2967 13966
12513 4420
2059 14874
13042 3891
1898 15035
14018 2915
15835 1098
1397 15536
13084 3849
1358 15575
4734 12199
14340 2593
14540 2393
17257 17118
14051 2882
824 16109
17109 17266
3372 13561
4258 12675
4539 12394
14094 2839
12878 4055
10722 6211
5548 11385
5813 11120
15389 1544
15529 1404
17300 17075
16598 335
5530 11403
1939 14994
5590 11343
3795 13138
12134 4799
6284 10649
8502 8431
16698 235
15371 1562
3917 13016
4082 12851
10728 6205
11652 5281
4246 12687
16165 768
12529 4404
11072 5861
11978 4955
1754 15179
11647 5286
3743 13190
14792 2141
14222 2711
4555 12378
10933 6000
10695 6238
9407 7526
15508 1425
8251 8682
3665 13268
8464 8469
5724 11209
4323 12610
2465 14468
13897 3036
4888 12045
15886 1047
10659 6274
7846 9087
1614 15319
9017 7916
562 16371
5541 11392
11400 5533
616 16317
12307 4626
8587 8346
13217 3716
9160 7773
13653 3280
14805 2128
483 16450
15029 1904
10607 6326
1287 15646
5817 11116
12960 3973
366 16567
8138 8795
16089 844
164 16769
5257 11676
13986 2947
10144 6789
13063 3870
476 16457
12036 4897
14494 2439
5735 11198
10647 6286
6006 10927
4816 12117
42 16891
9580 7353
13845 3088
2061 14872
5072 11861
2356 14577
4442 12491
12645 4288
6915 10018
7829 9104
14257 2676
12781 4152
5019 11914
15647 1286
8522 8411
12484 4449
4263 12670
9048 7885
3606 13327
9400 7533
3553 13380
10835 6098
16651 282
165 16768
11619 5314
7783 9150
6411 10522
1147 15786
11293 5640
3854 13079
16495 438
8452 8481
1034 15899
6116 10817
8415 8518
15740 1193
7498 9435
2641 14292
3655 13278
8528 8405
17116 17259
7632 9301
12217 4716
17068 17307
951 15982
2858 14075
12835 4098
14545 2388
4021 12912
7704 9229
3095 13838
6493 10440
12412 4521
4634 12299
8245 8688
5143 11790
16301 632
7805 9128
7867 9066
1990 14943
9799 7134
11692 5241
17055 17320
3434 13499
12934 3999
10576 6357
7534 9399
16997 17378
2672 14261
7214 9719
16969 17406
15420 1513
12330 4603
16035 898
12418 4515
8116 8817
12353 4580
1537 15396
11491 5442
1615 15318
13520 3413
2737 14196
538 16395
2861 14072
11769 5164
1576 15357
14186 2747
2243 14690
10167 6766
5794 11139
8630 8303
4722 12211
14217 2716
9553 7380
9425 7508
13371 3562
2605 14328
9825 7108
8606 8327
10799 6134
11715 5218
11068 5865
351 16582
9449 7484
12549 4384
10176 6757
4432 12501
16814 119
5005 11928
6738 10195
6529 10404
13313 3620
7743 9190
13262 3671
2844 14089
1601 15332
5586 11347
13763 3170
2878 14055
14832 2101
16360 573
407 16526
13355 3578
16837 96
1816 15117
11653 5280
11622 5311
4486 12447
10612 6321
6457 10476
14171 2762
12591 4342
9091 7842
2551 14382
13869 3064
1301 15632
15991 942
8658 8275
15452 1481
3011 13922
9749 7184
1922 15011
8921 8012
10946 5987
6154 10779
4671 12262
7950 8983
14006 2927
9662 7271
8034 8899
7901 9032
12463 4470
1505 15428
9807 7126
3768 13165
10769 6164
3753 13180
2187 14746
1211 15722
1360 15573
14232 2701
11812 5121
10624 6309
17368 17007
13125 3808
8802 8131
2379 14554
10193 6740
9164 7769
7495 9438
1316 15617
13928 3005
1359 15574
11361 5572
5510 11423
3729 13204
4748 12185
1272 15661
887 16046
15435 1498
16868 65
16653 280
481 16452
3846 13087
13880 3053
7408 9525
14140 2793
11741 5192
6881 10052
16339 594
16512 421
2568 14365
9652 7281
6059 10874
5837 11096
232 16701
11088 5845
14351 2582
5782 11151
14955 1978
16072 861
14936 1997
2848 14085
1317 15616
4872 12061
8947 7986
377 16556
4906 12027
12236 4697
769 16164
5887 11046
13946 2987
16847 86
2517 14416
7225 9708
2958 13975
7611 9322
5554 11379
3607 13326
14049 2884
3334 13599
7159 9774
3796 13137
12765 4168
16258 675
2196 14737
13471 3462
3156 13777
15462 1471
9622 7311
12093 4840
3754 13179
13995 2938
2165 14768
617 16316
363 16570
9165 7768
14335 2598
7365 9568
4902 12031
5890 11043
12618 4315
530 16403
12388 4545
14074 2859
15607 1326
10621 6312
12616 4317
14771 2162
79 16854
6426 10507
14583 2350
8805 8128
2431 14502
8995 7938
17293 17082
3290 13643
5332 11601
8822 8111
17042 17333
4291 12642
1618 15315
10004 6929
15567 1366
349 16584
8695 8238
5300 11633
9006 7927
12270 4663
6030 10903
12752 4181
13527 3406
3172 13761
3315 13618
11844 5089
1561 15372
13451 3482
4535 12398
1064 15869
14015 2918
14763 2170
8043 8890
11177 5756
10634 6299
2890 14043
3977 12956
3634 13299
16048 885
12936 3997
10154 6779
16073 860
13276 3657
6237 10696
12458 4475
8979 7954
12823 4110
14163 2770
14329 2604
13214 3719
7610 9323
16311 622
11596 5337
3937 12996
6088 10845
7174 9759
17151 17224
16237 696
5878 11055
14769 2164
6996 9937
6212 10721
16633 300
10202 6731
23 16910
12552 4381
211 16722
43 16890
16052 881
17348 17027
1522 15411
2 16931
12352 4581
4156 12777
8352 8581
14575 2358
6404 10529
11445 5488
9472 7461
10109 6824
13424 3509
12507 4426
4472 12461
2253 14680
763 16170
13342 3591
2096 14837
1007 15926
16437 496
14790 2143
10447 6486
15003 1930
7843 9090
15634 1299
15065 1868
9577 7356
12409 4524
9914 7019
3038 13895
10120 6813
14251 2682
7465 9468
16754 179
16934 17441
2310 14623
16728 205
5030 11903
10101 6832
3443 13490
5105 11828
6396 10537
5106 11827
1676 15257
6991 9942
7003 9930
3439 13494
7785 9148
15834 1099
17144 17231
1636 15297
1628 15305
1217 15716
10943 5990
5645 11288
1830 15103
2407 14526
16501 432
11796 5137
12111 4822
17201 17174
17054 17321
6548 10385
2314 14619
12722 4211
464 16469
8560 8373
4219 12714
35 16898
8971 7962
16750 183
2946 13987
12625 4308
10850 6083
3605 13328
9370 7563
9934 6999
10472 6461
13925 3008
13826 3107
8821 8112
11505 5428
12601 4332
3909 13024
13304 3629
8771 8162
5700 11233
13222 3711
9130 7803
11422 5511
6675 10258
1046 15887
7464 9469
14023 2910
120 16813
13324 3609
10891 6042
9444 7489
14126 2807
13832 3101
10361 6572
16876 57
2606 14327
786 16147
2660 14273
13950 2983
12547 4386
8240 8693
17115 17260
5048 11885
17269 17106
431 16502
1926 15007
14986 1947
15985 948
5942 10991
7811 9122
914 16019
11107 5826
4333 12600
291 16642
6785 10148
12904 4029
8547 8386
11744 5189
1216 15717
2968 13965
6957 9976
1840 15093
15358 1575
5848 11085
1132 15801
14097 2836
14602 2331
149 16784
15100 1833
16029 904
12429 4504
12474 4459
6346 10587
14263 2670
14687 2246
10240 6693
13060 3873
9353 7580
5456 11477
10030 6903
6637 10296
17099 17276
10977 5956
12660 4273
12930 4003
15293 1640
9404 7529
10638 6295
2012 14921
7628 9305
4862 12071
11526 5407
3548 13385
7771 9162
1694 15239
6084 10849
1479 15454
3295 13638
10455 6478
16331 602
15586 1347
1620 15313
15263 1670
8920 8013
5562 11371
2957 13976
5469 11464
15534 1399
17207 17168
8925 8008
11424 5509
12076 4857
14701 2232
4167 12766
1738 15195
9021 7912
7367 9566
7449 9484
7770 9163
14864 2069
865 16068
16224 709
3871 13062
12494 4439
6314 10619
11102 5831
4894 12039
5401 11532
2395 14538
11234 5699
7268 9665
8726 8207
7387 9546
11437 5496
15814 1119
187 16746
16252 681
17158 17217
3201 13732
10133 6800
17034 17341
12770 4163
16349 584
12404 4529
16723 210
485 16448
9026 7907
16946 17429
8582 8351
10516 6417
10119 6814
5995 10938
12298 4635
339 16594
14734 2199
13522 3411
344 16589
4252 12681
13027 3906
10366 6567
4664 12269
4779 12154
5623 11310
3070 13863
16365 568
11494 5439
17091 17284
5626 11307
4696 12237
16685 248
2447 14486
2297 14636
3573 13360
6517 10416
15782 1151
13676 3257
6234 10699
13140 3793
6323 10610
5721 11212
5842 11091
14591 2342
6333 10600
3544 13389
15084 1849
16010 923
12284 4649
15873 1060
8759 8174
13337 3596
12557 4376
7438 9495
199 16734
8491 8442
11990 4943
8289 8644
7960 8973
10158 6775
7124 9809
13375 3558
5400 11533
14989 1944
928 16005
7105 9828
10442 6491
3123 13810
16454 479
13096 3837
10241 6692
1856 15077
5394 11539
2024 14909
10350 6583
14449 2484
10235 6698
14095 2838
8183 8750
208 16725
8418 8515
5867 11066
10867 6066
3264 13669
7374 9559
16234 699
7034 9899
9071 7862
4445 12488
1457 15476
9949 6984
10317 6616
8035 8898
7421 9512
12566 4367
2089 14844
6750 10183
10828 6105
1708 15225
9538 7395
14188 2745
148 16785
2917 14016
2510 14423
5644 11289
8014 8919
11420 5513
10360 6573
16743 190
467 16466
4371 12562
11333 5600
8404 8529
3844 13089
12622 4311
5236 11697
117 16816
17000 17375
7747 9186
15391 1542
11453 5480
3527 13406
13578 3355
5237 11696
10168 6765
11062 5871
2853 14080
15113 1820
16929 4
10062 6871
2899 14034
3330 13603
3572 13361
10123 6810
6756 10177
16559 374
14007 2926
4410 12523
14664 2269
15678 1255
2185 14748
16672 261
12399 4534
13798 3135
17351 17024
776 16157
15882 1051
468 16465
15509 1424
14925 2008
9181 7752
16323 610
14951 1982
17128 17247
15861 1072
17011 17364
2251 14682
16554 379
10437 6496
16996 17379
13749 3184
6160 10773
1463 15470
3103 13830
16736 197
6204 10729
17424 16951
15149 1784
9732 7201
5059 11874
17392 16983
4310 12623
9034 7899
15772 1161
10288 6645
5655 11278
5677 11256
5306 11627
1106 15827
9386 7547
8347 8586
10714 6219
13362 3571
13740 3193
5943 10990
9177 7756
7190 9743
13273 3660
13364 3569
8863 8070
10492 6441
8687 8246
3860 13073
2267 14666
13329 3604
14505 2428
4770 12163
5734 11199
10584 6349
2617 14316
9174 7759
17185 17190
5305 11628
12789 4144
12649 4284
4423 12510
10854 6079
8071 8862
1740 15193
12614 4319
2068 14865
10067 6866
1859 15074
15591 1342
11302 5631
15109 1824
9491 7442
13311 3622
10124 6809
5592 11341
9715 7218
15387 1546
7728 9205
15900 1033
5953 10980
284 16649
7815 9118
16845 88
1892 15041
15711 1222
10022 6911
456 16477
6577 10356
72 16861
15106 1827
9321 7612
8176 8757
15804 1129
6523 10410
16920 13
3281 13652
12098 4835
6924 10009
14303 2630
5818 11115
2692 14241
170 16763
2971 13962
8924 8009
13697 3236
11979 4954
5902 11031
3800 13133
15 16918
17198 17177
604 16329
14428 2505
3581 13352
15709 1224
16025 908
12028 4905
8272 8661
10720 6213
14896 2037
1902 15031
6298 10635
12323 4610
8254 8679
11269 5664
7719 9214
2476 14457
6522 10411
16364 569
3225 13708
3185 13748
2534 14399
8807 8126
12950 3983
440 16493
10078 6855
14050 2883
7412 9521
192 16741
6819 10114
7078 9855
8086 8847
16740 193
5720 11213
17376 16999
16307 626
16430 503
5352 11581
6531 10402
136 16797
7247 9686
15731 1202
13991 2942
5538 11395
114 16819
9231 7702
10959 5974
16442 491
2186 14747
5903 11030
5461 11472
4987 11946
973 15960
6268 10665
5787 11146
6430 10503
2455 14478
9861 7072
16735 198
9245 7688
12287 4646
8903 8030
12991 3942
576 16357
13158 3775
688 16245
3920 13013
8451 8482
14309 2624
7051 9882
1706 15227
14012 2921
16066 867
12584 4349
13066 3867
7942 8991
6591 10342
9085 7848
2615 14318
3451 13482
6595 10338
16977 17398
10238 6695
16726 207
5712 11221
15746 1187
5413 11520
10570 6363
17003 17372
4538 12395
11803 5130
16085 848
3197 13736
8690 8243
14675 2258
901 16032
4800 12133
11747 5186
1763 15170
7039 9894
7151 9782
3627 13306
10730 6203
13617 3316
3495 13438
10786 6147
13633 3300
686 16247
14290 2643
14937 1996
2529 14404
8966 7967
7350 9583
6405 10528
7304 9629
13230 3703
9258 7675
13781 3152
9033 7900
802 16131
5569 11364
7730 9203
4119 12814
4827 12106
4348 12585
9084 7849
8501 8432
3051 13882
13536 3397
16174 759
4477 12456
14396 2537
8244 8689
1426 15507
6135 10798
16835 98
12112 4821
6440 10493
4936 11997
13651 3282
926 16007
3423 13510
14258 2675
9532 7401
16896 37
5745 11188
8884 8049
3476 13457
2690 14243
587 16346
16184 749
274 16659
932 16001
15359 1574
3635 13298
15812 1121
2726 14207
4798 12135
2876 14057
16527 406
6119 10814
7621 9312
3083 13850
8575 8358
7167 9766
13250 3683
6345 10588
12259 4674
4341 12592
15630 1303
8380 8553
17238 17137
13894 3039
17073 17302
4385 12548
16828 105
2429 14504
14765 2168
13051 3882
13808 3125
1819 15114
13413 3520
16305 628
3289 13644
6004 10929
11369 5564
16179 754
8508 8425
9822 7111
783 16150
14777 2156
2130 14803
11897 5036
1535 15398
5111 11822
7978 8955
2831 14102
11410 5523
10209 6724
515 16418
947 15986
2154 14779
3499 13434
15181 1752
2077 14856
11260 5673
3242 13691
3400 13533
5 16928
8493 8440
14643 2290
4393 12540
121 16812
15089 1844
13454 3479
11412 5521
17352 17023
3735 13198
9561 7372
6940 9993
10783 6150
10417 6516
17374 17001
16773 160
8454 8479
14794 2139
15187 1746
4473 12460
724 16209
12654 4279
4480 12453
15551 1382
4701 12232
1941 14992
14417 2516
2984 13949
11511 5422
8091 8842
5298 11635
9990 6943
6452 10481
5224 11709
4562 12371
11028 5905
16044 889
4647 12286
8844 8089
16440 493
4400 12533
1374 15559
7080 9853
12836 4097
16039 894
7418 9515
5529 11404
8762 8171
5099 11834
11225 5708
9430 7503
14870 2063
16009 924
8706 8227
5249 11684
775 16158
2981 13952
7975 8958
17104 17271
954 15979
10057 6876
10414 6519
176 16757
8773 8160
16620 313
9482 7451
12481 4452
15282 1651
7839 9094
13759 3174
6778 10155
8588 8345
15542 1391
11376 5557
1814 15119
16799 134
17253 17122
16070 863
8165 8768
902 16031
5385 11548
9102 7831
1977 14956
1196 15737
11915 5018
16767 166
12130 4803
10813 6120
5011 11922
2655 14278
10968 5965
14889 2044
8852 8081
13528 3405
5102 11831
2080 14853
16803 130
16288 645
1521 15412
15940 993
13900 3033
4823 12110
9254 7679
15054 1879
455 16478
16645 288
11948 4985
8197 8736
11299 5634
13754 3179
8269 8664
3455 13478
16705 228
15995 938
2956 13977
11693 5240
16980 17395
9820 7113
113 16820
14047 2886
15066 1867
6963 9970
2993 13940
4930 12003
16756 177
2035 14898
4033 12900
12684 4249
14255 2678
1848 15085
9372 7561
16751 182
6224 10709
2693 14240
4073 12860
595 16338
2590 14343
10650 6283
10016 6917
6592 10341
4036 12897
4643 12290
8794 8139
12334 4599
773 16160
0 16933
7830 9103
6272 10661
710 16223
12105 4828
12355 4578
16341 592
6510 10423
10 16923
4105 12828
3750 13183
14587 2346
17221 17154
10439 6494
2824 14109
13614 3319
13270 3663
17328 17047
708 16225
16098 835
14688 2245
5918 11015
13553 3380
387 16546
11736 5197
3352 13581
833 16100
6953 9980
694 16239
3270 13663
1622 15311
9072 7861
13665 3268
10365 6568
2540 14393
4715 12218
7525 9408
17080 17295
2195 14738
6097 10836
7865 9068
5643 11290
3388 13545
2697 14236
8698 8235
16125 808
2742 14191
11135 5798
4270 12663
11502 5431
445 16488
13555 3378
3644 13289
11157 5776
12512 4421
9402 7531
1925 15008
650 16283
12615 4318
7793 9140
677 16256
8823 8110
172 16761
8148 8785
5248 11685
171 16762
15444 1489
10297 6636
13601 3332
13878 3055
3016 13917
2740 14193
8534 8399
13874 3059
2311 14622
11440 5493
16611 322
8555 8378
14674 2259
3371 13562
8361 8572
8058 8875
9873 7060
4712 12221
14647 2286
6823 10110
7673 9260
6987 9946
9351 7582
1569 15364
14216 2717
15394 1539
563 16370
12361 4572
8987 7946
3208 13725
1155 15778
16027 906
15458 1475
16907 26
7635 9298
2810 14123
17287 17088
2639 14294
6544 10389
8048 8885
16410 523
4662 12271
15042 1891
14755 2178
302 16631
8219 8714
3024 13909
6047 10886
209 16724
429 16504
2804 14129
15004 1929
15959 974
5957 10976
2306 14627
10036 6897
6254 10679
8651 8282
12277 4656
7399 9534
2781 14152
10506 6427
11283 5650
6700 10233
10306 6627
7918 9015
10715 6218
4941 11992
7022 9911
4389 12544
2991 13942
10920 6013
8705 8228
7460 9473
3967 12966
10225 6708
9714 7219
10434 6499
7684 9249
4654 12279
12550 4383
8900 8033
11126 5807
12433 4500
8703 8230
7162 9771
10197 6736
7307 9626
13147 3786
16304 629
10926 6007
698 16235
10405 6528
10751 6182
16298 635
10398 6535
7093 9840
14838 2095
6231 10702
12389 4544
11280 5653
9131 7802
12168 4765
17113 17262
16082 851
13816 3117
1560 15373
16597 336
13726 3207
7147 9786
16353 580
9728 7205
13576 3357
16652 281
11035 5898
821 16112
16758 175
6761 10172
9916 7017
2573 14360
7303 9630
17186 17189
13498 3435
8476 8457
3894 13039
4675 12258
17210 17165
12329 4604
8531 8402
3710 13223
7676 9257
13418 3515
2997 13936
13153 3780
12906 4027
8038 8895
1808 15125
180 16753
475 16458
6578 10355
2273 14660
11010 5923
16145 788
3456 13477
11207 5726
7808 9125
4068 12865
16563 370
7713 9220
12794 4139
8299 8634
161 16772
7921 9012
10458 6475
10572 6361
4758 12175
10281 6652
15285 1648
3147 13786
7966 8967
8620 8313
3340 13593
15231 1702
9387 7546
16654 279
1621 15312
13632 3301
9355 7578
1164 15769
1655 15278
10310 6623
10408 6525
4135 12798
1163 15770
12696 4237
162 16771
4491 12442
1593 15340
10660 6273
4103 12830
3056 13877
201 16732
11099 5834
9309 7624
733 16200
14477 2456
7697 9236
8933 8000
1247 15686
4061 12872
14178 2755
16657 276
11298 5635
4998 11935
6537 10396
3556 13377
5757 11176
2365 14568
14781 2152
8397 8536
9589 7344
15973 960
12002 4931
7974 8959
16123 810
15267 1666
13410 3523
2707 14226
5383 11550
7786 9147
10689 6244
16585 348
13177 3756
15729 1204
16205 728
13948 2985
4935 11998
13334 3599
9876 7057
12768 4165
7383 9550
7315 9618
4526 12407
8356 8577
15198 1735
5495 11438
13113 3820
6176 10757
8190 8743
7794 9139
3057 13876
16208 725
4276 12657
5805 11128
7354 9579
15483 1450
5904 11029
4074 12859
14859 2074
12318 4615
9005 7928
3766 13167
6194 10739
1684 15249
11089 5844
1006 15927
2913 14020
9631 7302
17432 16943
17241 17134
8413 8520
5339 11594
1715 15218
3212 13721
3306 13627
15425 1508
4650 12283
10922 6011
14848 2085
6884 10049
292 16641
17114 17261
1087 15846
16092 841
9173 7760
12773 4160
4053 12880
9192 7741
14415 2518
5885 11048
12892 4041
15192 1741
4655 12278
9378 7555
16506 427
13340 3593
2054 14879
5176 11757
8918 8015
10688 6245
14381 2552
16831 102
14174 2759
7157 9776
14890 2043
9664 7269
15639 1294
6960 9973
9889 7044
5992 10941
6082 10851
5901 11032
13524 3409
1478 15455
10523 6410
4870 12063
2209 14724
8019 8914
11039 5894
8072 8861
2619 14314
14967 1966
13458 3475
14078 2855
4616 12317
9099 7834
6722 10211
11689 5244
10012 6921
6831 10102
12457 4476
17148 17227
855 16078
12575 4358
9690 7243
646 16287
4118 12815
17251 17124
6280 10653
10269 6664
1183 15750
2320 14613
5033 11900
3815 13118
7233 9700
12469 4464
4911 12022
13007 3926
8120 8813
8487 8446
12462 4471
6336 10597
5023 11910
8777 8156
11776 5157
11557 5376
16409 524
874 16059
10866 6067
14571 2362
4198 12735
13796 3137
16392 541
12315 4618
13349 3584
8922 8011
12554 4379
6181 10752
16596 337
13241 3692
17235 17140
11375 5558
1630 15303
8123 8810
13637 3296
2721 14212
15822 1111
13408 3525
15099 1834
10231 6702
4138 12795
15954 979
9995 6938
12802 4131
1938 14995
10286 6647
12801 4132
11798 5135
3770 13163
13544 3389
11929 5004
8648 8285
12970 3963
837 16096
3540 13393
5662 11271
14910 2023
16551 382
10333 6600
6790 10143
11671 5262
16549 384
7649 9284
13412 3521
6598 10335
8271 8662
10131 6802
969 15964
3068 13865
3819 13114
1924 15009
16590 343
5245 11688
12109 4824
5448 11485
16028 905
9098 7835
2330 14603
11037 5896
2677 14256
8676 8257
9815 7118
3012 13921
11487 5446
12943 3990
13675 3258
4925 12008
11232 5701
9127 7806
13999 2934
5489 11444
12750 4183
14036 2897
3784 13149
3122 13811
8317 8616
14758 2175
5299 11634
1773 15160
8505 8428
11954 4979
525 16408
12525 4408
9953 6980
16356 577
10581 6352
13953 2980
2088 14845
12864 4069
14851 2082
16130 803
14718 2215
9795 7138
11117 5816
13792 3141
8779 8154
6185 10748
6674 10259
8537 8396
5166 11767
12590 4343
6706 10227
5065 11868
10264 6669
13760 3173
6453 10480
499 16434
10424 6509
6206 10727
14177 2756
7564 9369
11291 5642
3632 13301
8786 8147
1897 15036
2635 14298
4606 12327
7276 9657
1764 15169
15854 1079
12680 4253
12882 4051
14694 2239
458 16475
10913 6020
14170 2763
2421 14512
13015 3918
3530 13403
10756 6177
14111 2822
6587 10346
2554 14379
11870 5063
2776 14157
16107 826
3545 13388
17040 17335
11181 5752
3779 13154
3043 13890
9198 7735
5283 11650
13542 3391
14166 2767
14489 2444
8694 8239
16114 819
9384 7549
4079 12854
7463 9470
1523 15410
11702 5231
7016 9917
12797 4136
8453 8480
2031 14902
9083 7850
2669 14264
15976 957
16830 103
9835 7098
14824 2109
6360 10573
12707 4226
2867 14066
16388 545
12816 4117
13724 3209
4752 12181
10630 6303
5876 11057
664 16269
7071 9862
14125 2808
10681 6252
7477 9456
14775 2158
15419 1514
4433 12500
14271 2662
12719 4214
9788 7145
16755 178
13893 3040
12459 4474
7586 9347
12599 4334
9137 7796
16138 795
7379 9554
3759 13174
13293 3640
12630 4303
11242 5691
6236 10697
1836 15097
811 16122
1758 15175
4104 12829
8574 8359
236 16697
11902 5031
7470 9463
8309 8624
16016 917
8353 8580
1441 15492
9635 7298
956 15977
9923 7010
9081 7852
5843 11090
1541 15392
5814 11119
6433 10500
1312 15621
4573 12360
6266 10667
16124 809
128 16805
492 16441
11772 5161
13898 3035
12831 4102
1100 15833
1976 14957
10778 6155
1346 15587
7732 9201
10322 6611
4225 12708
3783 13150
13462 3471
12535 4398
13032 3901
2281 14652
7844 9089
15053 1880
3077 13856
9159 7774
9856 7077
16336 597
11555 5378
8892 8041
10970 5963
11448 5485
504 16429
6075 10858
7910 9023
7176 9757
4395 12538
16201 732
3688 13245
17214 17161
10359 6574
1461 15472
11918 5015
14728 2205
14662 2271
4841 12092
1019 15914
7454 9479
7707 9226
6505 10428
14987 1946
14552 2381
6330 10603
12686 4247
12435 4498
3718 13215
6898 10035
7857 9076
1004 15929
15843 1090
4737 12196
8202 8731
3292 13641
17263 17112
14624 2309
8223 8710
14935 1998
762 16171
2051 14882
6812 10121
15941 992
3020 13913
5403 11530
4918 12015
16490 443
7689 9244
2788 14145
15796 1137
6028 10905
5661 11272
7646 9287
11238 5695
8215 8718
4773 12160
6626 10307
2931 14002
7936 8997
5913 11020
94 16839
8393 8540
108 16825
10685 6248
12482 4451
5502 11431
13672 3261
5830 11103
11305 5628
1491 15442
10245 6688
8829 8104
7313 9620
9560 7373
4700 12233
1890 15043
12938 3995
13958 2975
17412 16963
10239 6694
2382 14551
11562 5371
8765 8168
16513 420
3993 12940
16787 146
5737 11196
17220 17155
3390 13543
13291 3642
4081 12852
3549 13384
10051 6882
7479 9454
5760 11173
3402 13531
13964 2969
11742 5191
10951 5982
2288 14645
4743 12190
9506 7427
12024 4909
13191 3742
14159 2774
6198 10735
581 16352
3564 13369
1696 15237
10014 6919
11504 5429
16248 685
1716 15217
16684 249
10808 6125
17360 17015
14703 2230
14592 2341
11811 5122
5169 11764
14649 2284
3513 13420
2348 14585
13292 3641
7496 9437
3422 13511
9117 7816
1571 15362
2397 14536
8500 8433
8210 8723
9874 7059
1363 15570
15288 1645
1304 15629
17369 17006
14427 2506
4689 12244
9609 7324
10085 6848
14466 2467
15966 967
15683 1250
11388 5545
12321 4612
5619 11314
6729 10204
9271 7662
12427 4506
2079 14854
2067 14866
7224 9709
14065 2868
4693 12240
883 16050
4294 12639
11779 5154
4022 12911
11261 5672
14289 2644
9423 7510
3200 13733
2401 14532
16824 109
7456 9477
17066 17309
14497 2436
14410 2523
3726 13207
16515 418
3592 13341
4391 12542
15238 1695
7651 9282
10881 6052
17363 17012
169 16764
7609 9324
12393 4540
2322 14611
7514 9419
4209 12724
1343 15590
11761 5172
9193 7740
537 16396
10415 6518
1570 15363
8605 8328
15343 1590
16366 567
3885 13048
1405 15528
2147 14786
231 16702
2535 14398
5246 11687
2995 13938
11450 5483
4832 12101
9233 7700
15975 958
6394 10539
10075 6858
7430 9503
11419 5514
6630 10303
11694 5239
4781 12152
2359 14574
12652 4281
16013 920
1447 15486
7046 9887
2577 14356
4238 12695
3440 13493
5457 11476
12756 4177
12248 4685
7294 9639
10293 6640
12198 4735
8146 8787
12417 4516
11730 5203
16903 30
1730 15203
12648 4285
15353 1580
7033 9900
11582 5351
12746 4187
13239 3694
8279 8654
5084 11849
3331 13602
7240 9693
15885 1048
15817 1116
542 16391
1756 15177
13161 3772
10328 6605
6794 10139
14041 2892
7911 9022
5639 11294
13712 3221
8191 8742
16492 441
11303 5630
13111 3822
10395 6538
4080 12853
14121 2812
17090 17285
6916 10017
6169 10764
13957 2976
16503 430
10733 6200
12372 4561
2636 14297
60 16873
11890 5043
1895 15038
13037 3896
6697 10236
5362 11571
1108 15825
2986 13947
10300 6633
12182 4751
1782 15151
627 16306
15439 1494
6588 10345
12062 4871
3351 13582
17136 17239
11144 5789
15657 1276
16522 411
3061 13872
10963 5970
10651 6282
3240 13693
13984 2949
14798 2135
10505 6428
7270 9663
1583 15350
9429 7504
4843 12090
15915 1018
13107 3826
11865 5068
17164 17211
11943 4990
12640 4293
6571 10362
11244 5689
12280 4653
10347 6586
13645 3288
4597 12336
16480 453
12114 4819
9614 7319
14137 2796
3313 13620
4865 12068
11543 5390
14272 2661
489 16444
12658 4275
3875 13058
9684 7249
5278 11655
15635 1298
8220 8713
8037 8896
9000 7933
9816 7117
12937 3996
8264 8669
9375 7558
9331 7602
10152 6781
5463 11470
5778 11155
6928 10005
8031 8902
16630 303
10514 6419
2850 14083
10122 6811
2965 13968
12931 4002
12564 4369
16063 870
4916 12017
14815 2118
6939 9994
13480 3453
7141 9792
13626 3307
16172 761
15795 1138
17417 16958
10394 6539
9366 7567
17291 17084
9345 7588
10641 6292
9436 7497
9060 7873
8849 8084
4306 12627
5290 11643
1722 15211
8152 8781
11964 4969
8872 8061
16916 17
5711 11222
14970 1963
6111 10822
7539 9394
9633 7300
16519 414
14009 2924
11566 5367
10541 6392
6547 10386
890 16043
1592 15341
7474 9459
15178 1755
6952 9981
16153 780
452 16481
9146 7787
4882 12051
10561 6372
5599 11334
2665 14268
7592 9341
8503 8430
12907 4026
7317 9616
5991 10942
8315 8618
12267 4666
13817 3116
10165 6768
8791 8142
3677 13256
7061 9872
16173 760
2611 14322
8278 8655
16411 522
1284 15649
2632 14301
10618 6315
8754 8179
6918 10015
15610 1323
8374 8559
2221 14712
886 16047
8390 8543
7128 9805
4085 12848
7882 9051
14858 2075
10593 6340
12827 4106
964 15969
15388 1545
1191 15742
9789 7144
14876 2057
16094 839
7720 9213
11949 4984
9644 7289
9004 7929
1581 15352
15860 1073
9642 7291
3466 13467
14941 1992
10291 6642
7197 9736
15434 1499
5178 11755
1035 15898
15277 1656
12969 3964
2943 13990
5714 11219
1572 15361
3552 13381
7729 9204
4013 12920
8965 7968
15020 1913
12712 4221
4942 11991
2414 14519
8996 7937
14218 2715
12976 3957
12345 4588
12664 4269
7853 9080
9187 7746
11724 5209
12264 4669
3177 13756
1067 15866
7458 9475
8185 8748
12123 4810
10912 6021
10249 6684
2495 14438
8938 7995
5840 11093
16523 410
12679 4254
7336 9597
17414 16961
12561 4372
7027 9906
10250 6683
10809 6124
1380 15553
6875 10058
6009 10924
11321 5612
10795 6138
12656 4277
9646 7287
6152 10781
9352 7581
8088 8845
11921 5012
13828 3105
14799 2134
17342 17033
16637 296
6914 10019
422 16511
8639 8294
7532 9401
2078 14855
14029 2904
15488 1445
4401 12532
5206 11727
11768 5165
8615 8318
16350 583
12158 4775
5235 11698
7437 9496
3902 13031
15438 1495
14860 2073
8798 8135
17074 17301
3377 13556
3674 13259
5819 11114
6380 10553
10313 6620
767 16166
2361 14572
4325 12608
1376 15557
2500 14433
13176 3757
14383 2550
13902 3031
6207 10726
4723 12210
7112 9821
2097 14836
16658 275
6209 10724
6799 10134
7064 9869
2129 14804
13452 3481
3555 13378
12919 4014
8994 7939
1069 15864
9922 7011
1430 15503
16823 110
2390 14543
1745 15188
1014 15919
13580 3353
9100 7833
2833 14100
12528 4405
16330 603
5079 11854
6719 10214
16602 331
7007 9926
1594 15339
10108 6825
3087 13846
14806 2127
14440 2493
838 16095
2511 14422
9062 7871
2594 14339
853 16080
11720 5213
10284 6649
17405 16970
8901 8032
2896 14037
13483 3450
3022 13911
7890 9043
3082 13851
12677 4256
1022 15911
3034 13899
6096 10837
12260 4673
4829 12104
11892 5041
1619 15314
4390 12543
13443 3490
16874 59
6863 10070
7069 9864
14555 2378
6482 10451
16957 17418
7371 9562
14053 2880
15733 1200
15242 1691
12187 4746
7876 9057
15308 1625
3366 13567
5705 11228
6749 10184
6331 10602
13194 3739
10226 6707
3699 13234
460 16473
8003 8930
6981 9952
13823 3110
7299 9634
7665 9268
8199 8734
4331 12602
2930 14003
15166 1767
7089 9844
7267 9666
7444 9489
17228 17147
8878 8055
9645 7288
15809 1124
14590 2343
4961 11972
8770 8163
4668 12265
2857 14076
16084 849
10489 6444
3375 13558
2502 14431
15158 1775
5614 11319
4740 12193
10674 6259
13684 3249
8186 8747
15518 1415
14960 1973
10848 6085
6382 10551
3080 13853
9335 7598
4159 12774
17213 17162
15059 1874
11147 5786
2254 14679
11279 5654
15260 1673
1235 15698
9961 6972
1165 15768
13518 3415
7428 9505
5200 11733
2902 14031
12993 3940
14831 2102
13967 2966
16486 447
5471 11462
14908 2025
4879 12054
6503 10430
2423 14510
8391 8542
7887 9046
17355 17020
12328 4605
2420 14513
11731 5202
3830 13103
8541 8392
5693 11240
16667 266
7241 9692
6699 10234
6328 10605
16592 341
950 15983
6070 10863
11641 5292
9336 7597
12428 4505
4378 12555
16185 748
7980 8953
11682 5251
4601 12332
1290 15643
11835 5098
11862 5071
14681 2252
9590 7343
9364 7569
13704 3229
5310 11623
11493 5440
16217 716
15485 1448
5996 10937
12069 4864
5515 11418
6356 10577
16706 227
3535 13398
3410 13523
559 16374
13664 3269
2916 14017
11162 5771
16564 369
2481 14452
13315 3618
10381 6552
701 16232
13608 3325
3492 13441
14169 2764
11955 4978
3725 13208
1800 15133
13126 3807
8029 8904
15667 1266
12701 4232
15430 1503
1712 15221
9672 7261
11540 5393
12556 4377
14788 2145
392 16541
13036 3897
11756 5177
230 16703
10237 6696
8668 8265
13694 3239
7809 9124
4111 12822
2842 14091
12209 4724
2526 14407
9943 6990
16219 714
15863 1070
9607 7326
1065 15868
1038 15895
15046 1887
10826 6107
8563 8370
15633 1300
15764 1169
8969 7964
11617 5316
5085 11848
14369 2564
133 16800
2374 14559
11545 5388
3989 12944
10935 5998
8221 8712
10562 6371
7081 9852
3189 13744
11911 5022
5459 11474
7446 9487
5034 11899
8281 8652
12769 4164
10027 6906
1953 14980
9115 7818
5535 11398
3939 12994
4030 12903
7626 9307
11542 5391
8488 8445
15852 1081
11133 5800
4898 12035
12131 4802
2705 14228
12081 4852
3557 13376
1657 15276
14244 2689
7993 8940
683 16250
1052 15881
6715 10218
9393 7540
12536 4397
6133 10800
9592 7341
13197 3736
17394 16981
10810 6123
17105 17270
17244 17131
4543 12390
7407 9526
321 16612
702 16231
1329 15604
11508 5425
13710 3223
9713 7220
10392 6541
11721 5212
15931 1002
8871 8062
14024 2909
2802 14131
6793 10140
15129 1804
9744 7189
3298 13635
2268 14665
237 16696
9979 6954
12350 4583
15872 1061
17175 17200
8292 8641
16149 784
10068 6865
14600 2333
4063 12870
10521 6412
7841 9092
5159 11774
9940 6993
3789 13144
13538 3395
879 16054
4704 12229
2120 14813
1907 15026
3907 13026
1388 15545
12923 4010
13974 2959
3271 13662
14450 2483
9905 7028
7810 9123
17268 17107
5080 11853
9142 7791
13142 3791
2587 14346
2803 14130
4196 12737
12885 4048
2768 14165
888 16045
12939 3994
2410 14523
8338 8595
12348 4585
1139 15794
2380 14553
11879 5054
12074 4859
8125 8808
8455 8478
15079 1854
5620 11313
2712 14221
8064 8869
14714 2219
17391 16984
9706 7227
8225 8708
3840 13093
11686 5247
579 16354
3869 13064
14796 2137
11673 5260
6520 10413
1105 15828
1641 15292
5930 11003
13716 3217
5849 11084
15102 1831
9543 7390
12471 4462
1101 15832
4736 12197
11753 5180
3195 13738
1080 15853
11873 5060
2970 13963
10441 6492
10371 6562
15579 1354
5536 11397
6821 10112
13741 3192
5267 11666
15821 1112
2652 14281
4496 12437
5024 11909
13108 3825
10285 6648
9183 7750
9984 6949
13405 3528
1063 15870
3730 13203
2316 14617
5328 11605
7685 9248
9997 6936
5777 11156
12282 4651
14582 2351
5368 11565
7008 9925
2220 14713
16775 158
15294 1639
7254 9679
9327 7606
15210 1723
3358 13575
4848 12085
5607 11326
12917 4016
13000 3933
1302 15631
14019 2914
8256 8677
16796 137
4419 12514
9972 6961
5576 11357
1023 15910
5860 11073
11284 5649
135 16798
2772 14161
10911 6022
10838 6095
5594 11339
2062 14871
12380 4553
14465 2468
11442 5491
6131 10802
2313 14620
6189 10744
3394 13539
13804 3129
7699 9234
6364 10569
14614 2319
856 16077
15923 1010
15813 1120
840 16093
10113 6820
14609 2324
9659 7274
6826 10107
14242 2691
1810 15123
4921 12012
10463 6470
16259 674
5571 11362
13535 3398
9896 7037
15140 1793
11923 5010
14693 2240
2383 14550
14625 2308
14584 2349
11143 5790
14940 1993
6815 10118
9779 7154
16666 267
10958 5975
1097 15836
5219 11714
11373 5560
12145 4788
7320 9613
7754 9179
500 16433
16917 16
10755 6178
6055 10878
15517 1416
10796 6137
17163 17212
14392 2541
7181 9752
16809 124
16539 394
10983 5950
16308 625
16417 516
5354 11579
12450 4483
8295 8638
10292 6641
1585 15348
10242 6691
4904 12029
1305 15628
983 15950
16821 112
14529 2404
11097 5836
15326 1607
307 16626
13159 3774
152 16781
17188 17187
3424 13509
4092 12841
1813 15120
6166 10767
17362 17013
910 16023
3333 13600
1791 15142
13750 3183
1252 15681
9055 7878
7524 9409
11390 5543
9865 7068
13827 3106
16264 669
13344 3589
6432 10501
1159 15774
14108 2825
12079 4854
946 15987
16446 487
12203 4730
14052 2881
2750 14183
6487 10446
10277 6656
3150 13783
14311 2622
5309 11624
17064 17311
1175 15758
8735 8198
12845 4088
4054 12879
14229 2704
6662 10271
11611 5322
2376 14557
10083 6850
7557 9376
2563 14370
15808 1125
9030 7903
41 16892
11112 5821
8525 8408
15273 1660
911 16022
11367 5566
14802 2131
7838 9095
8632 8301
6347 10586
12997 3936
690 16243
7880 9053
1148 15785
13221 3712
642 16291
13849 3084
17236 17139
2132 14801
11393 5540
16663 270
9448 7485
4624 12309
8461 8472
3226 13707
2066 14867
14533 2400
7031 9902
2797 14136
13425 3508
5960 10973
12748 4185
10142 6791
13390 3543
3764 13169
13491 3442
13104 3829
13937 2996
16574 359
10041 6892
510 16423
13119 3814
13440 3493
13606 3327
9037 7896
3373 13560
11534 5399
12213 4720
12751 4182
12595 4338
13102 3831
8357 8576
16249 684
4957 11976
13090 3843
8530 8403
33 16900
1261 15672
16581 352
12817 4116
13585 3348
12517 4416
1262 15671
8923 8010
1881 15052
1378 15555
14434 2499
6065 10868
10954 5979
16801 132
11642 5291
6502 10431
15039 1894
7284 9649
13821 3112
4755 12178
16189 744
7445 9488
9152 7781
11396 5537
6365 10568
7452 9481
7594 9339
672 16261
15771 1162
7005 9928
5131 11802
11901 5032
11681 5252
10820 6113
9524 7409
9428 7505
5811 11122
6851 10082
3211 13722
1739 15194
3923 13010
12992 3941
7772 9161
11699 5234
3027 13906
601 16332
2411 14522
16586 347
14405 2528
12521 4412
10873 6060
9410 7523
15937 996
3583 13350
14847 2086
2413 14520
8556 8377
11408 5525
12534 4399
10494 6439
9466 7467
11500 5433
2703 14230
10690 6243
17434 16941
10856 6077
11430 5503
17058 17317
15424 1509
765 16168
5669 11264
11913 5020
1983 14950
8262 8671
1420 15513
11053 5880
3219 13714
15819 1114
3723 13210
1883 15050
9717 7216
9880 7053
9172 7761
11387 5546
9523 7410
8473 8460
8800 8133
15051 1882
10632 6301
6016 10917
3782 13151
6149 10784
8692 8241
4230 12703
3140 13793
14752 2181
1671 15262
16904 29
7799 9134
16938 17437
14300 2633
6543 10390
1733 15200
497 16436
13515 3418
6230 10703
14930 2003
13481 3452
1077 15856
6862 10071
7070 9863
7025 9908
3706 13227
15030 1903
12634 4299
3675 13258
9539 7394
14949 1984
13275 3658
6967 9966
614 16319
6429 10504
11691 5242
14972 1961
2148 14785
9188 7745
12573 4360
1015 15918
16744 189
14869 2064
4963 11970
548 16385
4428 12505
7439 9494
6582 10351
6080 10853
16802 131
17273 17102
11044 5889
4741 12192
6741 10192
7411 9522
12464 4469
16650 283
4441 12492
2903 14030
13640 3293
10422 6511
7083 9850
7763 9170
4083 12850
15272 1661
13199 3734
17407 16968
12189 4744
10646 6287
3343 13590
5434 11499
10254 6679
10025 6908
7204 9729
4413 12520
17226 17149
3887 13046
11004 5929
2090 14843
9823 7110
8314 8619
7239 9694
8549 8384
13417 3516
9499 7434
15126 1807
17150 17225
16665 268
3601 13332
11250 5683
736 16197
13433 3500
7415 9518
5587 11346
9492 7441
7075 9858
9388 7545
9153 7780
13255 3678
13009 3924
10178 6755
15859 1074
6459 10474
4429 12504
5601 11332
14430 2503
6325 10608
7593 9340
2649 14284
11113 5820
14463 2470
12949 3984
6277 10656
13702 3231
3821 13112
4922 12011
11675 5258
11783 5150
8825 8108
638 16295
7120 9813
7170 9763
11987 4946
4630 12303
14917 2016
12050 4883
10517 6416
10554 6379
9510 7423
1306 15627
8608 8325
11780 5153
14334 2599
15215 1718
13820 3113
4072 12861
4940 11993
738 16195
10513 6420
6852 10081
16485 448
14341 2592
8889 8044
9878 7055
13854 3079
14895 2038
12784 4149
5441 11492
16051 882
3428 13505
13742 3191
7956 8977
5199 11734
2790 14143
17386 16989
16947 17428
14770 2163
13145 3788
5187 11746
14594 2339
5716 11217
1133 15800
5437 11496
9452 7481
8151 8782
14704 2229
7140 9793
9971 6962
13775 3158
13267 3666
10599 6334
14235 2698
2479 14454
5058 11875
14320 2613
13970 2963
15337 1596
1150 15783
15055 1878
16899 34
5226 11707
578 16355
5779 11154
6676 10257
4062 12871
12755 4178
7043 9890
1609 15324
925 16008
17009 17366
373 16560
5958 10975
10487 6446
2372 14561
13923 3010
755 16178
4147 12786
9975 6958
5924 11009
514 16419
10972 5961
2925 14008
2758 14175
1237 15696
14046 2887
14607 2326
6031 10902
12441 4492
2746 14187
14549 2384
8812 8121
16230 703
4682 12251
5577 11356
16351 582
12179 4754
15713 1220
12636 4297
13715 3218
10596 6337
13220 3713
13727 3206
1612 15321
3972 12961
14750 2183
6184 10749
14787 2146
1417 15516
11026 5907
14253 2680
4240 12693
15563 1370
10725 6208
4977 11956
15906 1027
6762 10171
16135 798
11124 5809
5767 11166
9960 6973
15300 1633
13656 3277
16075 858
7100 9833
5215 11718
10464 6469
5916 11017
16401 532
12869 4064
10894 6039
10488 6445
3037 13896
2289 14644
16099 834
14629 2304
9108 7825
7664 9269
12603 4330
16129 804
1506 15427
16003 930
13472 3461
8173 8760
6112 10821
2939 13994
8253 8680
1320 15613
7030 9903
4629 12304
5744 11189
3647 13286
6752 10181
16578 355
11958 4975
10691 6242
15098 1835
5331 11602
14705 2228
12579 4354
1160 15773
17089 17286
1965 14968
10840 6093
2559 14374
1936 14997
7166 9767
4981 11952
8385 8548
12487 4446
388 16545
3670 13263
16680 253
3661 13272
17431 16944
10369 6564
15076 1857
2032 14901
1205 15728
7589 9344
8561 8372
12678 4255
11197 5736
12186 4747
14791 2142
970 15963
720 16213
11129 5804
8007 8926
15578 1355
1089 15844
17030 17345
570 16363
13100 3833
3305 13628
11925 5008
14115 2818
1465 15468
16609 324
6246 10687
8915 8018
6226 10707
3349 13584
4777 12156
1082 15851
12325 4608
5112 11821
5214 11719
16309 624
9434 7499
5026 11907
4574 12359
1872 15061
12216 4717
14475 2458
2198 14735
705 16228
11160 5773
16936 17439
2065 14868
8027 8906
7483 9450
16826 107
3245 13688
891 16042
3649 13284
11942 4991
16687 246
1339 15594
5971 10962
8935 7998
16760 173
8941 7992
6893 10040
2906 14027
17078 17297
13300 3633
11591 5342
15702 1231
13218 3715
14077 2856
11816 5117
1219 15714
8719 8214
8848 8085
648 16285
8331 8602
7542 9391
4328 12605
12726 4207
6322 10611
726 16207
9225 7708
10717 6216
6389 10544
13243 3690
47 16886
8181 8752
16155 778
9535 7398
12783 4150
12824 4109
10255 6678
15934 999
5723 11210
9586 7347
3215 13718
14884 2049
11123 5810
7642 9291
5116 11817
11443 5490
10059 6874
4769 12164
8741 8192
10163 6770
14305 2628
16846 87
4892 12041
7076 9857
4518 12415
16236 697
13819 3114
16655 278
15436 1497
10686 6247
8040 8893
11858 5075
7828 9105
4456 12477
903 16030
490 16443
7480 9453
11729 5204
8521 8412
7840 9093
15251 1682
9067 7866
3337 13596
10160 6773
5665 11268
15342 1591
13050 3883
12546 4387
16335 598
14429 2504
11118 5815
13397 3536
17361 17014
16591 342
8078 8855
2519 14414
9588 7345
4340 12593
13374 3559
862 16071
12739 4194
15156 1777
9595 7338
5144 11789
4874 12059
9883 7050
13767 3166
6654 10279
2133 14800
17365 17010
10270 6663
13430 3503
2620 14313
311 16622
3149 13784
6045 10888
11328 5605
16610 323
1501 15432
8180 8753
15903 1030
1345 15588
14729 2204
13279 3654
14547 2386
17288 17087
1531 15402
12856 4077
6024 10909
6758 10175
9052 7881
2122 14811
15901 1032
4216 12717
9687 7246
5223 11710
15540 1393
8584 8349
9478 7455
2507 14426
15279 1654
1956 14977
2522 14411
3260 13673
1268 15665
1517 15416
8310 8623
7655 9278
361 16572
12886 4047
2278 14655
17304 17071
5733 11200
9267 7666
2961 13972
5828 11105
9574 7359
15550 1383
2249 14684
9974 6959
14576 2357
6385 10548
12661 4272
3762 13171
4353 12580
4045 12888
2585 14348
5868 11065
15047 1886
17389 16986
15669 1264
4364 12569
6145 10788
994 15939
7211 9722
13997 2936
8321 8612
11483 5450
7097 9836
1582 15351
7749 9184
14539 2394
11 16922
16688 245
3108 13825
7957 8976
15538 1395
17205 17170
11507 5426
9581 7352
3643 13290
1209 15724
13813 3120
9701 7232
5321 11612
2387 14546
7807 9126
3693 13240
1017 15916
4968 11965
389 16544
16727 206
11706 5227
3876 13057
17248 17127
14084 2849
15697 1236
294 16639
16662 271
9756 7177
6624 10309
8329 8604
9412 7521
16416 517
15136 1797
15164 1769
13148 3785
9794 7139
15124 1809
14672 2261
4346 12587
7932 9001
6324 10609
10915 6018
15143 1790
13605 3328
15202 1731
365 16568
3567 13366
8758 8175
4218 12715
13224 3709
11788 5145
6842 10091
13998 2935
17237 17138
9044 7889
16460 473
4488 12445
4422 12511
1372 15561
4370 12563
4600 12333
9765 7168
9885 7048
401 16532
15248 1685
7223 9710
10126 6807
8057 8876
9263 7670
10203 6730
11819 5114
14915 2018
11140 5793
3098 13835
611 16322
8597 8336
2751 14182
14668 2265
6483 10450
16557 376
7631 9302
9182 7751
3393 13540
752 16181
9851 7082
9886 7047
10766 6167
1348 15585
5559 11374
3747 13186
10029 6904
16880 53
7221 9712
7620 9313
8218 8715
16616 317
4201 12732
12006 4927
1599 15334
17108 17267
8247 8686
14470 2463
11981 4952
14458 2475
225 16708
5126 11807
9924 7009
5356 11577
12102 4831
16971 17404
15155 1778
10377 6556
6086 10847
6686 10247
6767 10166
5421 11512
900 16033
5547 11386
13774 3159
216 16717
16342 591
15360 1573
14730 2203
12809 4124
11939 4994
15499 1434
5585 11348
13335 3598
13054 3879
13155 3778
7231 9702
3155 13778
2801 14132
12043 4890
528 16405
961 15972
13254 3679
12846 4087
7208 9725
7672 9261
8853 8080
15180 1753
8755 8178
1455 15478
15645 1288
1076 15857
14225 2708
5070 11863
16818 115
9572 7361
6002 10931
9860 7073
8986 7947
7459 9474
5127 11806
5857 11076
5092 11841
3416 13517
17308 17067
16634 299
15096 1837
14200 2733
876 16057
2549 14384
12162 4771
12612 4321
8642 8291
14001 2932
5993 10940
14204 2729
10750 6183
11668 5265
13029 3904
4206 12727
12818 4115
4980 11953
12723 4210
14661 2272
7392 9541
13799 3134
8348 8585
10636 6297
5270 11663
13918 3015
14048 2885
4113 12820
11414 5519
3985 12948
10331 6602
2332 14601
4809 12124
7706 9227
11884 5049
13855 3078
9180 7753
8544 8389
9555 7378
10628 6305
9431 7502
15256 1677
3980 12953
3291 13642
13419 3514
13737 3196
2739 14194
17197 17178
3835 13098
2409 14524
465 16468
13464 3469
4695 12238
2725 14208
14953 1980
13914 3019
1681 15252
6481 10452
6887 10046
4289 12644
16037 896
12467 4466
7466 9467
6653 10280
2727 14206
16615 318
450 16483
17097 17278
2898 14035
16372 561
14021 2912
6609 10324
15531 1402
17101 17274
4972 11961
11616 5317
14723 2210
11266 5667
6979 9954
12635 4298
8784 8149
7104 9829
8360 8573
15962 971
4617 12316
16562 371
14096 2837
16538 395
16990 17385
7321 9612
13934 2999
1794 15139
12057 4876
1962 14971
6526 10407
15656 1277
6629 10304
1310 15623
16167 766
1330 15603
2714 14219
16491 442
11049 5884
13929 3004
16531 402
7948 8985
4034 12899
13088 3845
17402 16973
8809 8124
16362 571
99 16834
8978 7955
3740 13193
1720 15213
16935 17440
14745 2188
10598 6335
4986 11947
12793 4140
2873 14060
14883 2050
12775 4158
4312 12621
10664 6269
239 16694
4467 12466
15275 1658
15848 1085
6058 10875
444 16489
5055 11878
10512 6421
3966 12967
11355 5578
8341 8592
10890 6043
3433 13500
11574 5359
13049 3884
9210 7723
3272 13661
14464 2469
11975 4958
1896 15037
6822 10111
13731 3202
16593 340
15191 1742
13497 3436
11613 5320
3018 13915
14435 2498
651 16282
3235 13698
10683 6250
4702 12231
1799 15134
16677 256
14828 2105
8980 7953
11481 5452
2329 14604
10454 6479
16229 704
11013 5920
1850 15083
10719 6214
8092 8841
12397 4536
3477 13456
17156 17219
13969 2964
5087 11846
12001 4932
6329 10604
6784 10149
5684 11249
1309 15624
10229 6704
1852 15081
14173 2760
6466 10467
14541 2392
12438 4495
3566 13367
13794 3139
13747 3186
16202 731
5722 11211
872 16061
15560 1373
10693 6240
8287 8646
12772 4161
5458 11475
8868 8065
11074 5859
9601 7332
3294 13639
10790 6143
14167 2766
3263 13670
11850 5083
16393 540
11940 4993
1838 15095
16154 779
15511 1422
12503 4430
1075 15858
4009 12924
3058 13875
12539 4394
2841 14092
8897 8036
4709 12224
8496 8437
12072 4861
17400 16975
7435 9498
15907 1026
393 16540
15601 1332
13646 3287
14702 2231
6566 10367
513 16420
4049 12884
15414 1519
3030 13903
13271 3662
16565 368
9208 7725
17141 17234
6180 10753
965 15968
14720 2213
1969 14964
869 16064
15407 1526
12826 4107
10898 6035
11839 5094
10780 6153
6934 9999
13622 3311
2496 14437
12857 4076
990 15943
7613 9320
6062 10871
1683 15250
4541 12392
2879 14054
7194 9739
15147 1786
15234 1699
8311 8622
15816 1117
6327 10606
9556 7377
10208 6725
15338 1595
4694 12239
11101 5832
15682 1251
16348 585
2520 14413
9389 7544
141 16792
8170 8763
8395 8538
3505 13428
6304 10629
297 16636
9977 6956
9919 7014
15765 1168
2039 14894
12120 4813
13116 3817
660 16273
3160 13773
6190 10743
11025 5908
16865 68
12138 4795
1770 15163
15406 1527
13017 3916
5652 11281
15405 1528
17169 17206
1749 15184
11383 5550
4510 12423
4565 12368
14807 2126
3631 13302
4457 12476
6764 10169
5141 11792
5606 11327
14459 2474
3981 12952
1141 15792
8558 8375
11513 5420
16275 658
12406 4527
9514 7419
14570 2363
15663 1270
4236 12697
16643 290
6036 10897
17330 17045
12738 4195
15173 1760
12902 4031
16474 459
4912 12021
9109 7824
5050 11883
5954 10979
6424 10509
10370 6563
1192 15741
2223 14710
13864 3069
3017 13916
1884 15049
13038 3895
9735 7198
7263 9670
7591 9342
2194 14739
4274 12659
5387 11546
14118 2815
9754 7179
596 16337
16841 92
1610 15323
10274 6659
4727 12206
6840 10093
15753 1180
305 16628
10925 6008
6880 10053
7101 9832
11170 5763
14793 2140
286 16647
16670 263
8050 8883
4301 12632
6395 10538
2112 14821
4123 12810
9801 7132
13181 3752
7574 9359
9337 7596
13571 3362
3577 13356
11704 5229
2843 14090
2015 14918
7892 9041
10358 6575
5057 11876
3136 13797
10095 6838
15356 1577
2814 14119
14040 2893
10558 6375
14439 2494
3097 13836
7572 9361
5424 11509
9881 7052
4155 12778
15549 1384
10412 6521
7180 9753
5343 11590
12115 4818
16024 909
4589 12344
12941 3992
16018 915
5454 11479
877 16056
9216 7717
16774 159
10372 6561
6861 10072
16525 408
1031 15902
12785 4148
8814 8119
5690 11243
11980 4953
16878 55
15335 1598
8134 8799
10671 6262
11338 5595
16988 17387
16127 806
873 16060
5067 11866
713 16220
7236 9697
3220 13713
12730 4203
12358 4575
6279 10654
12014 4919
1260 15673
17063 17312
13848 3085
7067 9866
3628 13305
14317 2616
15060 1873
111 16822
13346 3587
5142 11791
6896 10037
14973 1960
5464 11469
797 16136
13789 3144
9070 7863
12973 3960
14741 2192
14744 2189
10594 6339
6192 10741
13317 3616
2459 14474
1331 15602
1616 15317
11447 5486
918 16015
8467 8466
5542 11391
16516 417
751 16182
12379 4554
13469 3464
15057 1876
12125 4808
5086 11847
12825 4108
16406 527
7801 9132
9082 7851
4708 12225
12082 4851
15451 1482
4886 12047
16852 81
781 16152
8600 8333
15443 1490
11737 5196
11586 5347
15070 1863
10196 6737
17336 17039
5129 11804
15165 1768
10899 6034
17350 17025
6982 9951
14276 2657
11262 5671
83 16850
11094 5839
1945 14988
7127 9806
2385 14548
14978 1955
3399 13534
15818 1115
5613 11320
10947 5986
3886 13047
11337 5596
1241 15692
9338 7595
3541 13392
8471 8462
14307 2626
2347 14586
6146 10787
4044 12889
7994 8939
5706 11227
7710 9223
13631 3302
8127 8806
3047 13886
10992 5941
14996 1937
15925 1008
12887 4046
12629 4304
14776 2157
5402 11531
4878 12055
9424 7509
5850 11083
8211 8722
3449 13484
7182 9751
2293 14640
10115 6818
15243 1690
5729 11204
14761 2172
864 16069
5556 11377
15799 1134
254 16679
13359 3574
7579 9354
5364 11569
13128 3805
16795 138
13166 3767
10546 6387
14451 2482
4759 12174
12195 4738
6998 9935
14743 2190
5753 11180
11353 5580
1772 15161
17208 17167
15445 1488
7668 9265
13339 3594
6144 10789
16479 454
13711 3222
17083 17292
3099 13834
12874 4059
8621 8312
10252 6681
4950 11983
12075 4858
7902 9031
7160 9773
14885 2048
10316 6617
4839 12094
17383 16992
1418 15515
11052 5881
11344 5589
557 16376
7823 9110
16198 735
17299 17076
5670 11263
13550 3383
2706 14227
6495 10438
3128 13805
13002 3931
9398 7535
16668 265
15498 1435
14283 2650
818 16115
17426 16949
15380 1553
13322 3611
12837 4096
7920 9013
14409 2524
3913 13020
10478 6455
7475 9458
7738 9195
10862 6071
16856 77
8552 8381
16471 462
12386 4547
6721 10212
7088 9845
12343 4590
250 16683
14446 2487
2425 14508
9998 6935
5409 11524
5460 11473
1368 15565
13474 3459
14128 2805
14753 2180
12070 4863
15689 1244
15535 1398
10187 6746
14296 2637
4690 12243
6671 10262
10373 6560
4966 11967
2355 14578
11195 5738
4137 12796
6063 10870
1156 15777
14846 2087
4873 12060
16347 586
6258 10675
4023 12910
3255 13678
14528 2405
16271 662
15708 1225
13687 3246
3602 13331
4548 12385
14829 2104
10294 6639
11079 5854
11785 5148
13266 3667
10705 6228
2092 14841
3877 13056
10819 6114
7314 9619
7292 9641
10567 6366
14310 2623
3705 13228
11805 5128
1278 15655
12087 4846
944 15989
1942 14991
11012 5921
11968 4965
5966 10967
14974 1959
6553 10380
8846 8087
16912 21
12933 4000
16067 866
8837 8096
16604 329
11815 5118
15811 1122
1443 15490
9318 7615
14569 2364
2545 14388
14985 1948
10738 6195
11018 5915
13479 3454
5155 11778
15533 1400
10910 6023
13802 3131
7286 9647
6128 10805
16583 350
9783 7150
13164 3769
10904 6029
3071 13862
13061 3872
7600 9333
1744 15189
11951 4982
9497 7436
3646 13287
16778 155
982 15951
14906 2027
666 16267
11801 5132
2317 14616
1692 15241
3073 13860
3988 12945
14826 2107
12984 3949
13516 3417
15805 1128
6464 10469
14593 2340
10352 6581
3259 13674
16074 859
13790 3143
309 16624
9552 7381
2368 14565
7245 9688
12381 4552
9256 7677
1452 15481
631 16302
5477 11456
6772 10161
196 16737
4703 12230
6712 10221
7405 9528
1243 15690
3588 13345
17256 17119
15183 1750
5056 11877
4625 12308
17422 16953
7924 9009
7213 9720
1043 15890
15393 1540
13765 3168
9273 7660
3021 13912
13473 3460
8001 8932
14330 2603
4945 11988
15938 995
9 16924
16110 823
203 16730
7837 9096
13134 3799
17203 17172
11322 5611
9875 7058
5964 10969
5254 11679
7603 9330
2744 14189
4817 12116
6012 10921
14285 2648
16175 758
13866 3067
564 16369
13466 3467
4337 12596
5411 11522
11208 5725
15757 1176
1367 15566
16191 742
2792 14141
6249 10684
12578 4355
7817 9116
14904 2029
2266 14667
9275 7658
5508 11425
661 16272
8423 8510
4680 12253
723 16210
13892 3041
7724 9209
13800 3133
3175 13758
13295 3638
16377 556
7012 9921
8046 8887
14425 2508
11069 5864
13386 3547
9397 7536
3763 13170
1761 15172
9224 7709
15168 1765
5939 10994
15653 1280
2446 14487
1888 15045
10525 6408
7565 9368
10312 6621
4189 12744
6139 10794
9602 7331
3426 13507
8792 8141
6090 10843
8475 8458
4639 12294
4300 12633
13879 3054
10332 6601
4018 12915
16000 933
11051 5882
5657 11276
6594 10339
10731 6202
8839 8094
10497 6436
6054 10879
17199 17176
6596 10337
6723 10210
12581 4352
13444 3489
17393 16982
4507 12426
3751 13182
7040 9893
8383 8550
7528 9405
6540 10393
4756 12177
2103 14830
4732 12201
16875 58
8339 8594
11538 5395
7905 9028
15736 1197
6870 10063
11394 5539
13470 3463
10368 6565
14606 2327
533 16400
11184 5749
1818 15115
9251 7682
14990 1943
12764 4169
10156 6777
16265 668
2486 14447
8672 8261
11510 5423
11871 5062
13001 3932
1207 15726
5906 11027
7634 9299
5039 11894
11226 5707
13184 3749
5769 11164
2490 14443
2627 14306
2466 14467
338 16595
9385 7548
13579 3354
13281 3652
12873 4060
17420 16955
7074 9859
13889 3044
3233 13700
12170 4763
2646 14287
14903 2030
2700 14233
4512 12421
1062 15871
104 16829
15477 1456
7877 9056
2816 14117
13648 3285
9716 7217
3045 13888
1713 15220
1566 15367
15754 1179
12572 4361
17166 17209
5732 11201
3626 13307
3648 13285
10732 6201
9075 7858
7856 9077
15489 1444
14827 2106
8745 8188
11056 5877
8267 8666
277 16656
1212 15721
4015 12918
5919 11014
10993 5940
413 16520
10340 6593
9637 7296
5609 11324
6955 9978
1131 15802
4658 12275
13541 3392
16693 240
12702 4231
9650 7283
11446 5487
13122 3811
1971 14962
9837 7096
6163 10770
16555 378
13569 3364
1263 15670
11381 5552
17388 16987
14293 2640
10746 6187
16180 753
11867 5066
15752 1181
2056 14877
1602 15331
13288 3645
10462 6471
962 15971
10276 6657
15064 1869
6317 10616
8894 8039
15920 1013
10527 6406
11005 5928
8045 8888
2663 14270
5617 11316
11484 5449
14071 2862
3839 13094
5883 11050
2315 14618
11781 5152
2835 14098
16508 425
15078 1855
10540 6393
16640 293
4038 12895
9585 7348
8203 8730
14366 2567
15600 1333
8756 8177
6484 10449
12475 4458
17081 17294
7447 9486
16435 498
7898 9035
7779 9154
11182 5751
9325 7608
7925 9008
16536 397
12346 4587
3228 13705
11229 5704
14460 2473
785 16148
5384 11549
6418 10515
11820 5113
15456 1477
11898 5035
820 16113
12972 3961
14736 2197
5886 11047
17254 17121
14483 2450
12310 4623
6754 10179
5873 11060
1454 15479
615 16318
4287 12646
790 16143
11138 5795
14685 2248
4620 12313
7357 9576
11852 5081
3169 13764
357 16576
15028 1905
3982 12951
1649 15284
11595 5338
6950 9983
17094 17281
6599 10334
12792 4141
526 16407
5037 11896
5742 11191
11467 5466
1021 15912
5419 11514
3076 13857
9760 7173
3483 13450
10128 6805
2435 14498
16020 913
9527 7406
17338 17037
6179 10754
8610 8323
1950 14983
1269 15664
13630 3303
3474 13459
474 16459
11165 5768
13530 3403
3345 13588
555 16378
2352 14581
7698 9235
12159 4774
2852 14081
8975 7958
195 16738
14913 2020
5709 11224
446 16487
3653 13280
3614 13319
11007 5926
3444 13489
2920 14013
17416 16959
13699 3234
647 16286
11667 5266
2353 14580
11131 5802
15376 1557
988 15945
14716 2217
764 16169
16011 922
2441 14492
14139 2794
15449 1484
16733 200
4316 12617
506 16427
1801 15132
10807 6126
14168 2765
5759 11174
7819 9114
8670 8263
11528 5405
11237 5696
551 16382
14599 2334
11654 5279
13468 3465
11273 5660
9584 7349
8546 8387
12806 4127
6720 10213
4024 12909
3145 13788
14715 2218
5549 11384
6713 10220
17343 17032
15880 1053
4484 12449
7425 9508
5293 11640
13018 3915
7413 9520
13818 3115
1230 15703
10486 6447
14938 1995
9328 7605
1789 15144
4907 12026
712 16221
4784 12149
6607 10326
13944 2989
5553 11380
5350 11583
6074 10859
13325 3608
6381 10552
13395 3538
7614 9319
8076 8857
7543 9390
14597 2336
2318 14615
4944 11989
13282 3651
1394 15539
4880 12053
9403 7530
2492 14441
139 16794
8704 8229
17380 16995
14558 2375
6803 10130
8122 8811
73 16860
5851 11082
13132 3801
17041 17334
828 16105
5656 11277
11659 5274
2480 14453
2424 14509
1900 15033
2262 14671
11656 5277
15473 1460
8858 8075
15636 1297
14331 2602
123 16810
15889 1044
10762 6171
12030 4903
14499 2434
9545 7388
2786 14147
8974 7959
16373 560
1206 15727
11426 5507
1188 15745
14087 2846
1291 15642
8067 8866
7961 8972
13852 3081
8118 8815
7541 9392
12143 4790
9457 7476
3809 13124
10776 6157
9326 7607
10198 6735
3314 13619
15891 1042
12999 3934
3797 13136
9737 7196
4760 12173
12142 4791
15510 1423
5374 11559
5874 11059
16470 463
10723 6210
8948 7985
229 16704
11265 5668
6354 10579
815 16118
1104 15829
3956 12977
9381 7552
1917 15016
6342 10591
10496 6437
1889 15044
16976 17399
8450 8483
799 16134
2905 14028
8827 8106
12813 4120
3847 13086
1086 15847
15784 1149
5096 11837
6197 10736
13303 3630
9063 7870
6590 10343
16303 630
10092 6841
501 16432
11159 5774
188 16745
12223 4710
3511 13422
16859 74
5183 11750
2040 14893
12340 4593
10329 6604
11359 5574
5679 11254
16294 639
11111 5822
14816 2117
2345 14588
10892 6041
7106 9827
1102 15831
8400 8533
3412 13521
10706 6227
15618 1315
7991 8942
13612 3321
8881 8052
8733 8200
16133 800
4742 12191
10429 6504
15244 1689
8569 8364
2944 13989
11366 5567
11578 5355
11248 5685
9548 7385
12289 4644
10186 6747
16843 90
3247 13686
5147 11786
5899 11034
2795 14138
2888 14045
10716 6217
14353 2580
16887 46
16948 17427
194 16739
7260 9673
5002 11931
191 16742
6856 10077
10401 6532
12141 4792
11098 5835
8557 8376
9483 7450
4326 12607
14958 1975
4154 12779
939 15994
7553 9380
7228 9705
5282 11651
6489 10444
4322 12611
8665 8268
16960 17415
12643 4290
12526 4407
11178 5755
16765 168
4215 12718
11843 5090
10399 6534
16699 234
14061 2872
3806 13127
5947 10986
14850 2083
575 16358
13519 3414
10896 6037
4833 12100
7129 9804
13416 3517
8836 8097
9237 7696
14101 2832
13382 3551
2449 14484
7500 9433
3506 13427
16083 850
6682 10251
14215 2718
10471 6462
13409 3524
12118 4815
11916 5017
9537 7396
13200 3733
1805 15128
1334 15599
9065 7868
14386 2547
10965 5968
9349 7584
10549 6384
4437 12496
13513 3420
12771 4162
1390 15543
10547 6386
6193 10740
10125 6808
14887 2046
14133 2800
12252 4681
9617 7316
10002 6931
5418 11515
5482 11451
3637 13296
13829 3104
3859 13074
12319 4614
2829 14104
11660 5273
15760 1173
10889 6044
8394 8539
3946 12987
2584 14349
3164 13769
12916 4017
2778 14155
5504 11429
10432 6501
5758 11175
2509 14424
11285 5648
8943 7990
8732 8201
3615 13318
16712 221
436 16497
2791 14142
11632 5301
7590 9343
7996 8937
10908 6025
16925 8
2869 14064
17100 17275
4307 12626
8300 8633
14881 2052
5284 11649
16326 607
12227 4706
2561 14372
6945 9988
6634 10299
6263 10670
7038 9895
5149 11784
12518 4415
5134 11799
1227 15706
11106 5827
69 16864
1829 15104
11665 5268
15345 1588
12832 4101
12834 4099
9563 7370
2174 14759
9842 7091
3737 13196
17086 17289
518 16415
5806 11127
4776 12157
6927 10006
6488 10445
4239 12694
8613 8320
789 16144
84 16849
15258 1675
7812 9121
2709 14224
11185 5748
2870 14063
13265 3668
12609 4324
7330 9603
11136 5797
151 16782
12335 4598
11813 5120
12136 4797
16499 434
5945 10988
13351 3582
12502 4431
11614 5319
4549 12384
7965 8968
1093 15840
11597 5336
6728 10205
2734 14199
13455 3478
12281 4652
91 16842
12489 4444
637 16296
16678 255
3855 13078
15457 1476
6422 10511
6089 10844
15487 1446
14455 2478
10880 6053
14180 2753
11287 5646
31 16902
3430 13503
12363 4570
3109 13824
14112 2821
11459 5474
7556 9377
16012 921
5978 10955
589 16344
6589 10344
13156 3777
372 16561
15201 1732
7457 9476
8701 8232
12570 4363
16270 663
12483 4450
6443 10490
13589 3344
7042 9891
12894 4039
4008 12925
1386 15547
14391 2542
8004 8929
12268 4665
7295 9638
7146 9787
1295 15638
4767 12166
729 16204
7869 9064
5124 11809
9218 7715
2367 14566
12169 4764
5781 11152
4248 12685
127 16806
9288 7645
12711 4222
17229 17146
12452 4481
11615 5318
9295 7638
2323 14610
6711 10222
13943 2990
14762 2171
9050 7883
3504 13429
4559 12374
1665 15268
12699 4234
8266 8667
6976 9957
11933 5000
2216 14717
11732 5201
3691 13242
3379 13554
7511 9422
2427 14506
16097 836
385 16548
4264 12669
7333 9600
9253 7680
16222 711
6801 10132
10483 6450
15654 1279
16807 126
721 16212
11002 5931
8099 8834
4850 12083
6612 10321
12422 4511
10945 5988
13988 2945
11168 5765
1608 15325
13831 3102
12214 4719
9624 7309
11996 4937
11795 5138
1049 15884
3889 13044
1631 15302
16776 157
11255 5678
13277 3656
10191 6742
10998 5935
10812 6121
6388 10545
2098 14835
10287 6646
11215 5718
10232 6701
8749 8184
4923 12010
4453 12480
6869 10064
10060 6873
14833 2100
222 16711
14280 2653
15512 1421
2974 13959
9625 7308
5989 10944
13316 3617
17093 17282
12096 4837
2536 14397
2371 14562
14022 2911
3252 13681
8627 8306
3244 13689
978 15955
11977 4956
17049 17326
3118 13815
2713 14220
3813 13120
13908 3025
15466 1467
12582 4351
16359 574
16159 774
5824 11109
2656 14277
15592 1341
13529 3404
15087 1846
4868 12065
5190 11743
972 15961
14471 2462
8628 8305
5632 11301
8643 8290
3948 12985
2416 14517
1389 15544
6118 10815
1934 14999
7630 9303
8936 7997
5494 11439
7095 9838
16664 269
14919 2014
17059 17316
3346 13587
9868 7065
3096 13837
1841 15092
2460 14473
11639 5294
7585 9348
7820 9113
8498 8435
154 16779
3188 13745
8280 8653
9480 7453
5366 11567
5074 11859
6569 10364
15944 989
6964 9969
1172 15761
5703 11230
13597 3336
16858 75
15071 1862
10021 6912
11142 5791
5269 11664
16661 272
2723 14210
12263 4670
6690 10243
11919 5014
3000 13933
14952 1981
10261 6672
6057 10876
11519 5414
9703 7230
6285 10648
11241 5692
16885 48
7784 9149
5985 10948
14088 2845
8554 8379
16608 325
7131 9802
4482 12451
3959 12974
7914 9019
15001 1932
2257 14676
433 16500
12560 4373
1822 15111
10718 6215
461 16472
11678 5255
1520 15413
9427 7506
6776 10157
12403 4530
3550 13383
15662 1271
16214 719
3893 13040
5341 11592
16321 612
12387 4546
9270 7663
14731 2202
8607 8326
14395 2538
15569 1364
2004 14929
15596 1337
7860 9073
12019 4914
15830 1103
3304 13629
285 16648
4519 12414
143 16790
6307 10626
7884 9049
9279 7654
6377 10556
14842 2091
929 16004
15152 1781
7515 9418
3804 13129
8593 8340
13320 3613
1003 15930
2871 14062
9292 7641
17296 17079
16566 367
10457 6476
691 16242
7777 9156
3998 12935
9439 7494
6971 9962
4564 12369
12866 4067
5517 11416
3437 13496
3738 13195
2688 14245
6308 10625
11045 5888
13955 2978
5900 11033
5618 11315
8934 7999
12753 4180
1414 15519
15377 1556
9371 7562
8056 8877
13354 3579
3731 13202
14530 2403
7486 9447
1109 15824
9948 6985
2827 14106
13883 3050
10475 6458
2891 14042
6658 10275
12736 4197
682 16251
9247 7686
5077 11856
5841 11092
16426 507
11621 5312
14626 2307
6760 10173
770 16163
