0
1000
175 887
813 832
113 430
682 720
223 753
402 445
434 649
495 603
41 572
470 732
43 863
673 861
410 468
80 263
561 941
181 410
300 839
16 861
515 952
147 592
50 776
415 471
708 922
367 610
764 945
477 512
287 338
25 311
488 658
436 815
569 948
843 939
138 361
23 996
40 209
101 841
208 801
376 941
211 278
57 132
492 586
85 86
135 535
22 675
694 924
490 863
30 766
167 869
532 833
401 791
305 580
185 944
836 925
458 661
867 870
709 995
72 754
104 797
24 621
633 681
481 944
266 733
754 868
209 979
324 728
5 43
347 834
100 626
373 941
638 822
669 880
137 549
661 968
182 493
719 775
690 924
426 556
740 823
90 280
58 121
236 688
202 881
43 961
462 468
378 975
255 276
157 676
520 922
72 783
491 809
682 930
149 849
850 871
593 788
201 737
515 718
635 662
270 880
410 997
11 514
213 678
364 685
43 97
63 709
304 427
426 702
166 563
267 587
648 897
596 604
46 853
346 994
339 705
674 939
603 721
93 786
466 827
823 941
52 857
292 570
3 126
372 865
532 950
252 814
78 448
1 663
571 965
791 883
471 611
852 888
3 298
575 736
582 735
294 375
61 422
765 935
200 470
147 688
445 840
165 550
554 861
552 754
184 319
650 969
354 570
76 705
136 903
49 417
11 183
303 770
605 941
90 350
17 68
768 847
83 332
344 729
337 921
103 870
95 355
285 590
245 365
221 326
167 525
26 542
524 776
346 595
239 311
274 726
149 311
102 766
78 895
337 352
29 255
95 251
145 855
152 589
72 707
669 750
717 971
928 982
63 814
121 123
316 375
289 416
84 277
254 934
211 268
488 696
612 999
28 920
33 545
538 850
616 965
426 830
728 945
341 955
260 611
136 962
121 508
768 939
349 483
484 773
368 624
583 990
483 490
479 908
309 799
50 273
577 906
742 976
444 895
484 899
49 263
278 881
292 360
447 905
195 706
446 528
451 588
352 487
611 851
477 877
478 883
526 537
130 749
261 992
149 368
74 205
2 302
522 953
438 952
233 967
293 793
413 763
155 847
334 755
264 894
727 965
184 887
375 784
39 954
331 757
250 829
639 758
446 806
500 961
361 475
222 823
18 801
531 823
215 256
16 168
224 654
432 612
146 180
465 955
562 963
111 477
95 478
66 565
504 751
28 56
145 951
152 908
473 511
182 557
0 425
78 540
305 421
127 281
584 690
834 945
237 338
4 193
374 717
977 990
167 754
477 950
85 286
330 471
217 723
316 571
253 868
316 831
450 812
42 906
270 704
293 809
4 490
119 932
117 501
236 697
327 604
679 861
179 393
272 690
325 394
127 797
90 618
145 167
471 837
251 659
92 643
218 404
87 958
279 531
625 651
358 658
618 689
70 743
161 908
121 236
739 981
348 832
31 331
338 889
861 886
423 709
128 925
821 938
764 785
460 506
60 829
73 629
257 581
331 852
67 232
488 798
112 708
385 478
382 583
204 321
233 490
630 729
245 952
172 255
478 582
348 409
860 992
320 362
353 883
109 588
686 807
90 240
216 228
114 317
594 804
594 827
381 802
798 883
434 985
44 377
72 458
245 768
236 643
262 639
370 693
488 530
674 677
887 915
805 852
305 922
902 985
158 851
565 897
652 776
25 564
852 914
246 394
113 167
87 439
778 904
543 955
575 755
241 359
369 854
486 982
138 959
160 447
143 278
0 231
654 691
100 410
45 213
318 434
207 986
473 789
305 565
165 931
176 502
170 966
252 498
197 479
1 337
223 278
230 406
20 346
210 514
679 772
192 872
648 670
80 362
151 321
380 656
244 406
214 960
110 161
34 767
527 840
151 464
782 988
192 604
19 678
308 945
204 229
128 710
4 425
93 655
131 863
562 919
114 483
55 894
302 400
555 787
347 602
516 677
236 880
136 263
362 404
553 838
619 880
206 680
866 884
80 196
43 795
192 769
403 902
398 674
629 679
322 616
430 451
357 994
303 610
153 468
445 834
113 503
463 883
108 470
271 310
557 819
681 754
571 949
411 612
713 930
337 739
723 864
489 677
87 816
296 420
11 381
13 994
191 547
244 754
191 338
133 169
574 761
4 507
420 911
142 615
73 437
499 658
292 841
174 973
470 815
788 933
500 796
224 644
26 979
172 351
42 407
152 455
227 829
215 806
551 628
209 653
291 902
91 794
609 790
105 976
108 947
490 926
256 306
398 632
454 937
601 709
7 609
534 955
477 984
585 939
573 687
443 851
454 936
61 215
165 698
645 652
43 256
50 893
247 505
515 955
346 627
43 871
21 532
236 908
571 861
139 709
140 630
604 652
243 648
257 360
114 600
337 867
361 672
819 943
167 384
533 846
156 982
372 613
204 692
167 874
593 731
179 902
442 843
201 974
303 460
208 238
356 434
108 311
232 501
245 873
461 545
593 695
167 177
445 939
269 662
284 860
315 478
343 698
297 624
113 460
176 308
207 908
40 539
573 900
782 845
786 861
300 681
320 560
392 917
313 630
248 599
82 99
256 366
141 178
636 744
396 524
179 389
248 768
146 861
257 405
474 840
630 975
174 206
573 890
430 705
120 235
65 923
195 198
204 918
312 507
14 306
90 818
296 929
571 698
116 894
445 878
3 571
549 683
81 524
194 260
569 737
285 910
198 818
164 306
304 394
286 398
223 838
80 710
64 90
77 212
383 773
213 879
616 717
286 740
27 621
129 161
95 878
642 691
549 956
787 810
712 882
30 565
270 714
20 440
519 703
41 260
337 359
41 583
308 514
864 934
835 917
215 545
579 903
162 230
22 118
17 176
470 932
5 523
531 901
96 156
800 954
467 746
480 891
414 755
548 822
108 844
391 830
262 266
29 49
295 619
404 496
52 643
238 459
631 671
893 913
611 642
472 641
369 565
570 817
335 418
62 796
242 559
64 755
308 641
94 225
627 935
486 695
846 915
113 851
85 529
858 860
226 708
235 397
68 828
301 878
877 896
271 461
169 660
217 845
22 341
818 905
622 995
55 106
737 884
424 629
32 267
563 573
44 326
711 799
282 517
363 830
336 757
509 547
557 955
132 837
296 517
46 876
20 269
762 938
868 980
468 590
56 946
275 774
59 504
395 637
200 408
220 377
12 341
492 574
379 526
303 808
10 260
316 668
187 592
257 777
361 768
277 854
37 307
705 760
23 35
505 978
587 987
15 213
652 953
621 834
83 265
176 695
275 709
142 248
169 915
743 870
25 250
21 235
328 760
521 788
169 832
568 706
158 159
267 563
634 985
108 983
335 575
744 749
228 429
352 449
532 768
63 371
454 759
702 891
167 989
585 825
341 399
584 703
106 970
173 807
127 381
29 163
115 176
203 470
90 283
364 556
445 504
699 742
275 532
721 763
195 715
630 915
16 923
71 547
342 799
597 691
907 930
107 597
145 856
811 882
786 978
53 688
647 907
222 598
154 225
308 537
3 189
565 834
562 742
9 545
881 993
90 293
205 818
161 186
656 960
452 935
290 595
88 702
188 442
362 939
786 927
332 693
420 886
190 989
208 654
54 213
361 779
438 938
361 992
80 236
143 574
314 768
473 746
122 708
176 738
317 667
380 925
565 746
148 643
292 450
337 983
664 954
38 531
395 477
16 551
747 840
682 955
443 748
400 938
5 573
575 899
716 882
216 530
5 125
299 961
135 534
164 999
106 557
203 426
191 591
820 864
388 692
191 752
206 876
608 703
741 848
477 569
482 614
780 832
30 157
250 826
435 513
518 676
16 69
30 940
617 867
262 438
37 357
42 546
412 516
68 497
372 695
205 481
5 607
700 829
433 753
477 631
453 656
532 759
98 960
108 885
78 306
607 942
292 387
308 456
256 734
520 620
169 861
595 835
219 915
436 725
4 154
82 878
623 669
798 882
552 892
48 749
278 721
122 134
124 818
29 386
98 289
579 781
80 113
6 887
862 994
178 745
331 585
51 547
154 332
780 969
644 972
585 909
77 761
652 742
42 674
79 737
75 183
93 274
434 887
574 578
45 803
501 754
614 830
36 549
329 645
257 640
8 776
224 724
286 555
280 771
143 848
170 611
362 803
576 876
47 740
770 916
169 749
711 786
686 878
223 539
457 721
625 666
510 995
19 485
68 794
287 824
878 964
234 995
193 431
150 808
223 878
23 989
34 115
386 469
89 539
287 991
730 741
333 504
10 756
426 544
792 878
558 753
136 316
253 259
200 258
625 844
277 701
683 925
566 611
223 256
722 815
674 690
51 998
402 470
548 893
609 957
249 813
251 790
199 635
407 898
494 585
854 904
323 458
345 885
541 840
875 906
441 751
95 292
28 690
950 954
386 859
206 305
214 657
594 890
340 614
64 539
203 288
573 845
251 468
304 347
14 171
567 809
652 719
178 539
346 755
308 652
78 684
390 519
559 922
144 603
204 873
912 967
604 958
646 677
419 532
420 536
563 842
362 428
40 191
326 630
476 952
10 513
606 851
665 691
