0
1000
436 924
373 517
573 620
408 996
722 857
549 964
806 962
377 415
41 885
502 651
488 598
78 669
105 749
590 757
733 953
821 852
225 284
20 259
77 192
250 560
351 504
1 797
271 963
679 987
50 959
396 586
182 939
231 382
808 986
398 905
100 850
211 457
581 937
248 464
183 886
697 728
19 497
424 664
62 496
600 656
460 544
302 791
490 617
178 648
434 970
158 733
179 553
414 811
282 413
257 491
625 867
360 936
171 308
537 923
222 785
422 998
198 440
20 67
681 695
61 796
361 715
107 539
640 657
396 832
908 915
568 843
631 701
96 632
130 327
36 768
265 736
376 635
477 536
15 597
834 884
516 820
13 681
652 767
723 770
32 344
456 608
770 771
213 264
24 839
329 895
9 421
49 675
250 666
214 287
340 950
408 508
20 104
108 189
44 433
541 813
86 545
296 932
83 760
269 318
48 573
674 799
293 940
381 967
19 888
50 577
392 941
133 732
837 897
585 944
288 506
430 434
171 319
18 911
919 993
568 965
790 947
151 544
292 696
581 716
124 832
885 897
103 229
491 527
776 929
357 691
92 917
123 980
175 802
221 450
559 691
88 441
395 592
21 38
3 570
14 624
497 979
538 754
140 850
660 773
57 720
398 600
190 422
194 716
523 720
350 351
386 891
455 683
343 601
357 557
103 573
271 294
218 598
113 349
0 520
237 825
547 853
858 901
311 836
243 521
343 349
41 697
558 658
249 671
152 663
73 455
579 609
399 619
367 789
199 583
480 923
5 844
127 334
836 845
526 993
47 950
69 732
609 855
244 277
42 923
650 999
489 867
615 827
638 976
261 410
27 58
258 453
375 645
30 256
102 283
52 487
191 575
176 185
244 518
769 789
524 907
666 739
141 699
391 408
212 253
719 942
304 436
25 276
448 948
656 962
700 854
604 866
183 525
638 872
910 957
169 917
585 883
347 402
49 504
341 907
315 643
25 699
258 719
98 412
63 269
602 751
349 698
62 120
244 818
352 423
521 978
570 793
522 994
482 869
261 326
116 252
34 472
559 806
13 931
165 848
294 598
67 604
57 504
65 245
146 834
466 913
483 863
331 502
112 277
765 974
277 875
251 778
201 992
342 951
449 750
576 613
782 913
506 977
371 681
31 606
394 637
76 542
364 994
129 220
793 853
501 677
162 858
190 806
463 811
354 889
368 868
147 420
115 732
6 834
31 957
362 655
622 789
79 613
952 957
593 801
191 424
623 722
41 553
514 931
181 707
211 816
151 193
460 497
287 740
329 960
283 893
107 206
203 752
194 611
136 954
80 133
51 494
188 927
32 240
58 592
288 838
266 952
325 906
101 535
610 672
676 905
227 630
65 172
436 989
449 780
150 189
63 77
156 876
148 823
4 876
291 970
404 668
596 700
532 776
304 653
118 317
538 898
722 848
217 982
30 928
143 835
595 694
118 197
90 692
525 859
50 385
589 892
589 671
85 154
70 397
351 546
638 986
286 605
186 994
652 794
655 715
833 881
63 88
179 882
641 861
666 964
525 860
510 851
936 977
706 984
157 278
601 894
926 956
217 324
37 91
394 401
169 907
435 723
269 814
8 334
122 295
358 950
153 163
210 791
586 967
140 913
454 846
177 393
555 920
567 759
361 819
248 268
346 686
153 263
254 781
187 897
766 935
556 779
221 503
562 942
468 786
430 654
43 751
117 633
792 911
578 908
135 678
461 749
28 803
579 820
443 508
226 873
157 916
569 904
170 503
191 392
298 710
439 803
403 861
34 854
496 821
198 388
528 936
164 381
633 798
416 425
595 713
76 490
546 877
98 627
289 617
319 645
5 741
275 421
624 687
373 875
227 442
411 799
428 454
339 366
186 456
742 864
112 296
238 327
452 690
459 649
71 992
659 822
282 757
561 932
663 908
624 991
551 711
815 972
289 790
333 511
36 302
43 296
446 518
131 282
38 646
658 916
454 688
89 557
169 177
626 737
287 911
180 527
478 943
91 300
16 243
332 910
184 738
931 964
213 262
97 350
476 751
128 398
51 654
415 429
478 847
322 447
448 586
532 752
123 167
108 148
289 468
303 661
352 851
482 748
129 401
56 701
141 218
115 498
588 793
519 894
81 115
448 794
13 329
451 873
569 644
390 655
216 321
756 981
500 942
111 468
875 998
11 917
753 985
64 661
24 814
368 449
106 423
579 987
213 662
482 514
564 731
182 250
99 133
769 979
763 965
151 758
12 530
301 993
354 414
265 739
124 218
359 550
424 734
1 109
118 596
23 132
494 886
174 184
325 335
54 675
331 363
233 455
138 415
318 623
945 971
247 456
381 984
265 616
297 890
135 916
410 673
335 969
338 485
226 755
490 677
101 521
62 516
44 279
359 739
12 405
359 499
264 825
4 788
411 953
639 846
54 116
357 714
7 17
60 670
209 515
688 879
98 769
410 967
121 229
114 961
373 721
312 651
402 513
270 872
763 815
428 778
348 785
219 231
227 446
116 552
70 545
321 634
5 965
399 407
716 973
478 828
588 691
273 983
430 671
35 846
188 221
360 406
707 975
89 445
756 985
141 306
180 990
139 394
7 458
937 959
304 749
294 597
206 779
635 874
312 659
206 976
163 685
346 667
727 790
29 906
493 779
31 93
2 775
451 833
223 925
399 944
196 723
190 194
249 703
719 809
61 650
564 742
181 781
841 956
12 475
225 302
198 714
209 343
419 956
261 955
383 425
166 473
380 881
397 700
260 599
325 934
356 531
807 979
91 772
575 876
315 374
164 958
731 862
900 922
125 136
861 930
438 794
628 811
361 431
553 633
327 988
77 887
163 729
338 507
298 705
853 896
171 708
126 214
611 783
607 880
316 690
306 610
46 720
477 529
807 870
225 378
30 57
584 970
49 818
195 544
84 802
610 726
540 669
75 110
208 443
775 840
369 677
95 178
76 285
590 774
306 531
656 977
238 886
411 920
69 654
778 827
433 742
114 763
389 477
470 912
199 242
205 243
166 817
25 235
67 665
711 714
612 986
496 670
918 948
166 548
560 582
14 773
665 864
94 316
334 788
210 653
339 725
488 992
796 949
507 569
339 530
87 589
75 437
39 253
179 281
442 538
128 310
152 973
469 857
135 743
618 906
360 379
715 961
574 657
712 856
174 890
103 665
124 873
123 382
704 890
311 419
331 680
560 787
223 649
502 945
728 828
278 599
155 520
752 764
358 486
566 642
231 543
217 807
36 59
488 737
264 623
328 568
72 730
609 804
144 597
72 400
397 740
53 229
601 836
401 934
316 747
110 632
9 728
263 629
34 554
377 395
51 721
517 845
673 717
6 55
581 978
315 630
182 290
536 661
180 888
168 659
233 563
120 402
509 563
476 935
386 621
248 990
358 696
688 795
185 564
86 832
42 122
251 878
336 984
184 432
756 983
352 575
88 571
84 775
330 945
112 156
189 968
174 653
305 962
591 721
419 593
344 765
446 486
82 604
214 387
491 603
299 607
508 820
813 824
414 910
223 283
427 776
724 857
69 770
452 865
354 647
195 200
132 592
591 660
236 519
68 249
332 395
288 481
278 785
353 452
70 210
204 771
164 484
52 899
881 997
709 821
140 773
423 492
485 617
258 280
829 972
300 675
426 450
815 940
566 699
43 450
516 818
323 863
147 894
224 528
159 511
89 417
263 320
596 635
154 476
143 514
149 649
370 952
600 944
409 825
533 670
527 657
202 286
22 471
83 183
226 344
888 953
368 995
207 447
119 632
711 744
809 973
486 757
530 978
350 372
495 563
66 271
337 948
148 689
421 871
314 912
393 511
211 426
145 528
903 987
136 885
433 712
6 561
312 912
561 817
32 735
40 872
845 909
377 613
796 812
803 828
26 44
86 422
54 199
72 404
519 684
108 460
332 518
209 914
156 864
733 863
188 246
1 9
107 239
465 781
746 920
309 593
173 570
668 718
591 697
120 595
230 765
161 850
122 587
132 255
84 925
650 902
55 800
418 737
38 788
690 791
286 507
580 645
745 771
384 546
110 937
24 614
181 981
7 442
33 827
22 602
83 160
142 599
274 503
393 567
134 712
335 784
467 658
215 567
22 842
157 396
238 922
590 762
129 534
158 831
75 267
810 848
154 474
52 557
813 817
321 506
479 935
186 740
228 940
305 981
58 594
750 909
355 985
147 313
526 588
517 549
158 938
777 780
90 462
234 972
485 549
668 761
114 611
298 300
90 434
428 932
42 750
152 404
660 976
195 272
305 934
536 809
233 961
802 966
10 707
338 382
447 854
128 849
318 559
696 921
342 444
505 532
185 693
153 311
526 867
319 451
4 641
55 805
520 755
392 512
137 731
826 851
232 870
663 669
386 959
682 983
74 531
101 307
14 607
443 830
494 505
425 755
65 426
241 922
566 702
870 946
636 799
346 630
565 585
178 641
342 814
858 990
45 143
651 909
345 673
780 933
602 701
177 783
572 905
19 545
253 833
251 365
783 925
61 505
