0
1000
899 967
319 879
137 642
42 416
688 952
74 970
602 943
201 692
373 765
259 324
302 818
53 842
866 974
63 571
716 900
260 847
353 706
235 829
44 324
147 274
360 438
948 994
294 740
250 792
168 314
71 681
312 499
380 395
375 588
139 217
232 453
205 383
49 93
259 546
554 853
19 437
280 720
297 918
691 942
88 268
116 514
294 619
259 496
723 930
308 654
316 773
309 414
74 905
438 479
295 835
346 745
190 605
360 527
121 698
71 867
120 226
536 991
473 888
187 516
783 988
177 255
596 761
408 552
293 695
232 707
58 512
495 546
69 479
170 413
67 256
484 601
4 542
404 996
88 191
376 391
1 950
112 233
705 989
84 843
764 812
307 912
640 871
482 525
757 781
490 944
195 391
39 277
378 715
269 845
318 762
491 825
770 867
206 513
13 675
123 375
113 862
463 623
68 668
436 811
306 510
343 793
941 948
422 716
429 690
463 864
825 885
188 613
123 728
338 411
452 854
37 918
911 971
350 675
207 638
420 523
148 297
90 902
310 458
468 649
410 419
201 724
23 653
217 947
335 814
47 904
207 488
19 953
268 409
416 647
159 437
123 628
111 413
364 863
76 178
687 957
56 594
269 852
177 189
438 859
449 925
33 810
212 806
12 87
330 492
99 995
258 522
251 453
232 802
43 515
13 520
672 712
246 264
634 776
436 565
501 536
20 595
125 135
10 967
141 701
197 238
151 743
591 632
842 843
64 598
420 636
416 886
454 745
79 473
606 827
313 666
295 768
270 369
263 767
457 766
170 860
27 419
168 628
533 663
147 805
14 97
173 926
782 995
119 334
211 440
533 683
898 986
180 813
567 713
271 611
143 537
156 213
263 844
134 540
515 701
367 486
244 592
199 257
352 375
735 942
40 296
275 763
717 734
637 878
385 943
118 590
477 742
195 791
693 822
128 464
145 469
468 910
30 967
95 203
152 568
203 774
282 853
217 586
73 277
241 687
96 156
77 367
1 475
65 669
290 339
231 413
36 603
155 297
699 768
199 473
8 476
127 601
237 820
380 987
19 210
386 996
126 342
494 653
628 755
129 763
549 550
92 999
800 808
736 974
558 571
621 874
676 748
119 384
480 935
337 486
147 527
160 997
161 818
753 758
469 625
267 718
304 761
336 754
244 552
113 890
300 597
457 754
309 478
209 979
218 401
638 884
428 645
551 741
23 713
328 928
213 908
500 865
2 120
100 659
106 873
923 927
198 661
939 944
143 931
176 875
77 135
319 740
320 324
474 794
617 708
494 907
7 39
634 938
173 225
154 402
0 283
246 440
198 749
161 986
404 839
77 140
674 823
105 302
157 667
71 854
253 778
799 827
582 764
197 803
153 653
133 563
649 793
313 464
273 665
360 370
640 749
60 248
411 668
12 789
48 871
226 696
400 956
374 786
715 840
102 447
102 611
316 672
474 685
864 907
277 705
132 765
615 718
83 366
407 647
69 115
385 931
6 576
865 946
676 730
912 992
379 999
14 151
298 358
245 857
389 915
838 964
788 890
486 833
74 129
569 800
30 85
21 651
274 489
361 608
456 462
55 829
138 547
599 704
341 886
347 588
124 312
480 498
586 978
459 623
388 425
104 775
795 924
759 771
119 344
601 709
34 909
218 926
17 349
708 798
59 618
593 869
5 113
751 957
468 846
104 833
804 894
162 199
2 333
427 924
466 771
310 316
511 557
166 717
253 338
152 291
304 597
134 655
889 988
508 598
670 928
348 450
481 580
112 378
197 784
321 922
335 551
8 971
35 377
244 460
131 828
598 712
10 213
224 820
373 456
542 587
367 684
427 986
726 735
229 693
110 229
414 850
146 666
659 930
290 851
267 750
499 731
54 714
239 873
358 457
320 968
396 549
242 433
562 687
10 641
811 880
64 216
26 247
382 786
308 713
385 578
258 353
719 814
606 817
450 873
524 718
318 894
18 540
471 483
489 794
161 892
287 495
167 679
590 757
91 116
354 555
62 419
13 154
689 984
503 569
368 887
512 894
844 913
581 953
95 710
18 170
429 735
402 921
524 738
91 247
265 466
717 823
299 346
36 553
302 729
326 559
547 573
582 689
136 395
346 855
330 555
195 533
211 423
215 312
115 889
765 809
289 501
219 864
429 844
4 810
552 882
24 824
322 774
100 869
21 22
424 484
82 294
725 823
577 907
239 545
450 883
315 418
286 664
444 893
31 935
239 417
585 715
463 914
4 796
338 877
480 556
784 904
357 672
417 435
801 958
87 532
0 169
444 538
917 978
176 821
576 638
647 699
783 895
27 95
515 665
16 334
467 891
724 962
790 904
325 456
798 876
855 923
434 918
211 851
827 872
593 604
223 942
158 957
88 518
139 399
100 262
45 233
406 479
237 652
255 334
228 582
890 956
273 675
17 327
292 630
642 651
354 405
580 940
114 447
340 689
67 762
377 909
81 866
54 144
93 695
355 814
811 958
203 560
249 281
422 888
180 875
286 955
921 996
258 826
32 510
183 951
63 238
418 771
27 787
229 657
421 746
523 529
477 779
362 809
254 693
606 609
960 988
148 985
311 834
108 451
89 235
235 971
1 542
546 933
20 603
94 335
616 776
50 428
747 927
28 414
193 779
231 733
283 626
234 937
481 916
314 958
530 673
614 719
368 666
597 722
52 264
753 927
191 497
382 392
233 466
264 831
179 469
636 702
729 969
431 603
226 632
325 358
171 234
291 342
139 417
589 888
28 163
349 510
245 745
741 876
101 590
714 843
154 682
379 622
308 727
261 493
639 758
363 659
70 476
579 926
330 829
247 284
538 952
449 806
209 266
223 605
683 961
148 356
282 359
99 817
208 538
41 120
180 865
649 982
83 569
531 869
274 526
221 380
118 122
304 539
20 974
130 734
464 700
737 762
260 994
522 780
266 383
204 614
651 972
642 763
761 776
5 46
92 290
434 680
451 948
76 633
437 627
5 344
142 412
64 816
452 461
254 769
86 768
608 779
296 848
378 656
215 945
952 983
218 594
489 836
263 703
332 410
678 876
498 867
32 397
115 504
387 670
283 536
861 936
381 792
209 792
72 206
91 650
446 627
388 758
323 665
422 658
460 519
6 507
9 540
317 848
289 963
248 673
697 818
278 700
474 964
83 241
848 956
646 669
221 919
99 103
390 583
421 846
261 828
165 426
612 646
563 704
372 921
87 627
477 757
509 599
377 802
439 885
767 928
178 200
240 513
379 389
266 721
72 523
222 959
599 930
802 906
201 412
21 270
657 943
221 885
434 543
700 935
272 767
28 281
98 743
874 936
289 623
67 460
281 673
584 719
284 966
365 549
583 939
243 255
485 645
499 605
92 465
984 997
331 798
517 846
487 748
52 513
840 932
644 922
421 516
223 252
273 432
3 600
179 389
171 351
214 572
25 107
276 753
25 49
387 403
227 984
162 393
408 772
127 674
185 992
830 889
443 654
93 671
645 834
494 760
704 849
54 785
475 505
236 970
555 694
326 783
484 863
38 688
176 326
427 752
929 999
288 855
784 856
245 476
18 934
676 734
410 936
261 594
145 442
286 348
246 777
85 866
698 701
511 708
452 491
104 646
373 881
24 695
32 566
512 806
192 551
353 404
174 670
69 819
145 903
39 157
2 458
506 657
220 714
152 679
214 269
440 570
76 634
194 851
207 222
472 680
251 643
138 903
292 976
541 817
613 922
49 677
445 741
618 995
11 426
669 912
254 444
471 618
810 828
786 834
186 923
3 637
527 949
216 467
854 977
576 711
191 295
63 448
109 998
482 679
149 365
25 156
586 815
648 699
903 954
614 978
30 686
455 931
36 144
3 744
29 825
481 629
449 629
388 522
280 588
198 729
408 428
342 946
162 732
544 901
566 965
109 495
270 300
222 516
34 319
475 683
310 975
296 970
241 870
535 749
143 632
118 842
216 371
309 953
292 932
158 620
66 833
61 799
301 501
109 382
547 631
234 964
282 944
418 436
11 724
82 387
196 491
447 764
47 356
0 524
433 566
182 356
318 896
402 837
348 858
482 563
381 955
411 807
285 875
168 662
134 433
748 924
47 415
573 799
654 793
284 976
80 740
345 946
774 871
231 268
151 832
349 528
320 395
117 129
172 325
458 973
175 712
179 981
305 420
314 534
453 739
303 845
8 394
238 441
6 951
11 897
511 997
52 430
23 150
396 636
575 840
391 608
102 756
215 644
344 993
72 470
51 300
177 260
313 521
138 607
237 611
127 202
610 794
112 635
365 809
643 841
90 116
171 412
164 644
471 643
398 909
564 573
451 698
181 640
75 82
502 600
291 329
158 680
184 251
144 797
267 467
574 674
90 248
230 955
34 660
498 868
732 800
157 354
668 743
280 874
939 980
580 886
17 754
85 548
214 901
624 932
15 994
383 426
57 381
901 992
583 845
135 637
279 732
571 593
853 951
178 253
705 863
173 820
561 976
368 600
206 920
613 716
78 629
396 990
14 24
