0
1000
5 825
214 471
10 369
318 533
401 984
488 891
97 881
405 470
127 522
26 814
152 819
588 916
423 910
105 348
191 357
341 415
501 636
132 347
216 503
223 669
532 753
642 756
483 909
405 650
746 815
73 467
371 801
454 879
150 710
666 968
963 989
119 785
398 813
298 353
514 751
6 130
8 943
42 241
270 360
380 716
981 989
278 802
37 494
341 884
307 631
318 758
260 563
82 970
93 236
173 176
40 527
519 583
71 101
295 940
111 847
816 950
543 934
558 827
533 836
671 929
472 512
585 853
90 443
68 551
103 297
497 749
576 754
105 405
415 554
497 956
658 777
310 635
391 594
757 985
210 838
595 962
272 526
285 921
107 269
83 931
213 395
539 729
627 906
171 384
283 547
104 750
340 778
141 808
564 966
805 863
297 739
465 823
746 795
485 647
161 619
305 386
667 974
457 564
296 422
448 784
407 832
538 592
366 640
190 786
577 744
476 655
432 720
159 607
779 817
437 851
784 907
212 793
335 872
718 876
503 553
406 537
431 566
462 556
697 825
26 208
339 957
246 573
182 946
413 425
145 638
210 688
580 871
81 997
453 473
574 778
597 755
174 993
189 588
234 363
298 663
33 874
77 444
67 995
163 356
124 413
117 491
832 991
506 923
613 752
226 264
158 677
765 974
385 452
427 871
464 739
21 698
478 999
527 633
97 607
384 865
288 931
607 678
164 483
253 992
110 759
114 316
752 820
479 543
447 452
255 592
206 396
380 408
618 991
671 934
241 436
545 780
690 725
166 890
823 944
98 715
846 978
871 874
644 802
476 767
695 724
82 997
468 895
89 260
832 859
342 625
216 458
567 933
577 645
370 397
763 894
53 320
476 685
201 432
185 275
59 425
69 547
870 883
350 867
88 772
232 434
255 267
178 239
626 722
615 772
36 713
152 560
349 778
156 610
376 605
288 689
79 306
448 959
596 725
129 830
175 307
115 163
344 684
704 967
917 930
358 922
252 823
164 315
506 898
35 548
850 931
432 437
211 967
85 254
466 700
821 935
686 803
198 496
209 947
24 228
25 805
8 52
421 864
264 368
289 626
2 647
552 801
23 944
238 680
361 564
53 71
766 821
139 812
709 835
432 918
323 484
255 291
143 878
564 585
267 471
229 713
126 623
366 980
45 452
692 723
241 701
227 624
96 649
228 329
247 940
144 446
102 260
543 979
192 239
78 304
141 763
926 953
493 793
474 543
146 717
355 607
20 508
111 839
145 661
193 235
793 805
121 955
215 596
384 982
367 990
52 54
255 528
1 654
133 616
207 561
176 653
793 849
179 652
376 456
266 300
271 867
148 499
264 562
173 233
704 742
403 851
186 861
717 728
184 266
581 930
19 610
247 427
466 611
108 519
512 923
640 675
269 842
55 504
379 509
443 751
332 886
774 878
635 973
852 896
61 537
276 584
182 453
75 107
427 987
16 47
66 955
356 784
133 760
564 800
70 522
356 782
21 741
185 602
119 683
623 947
342 654
84 941
739 835
6 696
435 494
366 524
207 738
236 691
496 905
256 452
760 848
122 537
143 468
642 866
91 295
304 982
285 330
517 654
323 686
177 772
89 669
241 389
592 768
133 968
306 846
60 449
54 428
162 497
630 700
312 586
539 730
366 421
18 51
82 535
340 633
36 677
218 557
287 823
410 585
22 482
839 913
764 941
145 862
662 999
234 240
726 794
944 963
472 489
301 535
249 494
110 804
94 191
639 698
217 382
64 441
367 577
180 947
215 499
336 838
529 775
255 911
50 378
305 417
266 949
16 149
44 816
231 510
151 228
337 882
419 721
208 273
150 668
227 927
404 845
519 976
259 900
341 891
27 576
516 637
649 736
594 599
147 522
575 579
190 426
424 903
477 876
53 737
104 409
818 902
172 675
35 936
11 318
173 958
242 802
381 902
394 683
176 251
555 642
257 398
307 324
134 798
752 794
367 938
343 491
113 608
100 761
319 550
15 137
537 873
3 216
296 843
224 912
740 795
67 134
539 975
91 833
296 599
259 695
240 500
352 820
49 984
489 614
207 840
384 711
169 776
63 113
84 263
491 664
590 792
168 509
306 658
449 557
109 120
433 896
266 834
546 860
399 429
259 745
764 857
450 874
228 680
139 322
116 293
645 746
45 660
444 969
73 810
507 543
621 690
322 516
671 967
357 439
282 667
553 825
670 824
757 790
497 602
586 961
576 932
893 974
531 611
578 827
521 954
199 951
145 568
143 646
846 877
114 658
199 889
217 481
64 258
610 617
299 774
354 652
769 903
285 501
80 163
557 780
515 935
695 955
492 764
21 311
57 829
317 707
48 530
259 682
161 824
165 496
266 649
269 311
21 308
305 690
389 995
317 855
154 828
396 958
361 430
268 601
206 333
325 820
332 779
9 21
491 914
114 702
114 622
85 406
551 883
133 656
305 875
22 498
107 540
202 903
235 920
296 513
520 816
82 731
354 644
314 981
861 973
317 571
475 932
16 235
448 560
387 934
12 746
281 581
152 373
346 926
435 873
746 788
128 703
205 881
547 762
601 896
248 535
266 411
197 369
509 902
206 395
732 918
357 700
35 508
545 954
103 581
135 450
372 935
627 698
91 523
25 890
377 910
259 541
275 429
159 779
610 773
400 783
727 889
831 917
651 722
376 426
26 932
132 677
604 675
139 170
429 946
4 801
126 710
14 826
136 224
235 502
51 904
207 382
513 652
442 506
32 659
375 635
350 418
131 508
611 947
567 829
283 504
550 592
290 593
704 900
49 236
670 676
21 495
584 925
328 998
640 673
145 789
654 854
202 802
392 996
128 754
905 993
183 774
407 556
135 339
335 783
17 220
154 515
547 574
22 138
342 962
450 747
474 614
586 723
164 851
35 362
145 998
2 836
157 405
443 535
760 962
163 976
508 992
615 634
64 246
32 796
190 939
46 792
264 712
552 811
455 906
241 641
62 918
123 962
597 631
304 734
119 431
51 244
110 868
824 880
141 764
160 304
402 890
550 972
419 705
406 587
516 539
414 526
5 978
132 889
908 955
693 925
378 612
518 536
128 520
590 796
113 529
137 792
137 606
38 519
231 674
838 992
337 562
606 712
29 466
147 993
484 763
361 801
245 851
643 801
425 582
575 694
476 565
629 723
420 878
351 910
404 478
234 681
600 686
109 413
579 965
161 948
530 922
288 522
286 878
94 244
662 781
73 679
679 757
134 534
145 195
98 997
42 196
902 924
187 506
41 855
112 883
452 716
0 45
38 438
168 915
542 611
290 723
303 434
86 443
76 375
63 949
155 449
22 38
421 765
220 820
598 632
620 940
344 414
92 694
383 986
44 891
858 876
374 652
585 669
94 687
154 811
461 824
869 934
125 917
383 544
879 924
76 769
623 743
326 667
37 176
200 265
659 803
204 520
98 807
351 984
425 699
177 434
42 383
99 130
412 826
7 958
116 578
549 712
797 919
451 563
826 918
237 781
617 674
683 750
298 865
469 751
527 829
181 519
133 928
546 684
601 856
74 133
428 845
393 900
51 107
338 449
17 106
271 937
114 319
77 675
58 522
302 876
359 976
101 194
39 615
100 125
93 237
783 881
332 981
16 365
370 504
258 915
714 850
101 200
326 388
11 462
77 188
250 575
331 996
175 501
109 155
624 655
398 774
13 318
152 165
144 239
764 960
279 781
280 995
496 648
456 654
486 681
207 573
110 830
505 865
3 6
490 757
144 146
827 914
444 529
230 949
384 572
275 591
262 588
35 117
390 759
396 844
532 961
240 369
161 657
512 887
73 186
940 952
161 210
563 945
112 153
383 405
389 511
334 601
370 445
262 977
331 471
514 523
28 339
440 597
118 765
95 963
292 623
150 423
104 794
508 672
453 892
187 618
276 305
270 722
84 317
529 897
487 567
239 416
574 665
140 654
468 913
51 261
367 626
434 926
370 551
30 358
277 633
879 919
136 208
77 899
297 706
615 798
339 988
483 563
65 421
197 459
350 809
708 917
26 748
190 271
615 771
598 676
34 405
837 855
31 228
378 951
452 628
257 497
224 994
610 919
567 579
224 715
433 565
197 598
440 530
499 681
154 463
345 655
208 589
418 709
217 294
705 955
44 221
327 827
735 861
555 795
96 235
460 941
17 892
182 603
415 850
200 925
111 568
967 983
229 826
455 759
16 988
647 663
361 733
770 955
130 717
219 586
304 791
570 573
231 876
105 270
199 822
329 943
700 901
642 858
546 855
518 766
694 856
243 921
11 203
717 799
43 663
100 227
284 419
491 559
830 998
89 971
415 719
313 647
337 926
264 806
391 921
169 378
169 326
968 996
274 751
116 753
176 525
723 885
56 871
358 699
189 380
838 841
609 754
721 793
45 139
153 287
142 187
82 569
526 954
167 795
888 889
87 335
364 764
527 964
163 225
72 471
262 395
498 872
85 518
186 787
238 539
53 239
480 588
490 791
431 481
164 942
228 321
309 962
222 262
