0
1000
59 749
192 658
133 918
292 608
448 633
420 525
58 339
27 792
211 827
370 557
712 894
183 618
237 715
463 834
3 695
168 248
362 961
74 332
10 101
649 955
404 861
344 791
246 834
826 894
398 699
123 292
97 429
710 835
160 589
116 406
166 614
242 469
130 863
349 744
174 749
86 693
163 640
60 61
425 877
407 727
599 709
38 729
347 660
67 927
478 789
157 595
375 407
89 760
300 976
231 236
13 36
87 302
381 766
60 380
654 659
402 493
346 902
567 639
156 263
121 933
248 454
614 688
351 606
884 971
498 552
17 687
394 435
173 478
267 848
137 317
139 671
64 983
158 299
229 701
61 789
77 992
268 473
154 209
858 864
256 424
55 341
581 692
586 626
198 922
190 865
151 956
55 240
733 948
548 566
506 681
790 844
112 700
424 875
28 421
236 296
260 377
163 498
628 833
266 935
199 679
742 746
234 324
277 954
176 227
118 274
12 636
65 757
793 947
592 770
522 530
122 431
647 853
104 114
446 757
469 509
75 438
598 706
367 496
152 214
188 193
828 884
2 5
423 850
573 653
221 978
57 956
264 433
621 638
129 565
66 821
62 649
122 822
22 680
29 321
307 988
489 813
462 464
222 908
475 581
20 409
97 426
162 809
193 799
493 690
631 996
73 722
0 361
221 619
686 952
668 927
110 784
275 576
23 524
128 985
516 560
196 891
628 804
182 461
328 995
220 298
374 408
293 477
459 796
382 998
290 677
704 800
5 969
26 798
314 889
48 291
142 258
441 877
146 643
386 795
184 879
776 870
150 630
241 891
313 738
480 528
120 419
98 574
457 959
82 107
497 558
321 987
450 670
451 513
208 219
456 748
449 999
714 857
596 940
556 731
235 277
400 765
767 912
29 663
512 810
728 756
334 800
72 319
43 327
56 550
216 972
224 264
586 779
285 602
330 795
50 120
318 784
257 548
174 421
279 494
314 537
583 730
46 686
442 881
467 506
44 915
191 584
18 31
16 737
57 941
114 392
668 713
461 829
678 766
301 611
565 745
7 869
83 206
364 555
147 409
54 890
347 745
90 634
422 489
26 892
642 760
508 922
308 552
38 811
551 984
707 888
576 886
719 781
223 710
571 839
452 751
348 672
369 743
665 887
198 222
358 604
808 812
673 867
482 580
278 343
553 864
610 663
139 510
159 842
233 514
81 559
729 967
450 867
687 846
49 694
252 700
225 617
514 970
342 413
343 915
227 413
170 771
725 769
34 316
169 366
331 497
85 610
337 721
603 900
437 688
356 940
21 475
220 974
616 751
302 708
518 985
491 636
245 777
397 843
189 568
303 796
526 920
699 932
886 913
291 583
748 963
305 981
265 664
594 929
365 965
106 271
803 828
189 372
772 788
532 943
606 933
312 396
607 725
367 739
262 871
78 173
172 516
51 435
330 715
226 304
641 958
578 925
149 152
207 957
336 667
86 950
554 612
365 666
269 705
412 968
515 741
147 705
662 880
632 861
12 203
372 594
483 676
387 818
89 210
327 572
8 682
622 742
384 754
544 778
660 921
918 990
1 19
338 396
110 874
215 912
570 948
340 711
712 785
254 341
19 803
797 916
465 517
223 611
536 883
257 791
150 875
53 495
536 537
24 39
109 601
726 961
3 40
204 389
361 609
717 954
348 765
304 880
359 953
691 740
231 325
288 356
93 100
535 655
651 885
747 768
626 972
280 877
214 278
164 505
130 195
92 878
78 672
666 987
328 855
541 644
44 599
52 522
170 175
125 145
181 569
934 991
84 415
648 770
718 921
215 307
531 876
22 414
41 320
155 455
476 612
144 683
276 301
33 95
153 376
736 876
404 500
229 298
346 652
762 774
287 585
54 944
213 289
52 508
244 539
661 895
474 882
197 339
192 815
345 354
350 445
18 841
50 410
337 926
721 816
532 939
491 519
309 689
470 645
448 464
427 888
428 442
171 362
103 353
83 148
487 755
813 946
329 962
47 317
549 997
11 315
119 286
116 306
165 820
157 902
802 842
8 182
232 414
702 793
99 332
474 582
151 758
572 801
252 832
917 920
56 172
483 635
382 866
115 230
681 865
674 874
659 887
539 732
187 511
197 509
369 590
432 970
402 911
620 862
406 903
380 644
247 368
226 726
492 591
447 542
256 391
655 909
272 540
695 801
123 553
262 824
196 451
312 411
507 513
239 981
81 838
0 37
148 762
622 627
849 907
773 942
243 986
176 324
835 854
270 418
685 967
528 750
138 305
14 637
428 502
592 837
443 527
117 389
523 647
62 357
30 98
13 870
326 905
127 534
119 714
129 974
363 520
670 701
249 399
379 512
652 855
529 849
499 584
108 531
538 697
480 802
158 694
416 919
613 737
212 898
735 831
188 311
632 736
70 588
91 953
23 783
76 604
387 492
689 787
556 657
283 580
25 106
510 786
790 928
761 836
593 949
200 458
284 494
45 962
465 859
798 993
456 772
237 782
109 785
102 740
295 805
329 980
392 646
408 653
243 390
263 753
439 955
596 731
10 273
476 616
650 696
904 997
254 883
526 692
136 973
180 440
502 838
459 780
704 860
630 746
2 848
352 461
261 335
623 963
533 935
53 896
656 845
633 664
488 996
847 928
141 177
517 786
66 472
117 585
37 183
415 530
126 858
627 913
250 551
111 850
126 703
7 39
216 501
63 77
104 124
579 625
58 249
316 722
444 879
218 629
132 479
487 851
99 958
91 255
160 872
138 267
385 841
67 631
177 547
561 605
207 846
84 607
1 281
812 881
125 706
303 368
72 820
63 735
587 810
398 931
344 395
379 950
69 825
471 744
484 833
336 405
495 615
218 799
96 944
410 499
521 698
444 964
597 618
290 978
573 821
137 675
194 919
255 417
103 727
149 360
391 941
251 693
405 540
340 416
32 217
205 759
4 468
430 991
49 910
698 719
823 890
486 945
64 486
33 496
136 272
260 395
310 819
250 930
35 750
266 901
276 690
602 957
143 709
662 685
767 816
393 738
357 468
190 827
35 792
233 830
293 806
466 882
579 819
965 982
624 776
175 323
282 907
504 885
591 708
6 488
156 309
436 676
171 439
326 966
529 730
860 975
102 564
543 578
376 394
354 467
71 625
543 794
574 754
15 788
71 925
17 238
271 936
281 966
323 472
261 500
225 318
42 679
364 994
521 924
866 906
270 869
527 645
115 608
479 938
167 577
366 947
40 453
68 564
624 998
111 818
224 840
232 570
265 426
169 201
70 131
519 617
127 206
234 383
134 993
51 562
202 977
620 809
654 815
245 333
121 355
161 180
118 847
15 613
112 285
313 906
651 780
275 360
164 844
230 964
143 166
322 393
95 142
325 724
311 872
219 862
388 763
140 253
422 656
501 845
132 569
242 373
371 837
562 831
680 951
69 434
168 989
473 697
235 759
108 184
41 931
674 805
434 545
79 807
901 936
910 937
88 427
280 518
31 181
482 524
363 386
557 988
191 825
194 959
294 897
107 455
297 390
101 378
258 401
411 989
306 546
200 949
661 924
503 635
113 208
202 299
568 739
105 768
641 960
195 899
76 449
80 401
753 873
629 814
477 968
452 787
251 490
589 741
445 763
563 871
430 640
259 535
683 914
563 822
724 897
145 857
707 856
385 463
378 716
723 826
533 980
384 485
186 239
159 600
131 852
577 938
146 934
133 917
205 868
201 764
358 646
460 542
283 937
854 863
90 600
167 541
179 650
892 900
525 893
94 778
300 769
381 615
400 621
210 720
470 942
204 979
443 638
903 976
286 374
43 643
154 839
88 308
93 761
523 639
370 851
4 747
534 717
433 904
42 691
209 558
153 582
155 823
34 575
269 609
429 732
359 775
588 930
105 375
814 911
446 939
554 728
16 808
9 975
460 995
284 986
178 447
353 893
240 914
320 505
295 504
178 274
20 228
559 889
388 923
310 507
453 946
297 926
6 634
734 923
840 856
338 471
331 665
100 817
134 511
135 423
412 571
211 637
289 597
560 575
14 601
673 675
371 657
671 775
161 909
185 457
128 185
546 830
322 723
165 853
11 203
25 716
684 916
162 682
85 774
59 481
228 315
454 992
345 734
212 268
217 984
373 595
319 899
432 952
667 782
282 431
247 658
605 619
756 908
24 832
287 399
807 994
566 873
9 929
187 669
806 945
481 703
273 843
253 771
419 623
82 773
648 743
549 852
403 440
45 244
259 550
458 503
179 932
397 515
94 859
96 335
79 752
898 990
383 999
68 484
296 403
342 545
279 334
135 590
520 752
27 436
420 720
758 779
21 438
80 87
92 777
144 943
65 783
485 895
713 794
587 977
349 811
124 836
241 333
32 971
555 960
36 567
186 547
350 718
288 951
75 684
417 868
466 755
351 377
48 969
47 561
213 677
238 593
418 678
603 817
294 702
28 797
46 733
437 764
598 642
140 490
538 983
246 824
30 979
462 781
73 544
711 804
878 905
74 982
113 696
141 669
355 973
199 896
