0
1000
360 460
298 761
489 798
509 990
696 900
250 801
23 788
760 820
284 564
261 597
0 322
148 341
74 671
570 838
157 747
340 470
407 628
570 762
59 292
494 883
939 953
586 709
66 863
124 856
292 579
155 571
211 410
266 304
519 991
592 981
254 891
103 633
70 977
390 593
95 528
547 652
310 407
440 622
231 620
301 789
477 805
66 777
391 776
556 727
39 462
754 885
172 180
322 712
552 882
24 849
299 465
59 146
72 614
145 645
685 784
93 588
604 850
352 948
25 163
269 913
254 746
127 786
560 990
398 916
643 725
22 842
168 815
460 892
174 878
412 773
15 510
572 915
232 688
333 667
987 996
938 940
308 629
301 923
387 885
613 693
83 929
281 402
38 193
297 604
372 398
55 595
373 716
700 876
336 969
817 934
849 901
589 630
105 176
113 487
733 940
381 517
692 798
557 781
46 196
527 761
322 993
97 578
662 846
132 943
795 939
267 322
273 801
204 479
235 955
221 997
42 55
389 966
660 764
134 398
190 972
178 798
189 694
235 899
20 79
363 682
605 946
85 676
345 755
534 723
75 291
163 343
450 525
153 226
6 636
118 918
198 368
109 729
110 515
364 991
184 898
557 886
194 921
144 538
735 918
43 122
107 395
643 867
566 819
224 400
28 625
743 858
9 703
111 974
157 188
22 261
259 999
315 338
96 591
471 947
178 850
41 137
222 727
458 624
62 574
34 742
206 739
498 653
112 731
139 169
464 637
296 544
218 754
544 602
337 666
73 812
622 785
326 638
83 408
834 914
244 900
386 700
212 709
115 351
198 312
320 465
384 502
64 88
213 661
165 818
438 573
266 956
238 463
521 867
446 507
715 809
642 952
21 958
274 858
411 832
89 654
157 338
360 641
129 906
313 433
776 829
753 978
142 437
703 976
318 970
103 267
473 562
549 771
330 434
139 710
271 839
572 841
347 384
577 976
278 346
246 505
738 854
503 940
241 404
272 679
100 989
200 951
475 962
684 973
425 590
438 649
145 920
349 581
779 939
514 916
141 623
663 751
390 654
786 980
325 563
612 803
399 985
443 913
177 253
181 267
346 973
164 324
248 824
176 597
148 608
80 737
462 862
348 444
442 623
156 791
378 813
19 700
92 861
537 873
484 531
839 928
202 768
223 558
615 711
821 832
175 721
7 340
391 696
71 543
253 762
88 937
191 969
713 831
409 894
467 555
42 964
103 192
302 836
83 277
69 779
549 853
52 282
81 119
227 279
496 511
74 307
303 859
492 512
216 675
459 996
551 828
207 575
619 970
473 859
173 677
922 954
587 742
379 822
50 389
76 926
251 723
78 117
295 677
164 305
118 621
230 597
276 770
264 528
62 617
547 622
498 875
309 520
686 792
570 981
27 610
444 599
772 973
485 820
275 285
225 530
711 808
720 826
325 934
548 748
46 736
421 974
18 289
429 516
130 353
289 718
817 985
86 717
477 547
108 363
191 575
4 889
201 655
48 710
478 622
308 778
783 871
428 745
24 249
172 891
695 724
39 652
368 391
173 979
60 750
470 945
576 715
260 631
359 797
189 288
90 255
222 428
328 592
8 488
3 811
126 490
524 811
201 375
548 659
376 800
411 868
468 831
535 783
226 617
911 999
538 934
61 127
335 435
873 882
48 690
673 987
16 938
668 957
316 607
406 581
2 489
524 771
126 965
194 442
256 874
82 467
339 811
381 834
540 732
967 973
25 887
456 909
765 874
586 989
88 931
144 379
220 804
145 758
504 819
155 539
56 922
367 484
1 316
399 885
106 215
532 838
262 948
35 702
332 666
54 444
255 658
129 217
426 924
311 790
110 801
393 793
513 661
685 722
327 582
54 669
452 742
143 852
292 493
99 821
286 848
236 808
211 752
91 393
384 494
6 190
165 769
51 485
70 495
615 855
744 950
699 781
242 508
435 756
198 897
875 970
520 984
128 246
404 833
221 472
360 569
68 423
93 270
837 893
618 997
26 942
136 443
220 959
461 725
611 707
356 922
413 418
333 932
3 253
596 971
46 109
64 125
653 778
185 453
234 466
896 970
472 968
229 289
12 127
101 918
785 880
76 219
10 212
774 971
157 451
344 957
420 682
113 527
478 735
437 545
289 293
86 285
601 927
405 540
27 694
241 855
201 510
814 959
646 909
126 425
210 488
321 449
17 689
345 860
187 267
284 615
508 988
533 766
415 800
277 622
626 638
209 840
492 620
147 312
76 583
287 538
104 650
323 663
84 616
694 841
379 687
489 847
666 691
274 611
362 911
352 475
240 610
290 371
582 669
559 902
435 567
316 327
35 148
868 883
247 712
120 358
680 753
840 956
397 507
29 57
77 757
519 553
350 543
40 525
499 827
32 955
429 847
832 884
487 712
263 880
245 845
133 270
135 343
160 636
54 283
285 838
40 704
744 990
112 160
114 546
849 903
95 631
107 421
50 774
529 690
182 394
306 675
321 557
190 701
826 863
259 318
291 511
131 278
119 331
760 865
207 482
541 555
497 795
111 790
196 816
531 708
392 850
344 979
63 564
106 456
68 451
353 642
435 697
753 767
448 695
140 453
157 183
635 674
603 768
15 705
16 946
21 597
461 533
205 243
114 526
566 580
282 624
99 555
639 835
142 239
311 479
224 652
495 891
76 377
299 422
168 567
79 442
367 836
192 516
33 458
89 103
80 608
471 560
668 898
30 660
71 912
618 949
230 949
121 928
37 130
210 905
376 718
588 791
683 993
365 908
784 891
455 634
11 838
98 815
116 944
91 843
171 320
257 827
452 518
142 672
690 786
167 496
474 907
228 744
36 441
659 689
430 491
226 265
313 355
108 199
314 876
565 782
498 749
370 944
707 748
19 984
432 513
534 901
188 755
485 676
220 378
106 876
889 924
382 780
515 685
341 598
351 614
7 630
383 625
544 617
36 866
523 732
676 844
43 706
821 986
0 787
550 797
170 573
149 161
469 747
477 737
55 698
102 656
936 949
205 248
802 956
215 975
172 304
782 960
558 926
59 439
134 547
346 681
43 732
721 917
353 929
830 856
197 272
217 878
393 845
242 920
233 938
422 561
514 667
726 752
518 568
806 980
203 290
238 523
789 825
554 941
468 773
334 842
513 935
280 820
657 736
802 927
417 613
217 621
143 728
362 879
397 585
187 718
753 830
105 740
228 457
77 82
37 887
13 679
147 159
303 640
642 938
34 721
419 526
414 733
734 911
264 635
170 216
93 219
152 491
208 691
202 319
47 895
445 474
419 802
510 591
39 252
78 628
527 647
500 966
60 873
229 648
313 600
486 730
476 689
250 651
348 427
855 890
166 780
28 865
356 664
29 162
326 802
138 545
454 848
294 752
328 556
189 660
186 632
53 354
594 648
94 950
595 644
117 431
108 605
448 701
221 318
73 654
174 417
20 338
522 708
569 861
86 665
6 827
32 35
306 807
231 311
45 361
504 901
11 732
585 896
74 181
297 329
278 992
183 436
476 551
365 836
2 719
866 871
149 433
407 609
424 593
58 439
447 933
151 743
678 680
37 930
317 930
9 741
307 617
373 514
98 356
408 513
67 851
501 728
41 587
173 822
136 140
144 418
554 900
596 963
773 809
521 796
810 952
774 910
361 643
105 561
837 874
954 961
405 548
584 675
589 857
182 629
445 929
243 775
315 750
31 37
493 825
279 491
268 844
125 258
150 627
35 396
53 794
471 925
288 955
639 863
260 943
342 961
396 914
687 846
214 924
97 932
398 658
114 117
483 958
10 947
699 864
115 598
740 763
82 854
30 816
55 186
866 979
104 214
45 631
23 369
14 284
459 815
179 692
552 603
397 519
437 522
349 423
512 954
123 310
686 979
620 886
394 671
49 942
207 917
369 900
828 953
276 391
84 809
401 925
767 869
687 814
413 743
37 158
412 818
34 563
205 562
565 606
403 732
880 995
209 330
340 751
154 237
536 861
718 892
447 829
634 872
591 988
520 967
195 352
162 321
214 983
5 469
211 905
571 645
166 251
549 627
165 882
388 525
688 870
216 912
112 410
246 651
275 380
121 905
300 385
206 269
326 542
366 964
550 983
415 765
566 637
58 799
302 714
132 277
354 942
312 631
51 424
559 775
341 481
803 983
906 960
71 232
185 921
160 169
419 851
159 691
38 146
656 722
4 607
287 998
357 739
162 455
337 583
120 730
97 306
301 868
207 237
508 982
445 794
197 252
545 576
161 225
91 684
60 857
851 966
122 554
75 965
490 917
670 900
167 466
325 480
358 370
416 783
355 563
881 969
242 647
286 326
199 324
103 877
195 919
590 904
65 827
18 347
448 994
599 861
309 935
698 893
392 589
655 894
33 363
356 358
79 262
271 951
450 484
244 931
244 284
44 310
169 903
286 641
539 835
631 989
81 658
628 888
453 823
334 895
488 501
374 799
506 578
402 923
96 430
87 941
116 437
348 385
124 708
203 731
295 759
205 664
501 843
633 717
348 741
