0
1000
455 955
166 721
391 603
121 452
127 853
405 788
242 673
232 458
767 899
311 624
672 857
402 697
529 534
699 769
177 394
14 79
546 597
358 820
575 648
18 236
695 892
100 657
290 575
2 712
175 888
230 318
80 815
24 980
107 198
96 910
137 388
80 234
97 506
417 686
244 993
366 590
408 430
507 556
155 994
299 788
140 836
329 424
227 852
281 708
35 397
688 860
54 409
265 997
128 455
324 348
49 136
213 587
392 618
261 769
814 872
532 696
592 863
43 744
120 969
553 583
86 115
24 565
750 859
586 964
419 637
472 676
319 893
59 70
126 257
73 237
760 947
366 470
55 69
922 989
530 867
144 347
14 594
450 750
372 903
578 926
13 20
89 207
596 905
326 400
134 305
12 635
661 885
694 724
140 212
196 418
229 460
146 931
39 749
68 766
435 693
182 851
124 252
52 944
222 484
623 772
67 327
189 734
242 880
906 937
341 511
259 462
209 429
841 864
533 655
135 650
604 901
263 421
431 492
917 953
682 900
395 999
67 386
160 780
542 737
612 723
128 345
286 414
804 856
193 847
345 686
369 956
460 830
675 985
696 752
237 527
171 355
278 635
118 139
48 210
577 579
65 905
910 936
398 981
651 850
337 770
379 863
613 946
581 723
425 895
192 217
644 823
554 598
72 120
227 776
632 707
902 968
316 722
313 839
40 523
389 676
425 643
36 61
645 684
178 948
51 782
465 919
51 825
621 778
8 730
193 663
659 789
60 983
367 384
597 835
57 195
260 682
562 706
323 901
491 983
98 573
514 994
499 763
338 902
121 320
76 779
57 288
232 526
86 932
667 679
329 774
438 960
458 990
156 702
168 241
185 653
244 777
346 972
523 702
200 996
326 548
82 162
604 993
574 603
85 757
670 923
399 692
718 979
264 307
516 809
321 583
258 857
625 636
5 344
88 228
509 846
464 948
356 365
605 616
598 614
401 784
363 854
917 918
502 620
86 228
43 700
27 711
206 671
255 806
51 878
21 531
710 940
566 806
513 638
482 837
47 371
131 754
581 949
66 695
158 339
495 622
481 548
485 906
46 885
50 412
246 412
249 802
582 611
75 440
56 266
142 570
606 654
501 963
483 683
167 201
165 882
698 971
125 226
130 525
52 716
42 112
231 995
92 327
602 829
468 764
188 908
11 393
694 891
518 876
148 422
163 426
196 239
449 930
381 833
508 529
53 156
253 377
519 827
111 665
625 717
173 334
469 832
238 505
678 797
629 887
212 626
233 974
10 296
610 890
799 957
248 700
131 253
83 627
223 868
145 976
907 985
118 439
60 190
467 622
434 517
208 824
688 988
351 607
798 944
187 507
138 752
99 978
149 672
105 510
406 720
31 416
385 642
186 944
35 941
470 539
659 911
143 773
141 395
387 536
7 451
250 533
145 304
490 620
451 815
677 803
202 563
552 884
772 898
55 427
195 279
352 369
474 555
59 732
637 704
756 766
252 494
727 964
325 925
116 768
479 673
657 792
291 735
114 418
404 678
216 359
235 479
330 543
205 516
628 930
219 526
664 952
112 158
761 984
62 840
876 989
380 609
556 826
936 987
476 848
441 685
181 239
796 968
382 872
692 703
240 449
248 406
315 683
192 642
19 396
300 401
570 935
328 615
135 873
284 827
15 129
347 489
141 283
168 770
352 359
79 621
62 402
584 803
191 313
386 633
100 299
317 831
181 965
282 861
462 873
297 754
763 775
218 705
681 785
656 816
82 955
211 312
517 909
4 461
199 706
408 753
117 526
159 927
677 748
22 487
162 443
440 566
695 898
183 975
221 501
468 954
768 790
32 177
138 595
812 865
448 933
265 608
713 952
725 946
220 508
726 995
714 884
142 560
447 563
211 916
179 718
63 172
260 614
503 666
417 741
308 476
881 931
894 966
42 889
442 493
280 982
453 962
244 268
178 593
477 619
558 977
377 454
891 938
125 924
343 375
608 783
440 992
30 471
115 152
734 759
842 901
168 758
208 475
210 911
404 515
360 767
407 483
247 753
436 454
838 943
429 820
308 991
817 925
518 580
584 790
545 726
649 661
103 478
255 463
504 663
364 556
3 579
699 958
547 607
20 774
740 961
171 195
106 296
81 307
631 805
602 731
83 183
0 409
31 270
411 778
724 997
903 920
58 279
718 874
533 710
198 647
751 945
130 519
170 890
12 599
559 784
656 998
763 850
378 642
600 871
241 599
539 640
574 817
486 732
108 365
171 743
398 538
497 753
98 828
310 588
336 805
785 914
413 897
41 399
432 567
224 870
0 616
183 237
344 862
236 798
778 849
564 592
881 947
612 719
28 824
375 736
96 108
203 306
536 595
45 932
728 735
424 879
140 935
95 151
147 525
684 717
513 801
90 328
441 904
393 576
110 506
245 293
256 992
360 466
520 730
122 367
269 701
94 671
176 733
615 886
134 771
225 634
702 962
164 494
295 715
388 704
1 620
558 941
221 933
800 828
467 641
285 443
261 324
913 929
119 469
362 949
101 872
288 934
17 549
271 337
123 585
180 554
247 355
71 487
456 573
786 969
397 821
206 476
339 439
148 638
180 573
449 973
102 442
136 283
924 986
157 234
223 562
350 518
639 756
271 306
781 942
23 464
9 557
123 403
651 758
746 886
505 512
591 669
194 839
652 954
295 908
184 747
234 302
266 666
263 742
25 210
11 646
153 242
175 945
372 427
740 773
30 727
357 605
207 864
273 332
174 958
332 645
2 445
27 368
550 732
473 746
644 777
172 907
804 893
38 534
268 545
69 680
435 853
13 668
37 928
161 259
877 883
522 972
503 535
9 72
201 806
431 855
524 668
571 857
351 561
459 552
74 484
465 648
231 811
630 870
674 907
654 738
530 875
90 276
33 117
370 848
28 636
400 762
331 823
245 385
216 887
489 759
167 647
477 744
187 289
478 851
303 784
480 929
34 860
733 956
200 938
369 674
354 392
10 516
109 243
541 582
667 909
698 716
215 271
639 821
536 719
292 845
56 105
78 578
512 687
474 857
434 822
658 875
391 858
482 540
93 531
291 922
104 591
63 488
480 833
572 984
572 613
697 879
374 649
44 831
287 669
330 742
281 521
170 411
353 457
362 896
6 410
84 795
213 882
420 845
428 832
164 383
524 557
23 70
147 689
26 105
342 814
319 720
786 871
15 670
61 528
107 785
111 801
810 862
272 382
143 188
427 939
161 912
530 679
376 543
153 274
448 504
634 843
558 921
47 921
333 761
246 691
294 771
799 830
92 834
294 709
106 137
293 422
189 214
144 601
18 280
794 840
202 390
528 816
633 979
285 760
286 959
39 916
273 705
535 575
569 978
660 970
225 492
214 865
84 173
389 426
496 920
194 641
275 521
174 971
292 480
199 445
166 576
589 973
325 689
217 919
275 926
122 488
310 662
334 415
219 650
54 588
4 829
87 940
302 305
541 808
794 834
797 963
97 433
308 856
343 904
163 590
289 373
160 341
17 301
547 965
531 765
540 780
46 788
842 844
71 847
267 577
75 335
461 701
500 601
36 185
522 899
502 658
473 550
565 808
197 789
349 353
331 999
342 548
276 942
414 940
413 967
485 631
68 802
490 589
511 880
0 450
233 472
438 981
731 764
249 301
89 338
807 894
913 970
110 146
127 739
544 900
99 587
32 322
286 314
103 561
782 927
632 841
380 643
329 537
149 437
333 831
155 606
508 818
222 238
228 889
858 918
403 951
37 77
16 987
515 636
40 169
206 812
368 792
394 951
64 444
917 974
623 928
514 532
29 282
159 482
129 560
5 169
591 810
102 133
7 374
491 960
262 813
151 322
250 937
361 757
56 304
609 791
376 709
139 838
230 520
665 978
254 447
22 303
728 826
888 975
87 371
124 546
78 813
251 652
269 897
321 990
60 610
446 846
272 538
133 996
44 895
179 943
274 277
38 611
446 745
453 781
76 485
16 309
348 714
19 26
29 432
102 119
544 680
25 297
267 994
257 811
154 457
390 787
708 729
343 749
176 407
568 878
8 923
246 640
226 356
197 367
336 967
45 690
165 664
318 871
678 950
555 619
793 915
3 496
311 662
1 980
527 861
866 998
34 712
337 498
227 729
776 855
184 761
436 957
256 583
150 435
64 796
262 379
243 378
460 469
416 741
116 420
663 755
624 693
373 497
459 627
316 334
383 593
775 883
739 841
73 568
643 737
85 942
315 596
91 542
300 713
152 421
287 982
298 725
312 349
423 855
358 783
392 580
270 928
19 114
91 471
95 762
722 892
81 466
433 531
154 235
132 547
452 986
313 715
748 800
87 869
126 618
426 551
564 988
509 629
363 807
320 410
346 586
646 672
41 340
475 711
50 240
177 444
594 877
690 787
113 991
6 224
818 915
419 429
58 93
721 822
703 791
182 309
836 961
203 264
298 854
601 835
505 656
553 585
745 843
415 736
549 653
495 868
204 896
284 660
138 819
49 630
74 204
251 966
404 617
