0
1000
344 761
402 682
100 577
250 503
826 843
158 450
92 235
199 645
323 614
387 777
5 934
158 377
199 317
601 853
253 894
64 628
330 384
208 348
449 686
484 512
320 528
566 806
188 733
397 953
112 618
419 799
185 227
620 628
873 952
522 957
64 396
69 525
21 764
216 646
140 183
181 532
263 940
83 629
466 723
4 442
246 307
686 891
759 983
405 900
739 989
187 756
839 944
794 900
298 796
362 491
519 842
460 537
648 977
104 116
84 756
127 774
316 322
417 677
792 953
27 545
186 813
48 117
380 808
214 504
553 675
429 436
442 778
273 510
265 575
305 388
317 382
208 445
220 891
940 975
553 733
620 781
269 964
142 459
528 643
51 909
259 715
67 418
244 295
637 928
14 221
320 441
513 707
56 859
258 563
179 893
23 851
382 661
413 942
2 12
595 947
791 939
381 588
508 580
634 829
39 886
527 679
57 59
333 509
574 749
296 456
101 809
315 981
82 762
67 791
231 625
42 674
594 957
110 727
331 995
816 987
403 605
47 219
122 130
126 483
42 518
840 863
425 740
15 611
175 375
464 487
34 194
77 216
233 802
180 452
177 649
300 702
694 902
278 597
452 463
592 608
817 921
386 502
227 473
215 714
443 896
835 996
409 482
222 658
453 662
373 854
609 769
430 645
423 647
643 690
218 672
662 897
303 857
357 820
70 775
590 932
845 956
305 823
78 572
212 599
709 948
286 526
10 837
33 797
9 71
111 672
687 879
260 902
68 876
912 962
247 350
26 35
230 969
182 486
558 584
73 728
677 841
353 976
145 606
652 979
231 293
654 703
427 763
274 651
190 710
805 931
137 776
81 984
806 998
233 824
92 288
432 842
501 724
365 696
591 729
139 579
709 945
796 970
39 434
107 163
90 485
237 567
936 961
225 551
560 602
260 772
393 938
162 744
695 854
378 578
63 524
88 481
812 866
114 604
209 520
388 820
156 986
37 195
359 547
178 635
395 642
19 36
265 734
736 905
403 465
49 363
243 794
112 878
76 656
108 934
607 656
223 642
421 792
414 935
314 471
180 585
868 870
96 814
75 997
228 944
66 790
153 907
525 593
490 531
245 667
157 800
357 605
24 226
607 824
129 451
424 871
87 534
140 380
232 798
234 275
386 905
524 992
151 252
878 956
457 598
107 685
298 495
383 834
364 417
31 148
348 486
22 849
3 413
293 750
214 291
269 992
579 743
589 735
29 384
398 480
6 985
259 926
729 866
194 997
299 638
191 930
716 883
511 779
567 874
664 720
40 761
574 814
155 839
432 874
281 314
651 973
394 582
892 933
85 168
347 433
453 965
297 801
416 996
135 253
169 974
554 636
238 345
143 475
287 589
172 235
665 754
336 919
225 757
438 675
371 760
638 726
819 951
283 692
316 440
40 653
49 240
862 919
558 880
56 267
807 861
780 855
15 592
400 626
84 95
10 876
154 271
272 906
270 885
66 644
167 983
795 907
834 887
72 96
229 683
370 492
196 565
338 441
195 516
41 678
128 740
599 969
374 653
855 961
550 559
13 746
25 73
193 742
389 811
621 737
446 917
383 488
170 982
290 974
615 901
114 560
659 910
591 731
45 189
83 787
308 444
624 811
113 197
538 840
461 790
536 888
230 827
276 437
296 513
1 457
207 848
103 174
72 773
377 554
297 633
11 274
239 539
879 994
167 394
322 529
376 815
201 410
150 768
420 566
793 988
399 688
74 691
76 789
407 954
420 698
569 955
342 800
251 985
77 256
256 836
434 663
710 724
475 976
149 719
395 977
471 625
124 151
793 801
181 587
330 852
594 856
463 704
202 552
270 689
600 813
722 884
476 490
730 875
234 679
16 895
712 958
904 945
135 540
313 419
52 356
454 984
514 783
164 735
387 613
62 873
540 895
531 690
331 427
240 565
219 573
576 701
276 980
17 30
312 633
258 752
622 908
385 517
372 433
818 887
120 972
154 337
110 376
54 802
345 447
768 942
186 832
205 335
55 971
535 948
718 722
102 561
555 745
358 952
609 758
266 989
170 967
161 406
619 832
7 705
268 927
734 798
307 911
392 515
352 590
159 378
458 701
226 423
521 766
569 939
358 844
319 738
469 972
81 770
349 391
7 210
244 366
53 682
2 530
116 210
191 498
539 552
119 238
616 664
121 211
143 206
325 381
221 771
0 543
661 916
20 636
308 593
223 632
336 935
523 884
41 187
294 871
644 968
390 889
324 721
318 775
646 732
97 831
149 666
245 747
264 354
160 867
304 725
285 943
162 586
146 612
198 500
650 700
587 930
543 937
51 785
921 963
142 203
405 640
122 137
655 673
121 838
171 700
160 545
781 885
246 451
561 828
415 668
94 603
38 583
71 833
0 933
11 959
505 937
340 367
580 741
169 544
470 550
183 635
86 103
9 102
128 831
204 242
365 504
949 964
218 631
329 648
254 776
161 904
527 797
100 401
282 431
37 252
581 929
570 973
366 780
302 999
505 753
6 612
783 826
691 785
130 482
80 941
138 152
542 626
520 702
17 481
264 705
445 938
676 914
334 943
361 809
178 303
536 738
397 850
706 784
134 497
571 841
118 532
70 896
109 898
409 717
318 991
284 743
622 955
627 979
468 669
478 723
20 57
1 851
611 829
60 924
447 990
880 999
115 461
332 613
93 281
872 978
479 732
825 901
596 696
324 374
468 995
472 929
69 315
109 616
12 416
728 950
255 295
173 467
165 968
193 502
439 830
52 716
249 517
364 850
29 267
342 687
321 721
106 501
407 913
488 765
257 877
863 881
627 846
173 764
511 534
473 980
678 993
68 483
99 810
239 655
104 196
177 266
98 941
477 784
371 778
479 669
476 632
864 889
289 350
232 326
24 564
288 555
156 311
129 652
36 892
59 760
53 507
454 908
610 713
665 858
370 899
248 949
63 882
496 703
631 670
18 918
290 415
152 257
236 922
99 647
188 684
328 657
548 551
155 321
153 946
132 846
748 881
337 470
292 911
147 400
355 411
570 975
503 932
466 755
521 657
568 978
623 823
197 478
50 124
344 659
786 914
697 825
325 598
782 917
166 494
507 572
278 389
753 815
224 429
557 865
346 883
86 689
533 869
150 489
8 44
291 379
361 368
559 853
398 981
697 950
663 836
499 618
340 816
408 621
818 960
375 923
14 399
136 139
428 706
220 708
28 209
145 455
164 865
74 472
289 487
61 847
372 688
147 424
603 752
241 858
549 683
623 667
198 367
163 595
435 736
430 493
247 731
79 650
458 654
65 637
870 890
32 537
727 931
773 849
4 58
90 369
512 990
45 495
185 640
604 927
362 443
355 428
204 369
91 118
261 582
22 586
133 676
292 893
699 861
47 888
62 341
46 212
765 822
757 875
30 412
133 807
117 425
189 903
262 309
418 916
123 788
132 171
213 547
448 988
19 596
120 803
5 745
526 639
251 763
146 385
533 594
462 762
80 808
810 994
98 175
699 966
408 827
222 304
670 751
38 157
494 959
94 741
18 506
910 915
477 779
23 127
615 886
514 993
698 857
268 338
754 771
241 496
217 680
119 396
8 556
462 859
516 982
229 693
755 770
448 649
346 912
319 788
302 493
530 668
617 828
343 608
192 610
474 694
3 341
497 898
725 759
422 684
426 681
522 962
333 356
597 860
166 922
464 730
279 354
262 998
174 882
31 459
54 624
192 872
176 614
287 909
125 575
606 868
410 541
201 412
93 272
26 844
141 203
32 138
363 717
666 782
89 693
541 758
313 392
82 250
329 894
546 986
426 704
108 671
35 200
79 207
280 681
168 300
469 838
720 812
327 506
474 864
799 862
301 789
34 335
343 542
46 751
411 915
601 920
737 970
89 563
101 903
123 772
95 327
43 641
75 242
499 719
629 658
390 718
85 965
43 353
819 899
202 918
182 406
159 562
243 368
141 286
88 619
50 285
393 924
78 877
275 449
236 936
306 848
673 804
237 830
492 557
55 966
25 713
391 746
279 837
13 255
312 544
16 890
726 744
347 641
523 767
131 584
484 803
446 777
190 787
254 515
179 630
176 332
438 467
747 748
105 334
294 360
48 847
660 987
323 440
328 465
310 711
435 518
165 444
148 577
44 711
248 766
284 480
58 573
617 897
351 568
91 349
60 134
87 630
249 437
360 509
271 707
21 767
339 906
708 750
583 835
373 843
436 485
326 404
548 869
456 833
301 674
280 926
65 685
529 546
27 263
602 715
585 680
144 450
224 967
821 951
414 913
131 600
401 804
277 510
106 439
692 769
660 714
277 928
352 588
282 634
113 742
61 786
562 739
213 960
351 455
172 404
845 852
581 671
421 489
283 535
200 958
519 639
821 946
431 991
538 576
205 491
97 309
211 860
422 556
359 508
925 954
925 963
695 749
184 890
115 578
311 867
215 947
33 805
498 822
206 310
136 217
105 795
261 923
920 971
339 571
564 817
111 273
402 774
125 299
228 500
306 460
28 379
126 712
