0
1000
777 836
549 782
88 797
306 656
521 839
198 814
163 904
552 597
459 955
687 771
406 898
711 835
442 555
505 768
13 461
89 433
72 445
537 747
619 656
546 723
91 379
93 325
569 823
245 512
89 887
24 597
152 694
72 432
311 861
186 425
89 854
482 906
5 404
260 633
424 729
627 983
19 76
375 494
541 626
203 795
718 993
190 944
175 731
87 491
522 765
118 308
220 864
120 472
48 527
378 937
934 951
569 977
269 329
616 938
36 907
853 938
581 846
152 602
20 791
148 395
566 633
654 752
262 912
133 192
64 638
44 834
463 956
608 616
216 829
498 767
311 894
363 941
262 946
883 932
302 861
40 994
83 586
811 928
574 697
629 908
199 234
38 996
289 295
268 820
614 847
705 813
472 943
664 932
273 651
145 293
47 245
502 649
478 999
216 372
307 876
182 223
735 940
40 537
549 837
555 755
390 459
291 321
55 580
287 796
723 851
585 623
385 707
503 744
785 825
345 730
87 258
262 466
48 233
15 620
281 296
301 732
198 616
129 218
343 476
745 965
60 350
172 893
218 626
532 855
247 797
374 434
93 734
936 966
123 492
50 246
547 841
409 489
559 652
229 558
414 582
673 769
265 762
152 950
429 991
512 549
670 857
582 963
451 550
488 871
170 392
154 155
222 720
183 890
330 696
608 681
64 81
348 605
408 981
395 599
945 989
874 983
334 411
305 470
320 903
96 184
265 422
217 484
256 846
566 736
609 698
27 86
3 208
719 776
249 856
417 761
16 357
239 481
718 914
155 861
168 330
578 759
489 503
780 956
475 772
33 153
370 406
37 508
848 860
95 770
456 879
718 727
241 242
210 737
787 910
355 911
220 740
973 992
161 258
948 968
242 430
633 917
718 741
728 897
0 93
120 177
402 732
11 168
324 803
645 840
730 791
6 781
84 260
608 713
24 665
144 847
547 853
34 676
377 539
125 316
168 388
427 542
140 382
411 521
249 271
183 725
196 213
32 229
939 962
280 367
116 542
207 757
136 991
236 847
221 306
204 659
225 267
317 920
171 681
63 516
865 869
291 429
358 652
250 255
364 901
431 546
352 691
113 193
504 612
97 486
604 664
38 404
333 535
595 716
344 396
20 833
151 801
636 821
710 932
304 326
452 530
40 166
831 997
323 699
682 925
699 827
264 802
469 758
483 837
346 667
1 580
319 471
751 786
746 782
292 606
283 768
215 770
209 946
833 999
243 877
268 642
671 770
385 969
587 967
476 984
497 684
151 906
162 500
71 81
317 347
16 583
276 791
47 533
677 958
750 912
11 671
26 715
651 881
331 341
238 792
360 931
372 421
251 360
514 955
11 191
235 278
45 566
31 408
460 495
584 805
57 507
9 793
734 783
167 323
649 836
52 359
268 846
560 734
115 464
901 980
108 440
503 800
701 824
363 561
760 778
189 889
81 976
110 834
488 605
226 941
113 387
574 734
63 822
557 876
47 819
4 849
272 304
545 894
503 590
37 547
104 424
35 636
555 740
342 661
471 730
117 683
29 837
376 704
228 824
427 598
400 648
764 799
364 716
105 512
594 619
136 318
323 575
277 888
97 704
655 681
49 507
66 816
358 684
84 714
210 941
72 630
355 625
321 985
301 804
786 796
15 542
17 180
350 670
238 612
523 593
410 836
207 269
273 339
126 272
151 521
76 593
279 530
102 499
320 993
112 456
531 974
320 335
73 146
88 176
261 932
754 838
329 573
241 793
172 671
134 510
244 700
2 550
645 818
90 903
9 723
216 824
633 922
231 389
722 942
480 739
260 772
100 928
178 878
13 633
506 736
149 223
140 384
248 720
240 914
351 674
223 229
72 928
750 967
278 760
801 907
557 791
488 972
538 935
85 462
241 695
5 766
313 373
56 894
53 480
273 929
549 610
550 933
290 659
181 483
630 933
96 160
528 808
98 660
331 848
428 443
290 353
77 972
347 992
2 119
935 960
394 547
693 838
349 801
274 954
362 858
207 524
587 826
221 501
146 248
454 792
564 770
8 370
124 350
726 877
423 988
480 872
675 909
601 880
816 985
477 959
34 553
149 607
792 882
613 931
487 559
154 998
284 928
832 934
450 775
593 974
250 945
13 467
2 650
442 849
272 775
193 923
49 298
441 477
54 740
288 576
265 922
270 903
393 703
155 446
96 520
903 915
122 703
443 672
395 776
413 414
626 951
333 410
117 588
436 973
229 540
786 918
19 536
20 567
80 160
73 360
141 172
651 661
365 751
377 798
434 803
653 825
346 488
156 832
708 748
94 426
99 617
104 875
130 165
381 881
99 322
537 889
161 707
210 365
289 987
415 609
637 967
428 687
419 714
312 574
909 939
350 733
262 784
18 398
350 534
212 540
18 945
138 331
400 896
238 672
185 798
14 39
70 732
269 544
185 486
721 766
502 702
157 242
270 921
522 742
170 926
205 845
195 975
134 266
633 743
416 790
148 679
748 794
710 880
615 710
79 836
284 892
243 969
112 914
233 658
103 774
455 460
271 517
747 825
309 367
638 647
194 501
106 246
570 603
291 435
388 405
127 261
183 862
929 979
364 891
622 628
101 294
286 600
643 894
206 453
87 257
133 380
282 418
274 843
250 899
69 883
285 828
7 678
479 755
164 223
387 512
104 780
363 886
218 253
185 870
332 650
221 753
127 507
15 204
756 897
149 185
711 946
438 824
302 484
929 952
181 500
230 902
43 779
78 206
603 659
199 767
184 530
448 881
374 884
210 787
515 586
165 485
408 822
23 857
611 759
447 776
579 598
336 552
460 749
522 752
259 444
513 888
396 677
773 844
117 369
945 987
139 908
242 817
381 591
375 387
59 717
183 382
183 196
654 690
936 946
519 614
493 725
30 970
800 948
181 572
40 384
548 959
812 964
114 911
208 681
475 577
10 317
188 921
134 549
105 200
264 268
235 275
2 957
257 337
554 822
774 823
738 788
573 592
6 760
508 586
126 383
165 491
356 556
131 780
341 971
828 906
5 924
318 847
472 515
463 717
300 497
22 692
474 869
42 300
453 956
241 437
314 826
355 425
442 957
94 897
58 543
670 906
98 282
44 506
435 657
646 919
401 977
819 831
326 386
119 913
669 885
515 983
123 311
254 985
794 856
517 631
17 949
644 646
125 559
309 449
111 328
632 983
178 688
335 469
518 684
157 246
465 576
114 378
398 761
126 391
256 968
293 983
389 403
178 929
724 990
159 395
581 753
526 968
596 662
327 461
27 685
14 322
237 324
40 135
283 816
473 474
516 793
46 801
256 689
269 968
104 971
621 735
170 848
845 867
871 905
613 621
7 347
68 734
112 288
179 668
21 113
686 894
638 772
173 451
132 362
315 476
502 978
153 569
83 326
61 857
900 986
22 472
187 836
756 780
55 799
126 396
614 680
446 804
688 738
560 779
143 735
585 688
175 752
51 919
5 538
259 473
436 709
509 732
609 832
413 798
202 362
600 657
434 468
98 237
790 959
371 851
424 807
47 133
86 672
214 586
224 579
92 178
219 540
786 859
285 810
22 565
448 842
820 891
465 959
201 775
645 811
116 490
34 42
453 562
139 866
644 688
308 873
25 427
30 108
410 665
199 974
282 527
297 830
24 599
635 660
231 776
263 900
663 746
421 869
413 902
118 615
706 723
472 743
146 958
681 867
92 854
53 75
261 942
622 962
400 595
644 944
611 937
366 828
430 586
16 279
877 949
47 74
137 369
858 902
327 809
365 837
596 803
150 583
67 487
617 823
481 880
117 507
640 773
460 899
225 354
247 616
59 89
518 639
397 943
44 303
175 368
208 367
232 355
210 863
252 464
111 406
107 125
518 771
530 682
208 225
174 957
693 847
181 589
158 904
420 827
97 916
500 938
599 673
197 857
585 872
543 893
309 885
536 556
761 935
576 724
500 641
161 195
52 142
211 710
674 930
82 685
102 740
28 204
451 624
232 361
495 950
202 712
128 403
284 437
496 632
91 506
316 330
123 357
763 876
794 982
571 728
52 940
299 506
99 417
631 909
97 927
231 995
181 553
338 945
108 417
269 335
936 999
574 888
718 806
355 745
109 606
911 986
243 364
234 789
74 895
12 876
164 953
457 590
331 981
337 868
41 335
133 462
649 705
609 995
460 622
139 812
356 747
426 666
225 352
244 637
37 799
674 796
551 723
302 961
407 941
275 362
460 808
667 850
179 797
297 672
254 315
521 896
769 798
65 570
477 738
232 843
596 986
163 636
390 808
260 473
169 783
243 715
313 321
104 323
618 750
449 991
169 906
511 513
147 668
863 947
121 672
295 310
568 822
21 530
29 795
286 988
13 340
276 563
776 852
556 584
750 938
239 487
296 796
314 866
532 753
62 169
877 970
305 527
603 799
294 348
458 757
22 905
529 755
213 512
111 479
7 227
128 412
464 692
399 498
744 815
525 688
634 891
282 902
292 402
122 886
237 255
243 439
35 488
317 557
527 654
640 696
