0
1000
144 222
887 904
361 647
343 679
714 958
240 763
31 399
155 978
431 666
253 775
14 964
304 355
751 778
677 714
400 641
378 970
141 520
8 628
446 667
690 733
81 812
682 971
121 589
590 996
384 860
780 967
171 324
243 252
109 375
18 928
834 841
240 527
381 441
368 509
631 909
144 370
95 765
2 327
32 372
235 725
871 876
45 802
78 363
199 402
511 633
412 781
96 179
209 605
175 861
167 552
761 818
53 679
377 831
60 223
164 423
380 929
518 583
282 356
513 930
75 379
146 670
148 497
222 516
99 421
122 776
281 582
16 947
815 952
442 692
132 390
558 588
560 810
367 808
644 807
70 853
427 520
268 270
555 896
287 658
522 717
322 645
15 743
4 783
823 898
36 657
690 957
18 313
428 496
569 848
44 236
595 656
949 953
136 709
441 821
357 433
840 918
215 859
21 698
511 925
37 187
117 493
525 535
540 750
312 816
267 466
12 825
476 708
284 660
648 992
320 645
166 803
370 510
171 189
502 753
277 431
303 551
779 858
504 801
415 883
756 955
194 485
96 560
266 335
100 354
43 156
326 941
455 687
489 821
7 609
674 795
26 480
323 827
276 384
24 856
190 559
416 813
305 820
469 941
57 234
56 387
313 969
824 890
333 617
76 719
588 923
567 762
118 434
568 993
435 659
56 635
319 373
486 582
360 495
443 531
301 321
149 786
38 790
292 798
907 935
777 942
191 661
48 891
223 517
195 278
213 237
72 730
250 737
14 991
228 724
462 881
28 266
90 608
16 986
184 620
52 716
649 722
526 604
555 719
148 704
571 742
403 988
364 601
746 945
549 713
224 554
170 262
683 894
267 964
168 828
819 911
826 829
138 896
88 145
261 449
162 899
58 247
269 971
769 914
264 933
598 998
43 256
215 965
106 420
28 748
155 921
366 503
422 737
284 507
87 448
460 852
183 331
153 529
5 767
52 244
259 875
116 695
142 585
133 503
1 924
539 885
306 409
767 808
586 757
632 749
120 888
516 822
50 201
729 882
650 664
499 501
207 500
338 769
450 764
484 540
285 594
590 678
86 217
446 860
613 954
281 848
265 786
55 857
258 715
200 884
203 675
130 854
353 754
450 915
564 656
642 867
752 976
264 794
501 731
256 693
330 796
228 300
122 993
468 492
251 950
729 927
505 754
205 939
866 982
73 269
278 912
225 576
296 962
595 703
103 343
302 687
508 694
412 427
530 751
133 341
68 519
419 931
298 876
9 37
552 785
629 977
362 886
460 512
98 804
239 712
565 883
172 959
202 741
700 831
188 614
587 967
373 673
345 492
466 802
972 994
186 502
65 137
818 907
83 980
550 991
161 738
255 596
481 580
382 584
814 877
612 938
691 958
530 922
421 444
634 710
474 538
302 620
249 615
220 836
46 478
757 772
185 211
0 199
29 861
179 736
684 716
274 694
39 905
361 787
1 46
340 468
180 190
146 196
225 533
286 908
409 567
515 768
280 893
92 799
352 395
11 35
10 102
445 475
438 490
220 718
354 668
218 819
574 592
183 496
151 439
59 219
118 186
193 420
797 829
45 161
111 811
6 79
29 499
78 586
8 206
902 940
85 103
617 817
61 859
259 545
81 328
104 192
114 509
591 963
323 365
277 579
25 797
467 982
22 649
79 407
374 667
106 669
882 946
93 921
476 494
299 633
26 425
30 64
800 906
573 944
95 158
473 642
570 974
119 210
154 799
311 664
13 508
314 485
39 221
74 765
574 684
176 770
211 413
114 864
193 296
320 899
344 365
868 932
747 927
304 447
350 957
768 929
375 683
561 948
195 270
104 329
652 657
169 563
86 629
94 454
168 727
151 701
25 985
178 524
550 792
383 507
459 563
685 839
273 902
561 738
562 865
110 966
805 984
187 367
392 932
337 488
347 992
471 745
197 903
4 254
107 181
89 934
356 723
348 407
142 301
347 793
189 231
680 749
160 589
410 471
747 866
340 548
532 855
34 698
40 472
451 726
27 980
791 975
93 434
10 131
111 500
493 801
663 846
163 662
543 783
674 725
141 165
400 432
357 408
280 788
459 473
156 764
612 975
282 989
0 807
273 297
307 928
600 623
341 541
371 775
238 897
22 346
15 47
53 748
869 900
150 353
230 385
847 881
66 650
517 814
363 952
840 922
184 488
425 688
308 904
318 403
293 479
137 696
457 760
34 274
835 987
391 995
97 346
112 204
214 372
33 257
534 734
423 828
200 671
696 735
521 892
201 263
800 823
660 774
71 130
627 863
528 652
31 254
703 973
721 979
849 942
789 895
342 910
101 988
615 717
237 447
796 870
216 889
458 965
519 546
624 776
68 603
432 885
557 880
311 893
630 640
27 879
123 824
64 112
497 731
570 913
386 792
424 536
418 513
653 934
135 386
484 939
204 995
67 720
292 439
300 463
105 324
11 760
321 766
285 538
127 901
585 837
149 605
562 795
271 844
229 873
271 905
782 856
689 834
75 288
54 669
308 728
209 351
177 453
109 863
535 576
286 392
235 771
263 587
167 973
704 968
63 482
154 210
651 686
518 701
69 440
389 528
663 931
336 804
632 806
833 915
65 740
41 289
352 359
449 597
251 559
108 430
404 960
376 706
556 735
172 950
443 579
19 479
919 947
610 784
243 630
498 959
926 999
233 422
279 472
164 233
322 744
688 976
212 914
315 676
77 438
654 672
478 998
226 847
686 843
143 474
368 868
194 978
318 951
169 531
551 918
132 741
456 917
705 746
558 614
638 761
84 542
84 416
689 827
306 733
62 196
445 812
429 935
129 720
326 983
390 759
378 680
453 461
261 598
395 581
121 360
35 681
115 123
129 275
63 956
165 647
91 124
622 785
411 437
424 906
580 979
537 651
77 636
33 851
307 349
526 627
202 216
72 76
830 961
398 569
136 609
227 250
371 482
21 181
51 219
940 945
50 862
135 743
342 646
673 880
229 440
448 543
455 791
621 909
38 813
230 920
32 745
80 810
159 408
69 116
249 956
174 510
246 639
158 913
147 335
198 820
152 571
227 290
566 655
336 773
355 787
417 726
74 851
699 911
393 452
262 948
599 756
257 593
288 985
695 753
465 996
602 846
303 546
102 244
470 779
798 837
143 925
120 388
309 875
744 811
575 889
675 901
487 637
924 990
157 634
855 999
583 849
599 635
115 869
405 878
470 933
101 176
566 872
655 826
399 624
305 641
13 417
85 953
794 862
138 604
47 659
188 208
437 734
708 843
428 553
91 715
622 842
248 788
648 758
41 772
523 547
283 653
19 126
134 867
805 987
606 678
454 564
70 339
429 944
643 916
140 451
319 755
157 693
853 955
328 514
486 581
436 781
71 224
60 241
316 700
17 197
619 750
248 930
173 575
152 391
380 962
48 464
728 923
369 832
117 692
387 463
119 258
139 173
542 705
475 972
415 865
107 832
527 894
7 702
401 572
205 713
206 314
364 789
458 793
491 845
577 658
82 711
841 970
778 790
413 809
487 532
544 983
182 272
191 602
310 838
295 377
401 489
125 842
917 951
406 723
58 631
469 888
214 396
128 556
99 825
334 946
295 514
541 963
877 997
105 255
82 192
522 766
709 711
435 960
291 467
397 937
626 666
42 160
185 418
62 312
616 625
369 774
291 490
603 816
44 232
89 817
162 784
480 986
226 523
553 613
402 685
430 739
125 260
406 444
529 682
611 732
628 916
815 954
87 926
23 845
389 839
815 854
289 376
100 139
596 782
504 874
349 534
332 722
462 691
681 736
20 661
293 383
213 329
90 351
217 857
67 830
127 170
414 806
662 707
260 833
242 858
59 253
549 968
40 665
317 886
350 481
334 967
113 533
182 239
221 974
670 873
639 912
426 730
98 864
345 919
317 739
113 410
272 879
236 990
276 727
379 626
309 601
393 697
461 512
536 936
3 835
128 809
2 887
23 265
297 844
110 247
208 981
92 780
348 578
252 672
565 969
203 333
245 544
61 665
17 242
545 607
338 608
294 908
310 330
66 374
573 637
506 597
577 777
385 755
838 871
283 884
49 163
524 592
42 331
758 989
55 337
83 966
394 706
625 870
325 623
30 707
166 327
456 822
405 740
198 246
145 268
124 702
671 770
177 465
147 238
339 618
57 732
332 836
494 611
180 606
126 537
36 584
452 898
591 773
88 325
54 108
232 290
287 668
381 891
298 646
131 344
362 961
878 937
850 900
676 892
3 358
600 610
134 852
159 245
174 539
724 874
275 636
525 578
477 505
5 994
426 742
234 850
396 721
175 477
212 677
9 506
358 981
366 483
49 977
419 483
207 398
150 548
491 498
382 997
433 697
414 949
644 699
557 594
394 762
97 803
404 903
359 464
593 984
457 638
640 718
397 521
621 643
279 294
616 943
20 654
572 890
6 910
241 710
554 936
140 619
24 218
73 388
759 938
231 315
771 920
51 94
299 895
12 411
80 547
763 943
618 712
495 607
436 442
153 897
178 872
