0
1000
182 849
89 380
354 789
111 159
457 864
468 915
8 128
249 381
186 265
108 570
288 519
56 363
494 860
713 959
584 808
743 863
232 802
251 674
48 861
848 902
271 381
700 842
16 464
370 508
424 578
793 982
409 956
57 522
755 948
361 888
9 855
524 589
204 529
95 801
644 648
214 764
676 836
319 823
136 146
412 723
166 339
76 753
1 874
93 596
369 476
27 571
1 915
229 758
220 346
33 432
567 954
235 961
272 724
28 952
58 79
785 908
121 282
741 840
561 782
368 384
350 403
518 692
396 464
472 604
129 811
168 796
435 597
552 694
272 345
246 365
641 671
509 714
416 956
176 647
173 653
353 752
189 192
311 654
414 746
378 845
506 614
119 687
145 236
270 479
513 718
603 786
442 838
150 592
481 797
348 669
583 723
31 256
394 806
109 668
243 908
177 818
442 837
304 844
19 591
573 916
594 613
591 782
483 623
147 499
158 258
231 234
100 469
247 880
24 256
17 29
448 870
482 672
97 850
113 242
357 436
254 844
833 912
338 534
37 305
598 778
83 753
458 895
56 316
335 879
845 889
423 795
343 603
358 717
415 900
550 747
536 794
245 630
490 907
481 487
933 955
144 902
680 870
399 689
543 582
11 866
126 765
156 850
25 27
483 898
32 308
208 666
288 916
165 536
59 166
398 756
15 329
544 682
42 818
280 430
433 721
257 992
771 834
563 997
52 797
278 558
157 863
421 583
714 855
34 155
88 542
460 779
50 781
102 892
638 910
118 197
72 156
119 606
90 372
462 704
7 473
542 898
626 678
895 964
290 474
80 114
373 934
255 501
188 237
769 812
184 484
71 162
263 594
712 936
198 448
438 853
411 572
262 428
699 764
527 707
82 816
77 369
588 629
130 877
317 941
729 794
5 926
71 539
150 715
74 939
919 970
393 565
657 831
788 812
14 60
380 613
72 852
55 854
82 919
390 951
375 711
342 569
309 835
9 283
31 399
377 576
679 885
627 820
661 716
825 875
207 519
417 504
140 214
446 974
462 552
537 823
36 344
724 758
126 176
370 878
163 996
296 333
35 239
633 727
62 950
449 658
541 768
429 675
95 524
632 939
602 733
430 685
640 642
385 466
22 143
342 786
225 943
592 677
115 849
373 826
757 947
699 883
60 339
201 301
489 807
523 806
94 503
332 693
231 258
736 887
175 999
142 607
99 974
466 544
123 606
532 688
868 938
475 658
712 945
18 537
277 331
20 680
240 664
376 717
216 275
113 615
149 155
371 500
558 929
619 762
192 787
160 572
38 193
259 928
555 928
53 228
639 670
131 645
170 261
217 827
394 471
127 990
309 745
854 973
245 561
291 725
206 755
294 665
41 788
287 726
307 913
625 883
355 935
153 754
328 989
347 737
622 703
548 982
125 312
68 779
545 839
599 713
530 704
547 611
138 495
47 846
230 828
69 927
484 729
751 921
117 220
324 875
243 577
551 946
182 833
230 922
131 515
98 388
6 194
112 529
584 930
398 662
375 909
143 326
13 421
213 978
402 458
715 993
830 873
106 110
600 799
364 808
171 274
97 756
252 308
162 463
197 535
413 859
87 408
298 671
874 963
295 903
34 628
681 691
478 673
760 925
320 356
196 640
400 685
573 972
767 837
43 239
125 179
209 516
492 930
7 740
173 191
350 841
183 998
563 710
449 543
41 209
139 791
958 975
118 489
101 739
689 950
159 382
527 626
577 739
657 744
195 973
10 90
62 351
312 564
227 961
422 666
161 995
8 474
233 832
535 692
698 964
871 913
493 553
348 979
112 992
50 750
183 251
87 340
283 513
567 877
470 988
453 599
190 871
280 564
337 623
292 439
244 341
587 835
135 450
497 568
17 738
775 899
61 834
218 547
141 822
566 933
44 284
164 190
3 154
784 997
134 924
29 303
475 867
686 984
205 389
701 965
4 824
740 876
425 587
382 447
327 454
507 969
360 799
248 749
275 300
202 881
395 880
501 777
38 957
64 396
114 304
488 743
621 827
14 980
502 525
266 636
345 981
781 944
514 792
434 820
303 402
749 857
734 986
405 744
397 911
226 325
181 615
110 663
378 439
593 801
894 931
494 952
467 791
223 263
384 765
148 438
109 215
517 588
492 767
51 904
83 860
443 748
99 172
690 700
548 719
385 732
772 847
23 237
496 605
710 999
641 718
172 677
419 426
485 878
406 610
323 480
347 696
829 843
78 443
284 332
352 972
215 725
322 688
63 651
289 976
596 679
826 829
96 202
510 882
386 496
196 957
6 25
324 776
105 533
695 969
893 896
531 580
48 491
130 903
152 374
81 668
297 675
117 896
337 891
329 867
225 730
40 901
383 924
734 766
359 994
30 631
45 327
44 426
441 937
253 618
207 580
708 825
432 447
148 161
377 831
528 593
39 302
242 538
300 611
608 646
16 103
61 336
208 662
620 650
229 306
433 678
286 321
265 557
185 810
311 637
358 463
362 549
376 609
651 839
65 400
405 813
36 120
133 783
428 817
121 911
147 722
654 990
730 804
180 493
785 838
168 250
285 579
490 495
286 420
819 858
47 648
298 533
180 884
199 884
554 962
26 727
315 630
271 954
299 676
54 595
696 981
238 944
661 697
145 241
653 995
505 562
752 968
444 526
334 616
233 770
349 565
379 518
455 774
365 824
310 665
101 137
521 732
409 681
478 810
88 890
586 879
264 720
96 716
146 281
295 334
129 576
511 649
866 985
631 742
179 387
141 268
341 984
191 686
201 977
92 550
212 574
869 914
53 934
512 667
247 392
270 437
32 364
585 722
461 624
457 500
392 865
315 540
440 761
292 803
40 111
389 735
217 356
178 586
66 163
404 635
137 906
595 698
360 897
91 987
585 798
488 610
186 709
497 616
523 757
171 498
473 659
187 759
106 353
86 390
647 963
12 70
314 391
404 983
49 819
185 807
77 660
37 98
188 862
198 905
702 985
70 410
352 940
627 959
325 800
813 955
76 778
240 705
575 672
371 888
367 800
3 422
45 102
459 890
222 769
282 590
629 967
218 763
538 932
138 465
253 674
809 976
246 515
79 414
73 655
93 472
367 709
164 388
67 216
361 514
316 949
446 960
511 899
10 862
259 859
26 134
549 790
687 988
274 745
379 917
471 528
255 397
84 419
427 892
401 440
821 851
516 554
560 776
726 889
211 470
142 223
262 355
559 893
210 228
174 604
728 991
445 966
650 847
205 486
331 663
57 310
747 846
12 526
318 948
15 507
195 945
21 124
107 465
359 968
0 693
313 546
775 953
177 418
579 938
78 625
772 897
326 751
167 635
43 323
28 479
224 512
222 482
431 612
149 318
75 589
413 601
206 701
362 667
89 733
269 401
281 451
520 774
250 861
227 746
789 921
313 735
46 122
340 759
132 456
574 731
221 491
748 816
445 634
75 477
49 634
425 787
673 798
738 929
59 363
30 780
452 508
165 531
170 762
68 158
267 720
598 986
249 294
444 886
319 780
568 848
4 302
297 374
169 843
305 612
504 754
424 652
830 980
74 441
65 412
52 639
555 790
669 942
387 853
289 868
22 54
241 407
94 279
761 991
801 994
525 842
200 851
33 287
92 811
85 703
299 815
42 922
266 431
136 395
460 960
357 660
178 886
777 906
876 949
487 707
372 407
873 904
232 556
410 656
427 622
63 219
942 971
124 802
285 330
226 646
540 793
167 351
151 784
116 958
35 322
338 656
107 901
773 858
391 435
328 416
80 766
317 562
152 556
213 910
570 590
437 993
291 314
702 869
408 885
153 224
553 965
506 649
814 856
894 953
920 925
633 940
450 832
279 923
221 236
293 926
23 135
39 882
276 486
67 971
103 252
211 907
123 609
551 943
5 476
932 975
480 642
920 962
706 909
100 828
273 618
624 721
307 840
393 792
66 260
966 987
51 344
81 645
617 937
652 771
184 917
277 560
336 581
301 456
175 643
84 116
429 632
181 887
210 900
411 690
638 695
73 559
151 741
534 608
434 977
69 970
212 951
290 520
459 983
199 453
582 742
330 989
296 795
736 822
120 637
418 857
260 403
485 821
321 936
85 912
682 691
815 881
614 814
133 571
86 193
2 19
636 804
602 935
278 856
128 683
436 941
349 600
386 659
140 510
366 532
189 979
578 923
750 817
11 809
333 509
104 760
20 705
254 731
115 664
219 546
97 244
269 454
335 836
417 530
104 967
763 805
157 234
423 770
13 144
64 169
268 927
420 914
737 946
235 320
803 891
619 872
273 684
122 276
505 768
105 517
566 620
160 368
575 841
18 477
127 248
267 343
238 996
58 918
522 670
203 452
132 200
21 451
719 998
684 708
261 805
539 601
108 931
706 978
203 468
139 947
24 174
187 643
502 655
865 895
467 872
91 905
194 383
257 455
597 694
366 545
605 683
607 628
0 354
711 773
499 521
154 783
293 406
346 415
569 581
557 918
204 503
796 864
469 541
617 621
55 697
2 306
264 728
