0
1000
621 963
6 672
171 852
261 358
56 594
329 963
303 852
271 963
79 963
250 779
240 637
883 963
139 963
414 963
444 963
447 723
182 771
21 963
177 963
81 852
6 480
334 697
773 779
382 697
650 771
188 240
49 963
6 614
233 272
666 963
6 855
591 963
1 996
157 240
555 723
438 963
857 963
267 721
110 697
29 963
276 963
779 963
697 928
267 963
467 723
18 963
6 468
632 963
274 460
682 963
951 963
898 963
514 697
376 723
371 963
858 963
723 806
121 963
723 955
200 963
241 267
246 963
963 985
697 880
903 963
627 963
732 788
144 963
460 524
610 963
227 963
697 879
11 622
553 963
771 829
6 281
956 963
240 375
586 963
20 963
460 683
316 963
112 546
340 852
596 762
360 963
697 700
931 963
101 963
530 963
755 963
409 460
507 963
785 963
798 963
240 915
6 794
204 963
421 963
418 460
904 996
945 963
706 963
845 963
460 856
460 573
209 732
124 963
31 750
548 591
893 963
248 963
839 963
963 998
929 963
482 963
149 697
348 963
527 963
296 779
6 169
665 753
369 963
925 963
540 963
417 963
74 852
385 697
277 963
240 818
261 906
38 963
568 779
181 963
6 301
509 963
6 916
6 804
563 857
593 963
933 963
642 852
877 963
551 779
534 963
937 963
203 852
792 963
460 554
703 963
535 963
523 963
693 771
229 697
850 852
460 963
564 963
454 963
267 670
886 996
963 965
603 963
862 963
578 963
963 989
108 963
727 963
799 963
684 963
337 963
347 963
106 963
261 881
589 852
86 963
526 963
378 963
253 697
505 697
742 963
411 594
351 963
723 963
61 697
130 261
466 963
436 963
460 736
667 963
630 963
768 963
305 963
587 753
618 963
104 963
687 963
364 779
122 963
539 779
926 963
384 460
160 963
45 963
80 272
876 963
309 963
6 398
918 963
213 852
158 963
365 852
357 963
6 34
426 506
452 963
694 963
185 240
649 963
743 963
896 963
542 963
41 963
646 732
751 996
317 963
518 963
4 963
579 963
272 963
572 779
498 963
604 963
377 963
847 963
723 812
428 963
89 963
442 963
238 963
82 963
607 963
756 963
6 950
165 963
119 460
714 753
290 963
531 697
511 963
98 963
697 993
282 963
594 885
163 697
54 963
150 240
628 963
67 963
558 963
512 732
753 803
460 689
752 963
128 771
496 963
691 963
412 963
474 963
195 963
338 697
6 606
293 919
697 912
10 963
595 963
205 963
240 655
697 963
245 963
648 963
168 963
779 859
6 391
73 963
575 778
27 963
6 543
651 963
322 963
492 769
292 963
28 753
729 963
602 852
240 819
460 730
697 767
6 611
175 963
299 779
434 771
94 308
31 59
173 460
753 963
948 963
304 996
824 963
345 963
725 963
832 963
258 963
405 963
905 963
656 963
6 939
261 536
769 975
147 963
284 697
116 240
6 990
273 963
907 963
601 963
31 62
3 272
652 963
300 963
562 779
272 617
408 697
75 963
6 422
356 779
464 963
852 888
219 963
836 963
92 963
6 451
33 963
6 724
114 963
216 594
783 963
265 963
583 963
294 963
460 472
324 963
659 686
240 974
437 779
960 963
692 963
711 963
326 460
834 963
697 958
6 946
189 963
732 810
210 963
544 838
261 559
313 963
781 963
556 732
865 963
206 963
697 805
287 963
609 963
795 963
732 963
825 919
25 963
900 963
240 961
261 325
779 922
252 769
196 963
868 963
22 963
187 963
191 963
719 732
155 963
44 659
697 762
6 537
776 963
9 963
51 996
510 779
934 963
560 963
354 963
256 963
327 963
151 963
88 697
446 963
708 963
460 902
99 963
167 963
6 302
940 963
461 963
816 919
848 963
93 852
112 887
132 963
552 697
575 963
57 779
616 963
963 992
240 712
142 963
851 963
172 963
211 963
874 963
419 963
392 963
746 963
43 779
475 963
458 963
723 936
739 753
963 972
688 963
460 831
69 963
17 963
634 697
943 963
870 963
440 963
126 963
528 919
869 963
261 938
744 963
6 407
784 963
202 769
697 734
380 963
6 361
460 502
491 963
565 963
429 996
963 978
770 963
240 669
111 460
263 732
852 970
590 963
853 963
449 963
12 963
842 963
30 697
84 769
676 963
758 919
697 780
6 231
633 697
681 852
807 857
166 963
697 823
963 967
430 732
77 963
884 963
431 963
901 963
137 963
891 963
239 963
372 963
728 963
707 963
668 697
260 963
6 257
319 697
129 659
659 921
460 695
653 963
680 963
629 963
782 963
314 852
164 779
315 963
760 963
272 427
268 963
910 963
963 969
261 980
599 963
78 732
793 963
709 963
445 753
269 852
373 963
547 996
36 963
460 813
389 963
240 494
275 963
272 362
230 963
397 963
677 771
426 963
697 704
705 963
871 963
737 852
849 963
504 732
920 963
550 963
31 662
697 864
386 963
861 963
117 460
817 963
244 963
815 963
740 963
423 963
156 963
342 771
343 697
90 963
39 963
460 761
765 963
387 963
218 963
270 963
822 963
857 895
635 963
460 899
127 963
406 697
476 963
272 469
520 963
388 963
133 963
413 591
96 963
255 771
657 963
571 963
23 697
460 640
786 963
802 963
675 963
594 986
355 963
285 963
462 852
443 963
184 779
659 963
953 963
716 963
6 192
835 963
298 591
97 732
435 852
179 963
732 772
6 735
432 963
6 897
374 963
944 963
183 261
6 566
460 908
830 919
702 963
223 963
42 963
94 854
353 591
685 963
261 499
941 963
963 995
698 963
529 963
733 963
545 963
403 779
46 963
16 963
6 699
697 710
448 963
272 763
146 963
31 50
645 963
102 963
32 697
726 769
6 497
852 957
963 979
678 963
963 994
460 952
240 307
154 963
207 240
840 963
6 76
197 963
31 65
228 963
6 598
170 697
613 697
112 404
261 797
159 426
393 460
561 697
6 68
615 963
503 963
697 962
58 460
479 963
873 963
240 312
582 963
594 963
272 987
261 330
103 697
174 963
237 697
731 963
860 996
963 968
715 779
415 963
240 456
513 963
764 963
261 697
112 123
567 591
493 963
644 963
363 963
827 963
240 592
94 647
331 594
235 261
697 771
295 963
963 988
963 996
800 963
352 769
280 963
291 963
459 963
318 963
112 963
292 341
240 671
323 963
198 261
394 963
722 919
321 963
279 963
490 852
266 963
264 460
286 779
639 963
251 963
485 963
6 664
212 697
867 963
909 963
8 460
697 919
501 659
608 963
808 963
769 809
927 963
288 963
588 697
47 460
471 753
963 999
663 771
26 94
963 977
820 963
838 963
66 963
91 963
923 963
402 963
217 594
963 984
576 963
441 963
136 732
465 594
6 278
143 697
890 963
453 963
791 963
247 426
478 963
605 963
297 963
395 963
267 549
368 852
697 932
85 697
597 963
954 963
6 787
495 963
720 963
201 697
917 963
863 963
771 935
846 963
463 963
141 460
433 697
713 779
963 991
145 852
930 963
580 963
310 732
911 963
424 963
661 732
306 963
947 963
186 281
515 963
732 766
457 963
519 963
612 963
87 963
383 963
425 723
72 240
517 963
439 963
624 963
262 697
31 516
367 697
118 697
243 963
488 963
335 963
6 178
658 697
105 963
569 963
148 963
574 963
826 963
208 460
483 753
94 963
623 963
963 976
11 381
6 215
115 963
7 963
420 963
481 963
0 460
814 963
779 841
914 963
24 460
570 769
747 769
112 844
696 697
557 963
15 240
370 852
125 963
963 982
113 963
55 963
339 963
889 963
533 963
400 697
359 697
37 963
638 963
6 754
973 996
6 416
594 674
240 328
697 789
673 963
64 963
6 741
11 963
232 963
225 963
161 963
344 963
641 963
153 963
487 963
70 963
718 963
261 801
426 790
53 963
48 963
796 963
63 963
52 963
522 732
221 272
643 963
83 594
486 697
701 963
636 963
289 963
112 396
963 983
866 963
450 963
777 963
460 942
460 843
259 963
774 963
6 631
919 966
193 963
484 963
283 919
333 963
6 473
138 852
679 963
769 963
460 625
697 872
107 697
753 811
140 996
224 963
261 620
120 753
532 852
401 963
100 963
379 963
311 963
13 769
525 697
35 963
135 852
6 95
346 963
852 959
134 963
234 240
455 963
240 821
220 240
585 732
660 963
152 963
697 971
71 753
272 577
477 963
723 949
240 963
470 963
500 963
828 963
837 963
131 697
242 963
745 963
336 771
349 723
6 19
194 697
538 852
654 857
508 857
521 963
236 963
489 697
757 769
399 963
600 963
690 963
541 963
963 997
6 878
190 240
332 460
60 963
249 779
6 963
775 857
591 882
852 963
214 963
109 594
738 963
697 964
779 924
390 963
894 963
460 626
40 996
162 963
226 963
619 963
366 838
717 919
176 963
199 963
31 963
14 963
749 963
2 697
913 963
5 771
875 963
350 919
748 779
180 240
240 892
410 963
833 963
581 963
584 963
759 779
963 981
320 963
222 852
254 963
