0
1000
256 609
318 609
361 731
82 903
488 501
3 518
214 352
849 934
900 999
410 849
499 799
361 401
660 700
527 753
501 797
31 501
501 570
501 618
609 774
660 967
632 849
152 165
214 886
432 810
214 908
501 678
165 456
128 799
230 753
165 413
165 823
415 501
165 858
205 351
374 905
463 704
511 943
165 422
552 753
8 501
165 921
338 999
609 981
448 501
214 395
40 657
439 657
501 745
566 999
94 660
501 802
41 735
63 753
98 631
165 168
165 826
501 610
184 609
538 660
849 996
317 799
501 951
501 664
502 799
463 601
501 631
491 501
501 799
165 263
49 165
824 943
3 819
291 501
388 799
541 609
165 455
153 799
474 660
205 926
308 799
165 837
165 914
170 849
411 501
321 849
190 501
463 979
501 880
82 189
82 942
82 800
123 205
436 609
53 214
205 276
12 453
59 501
0 660
723 799
249 501
501 898
581 609
520 799
361 863
228 836
525 526
297 799
711 799
501 533
525 689
181 427
165 987
78 501
147 361
361 391
501 649
609 907
60 609
19 753
451 849
214 990
576 631
501 821
501 947
604 799
501 669
219 501
501 507
499 708
165 662
107 753
825 936
252 799
592 799
325 799
312 501
194 609
810 982
660 840
5 799
889 904
331 501
382 525
129 361
26 810
531 999
246 501
324 999
248 501
261 657
501 572
214 969
310 660
205 281
199 999
356 361
250 525
475 799
398 799
165 591
501 692
501 810
82 303
18 501
315 799
245 660
362 501
762 999
209 670
23 205
691 906
165 617
523 660
205 510
156 501
205 899
290 471
165 661
810 918
501 513
90 525
501 580
464 887
99 501
3 716
165 202
61 501
242 936
346 660
165 593
609 902
799 865
57 507
590 660
501 768
286 799
501 778
799 854
3 120
660 717
229 501
165 434
366 999
501 756
163 165
769 849
126 501
214 359
165 482
205 621
240 501
67 205
165 694
504 799
849 949
182 849
309 999
609 870
501 862
501 849
25 999
799 807
431 799
319 799
165 268
105 999
609 960
52 165
741 999
586 660
104 625
341 660
671 849
369 849
165 941
344 501
115 501
376 501
501 803
799 808
361 726
214 699
3 274
193 660
469 501
235 501
581 946
136 581
181 270
799 891
48 799
521 799
480 609
501 757
525 612
165 220
165 383
257 660
221 501
654 738
214 643
326 799
375 609
793 905
72 849
799 974
175 501
462 799
167 501
213 799
701 799
118 146
165 848
165 364
501 630
834 999
609 693
501 777
705 999
197 657
396 999
501 889
426 799
158 361
501 650
164 165
323 463
141 361
370 776
284 501
607 999
7 501
118 801
581 605
328 660
84 849
361 435
405 799
165 882
501 959
165 501
332 660
4 375
789 889
501 878
634 753
660 686
165 486
660 857
165 988
477 501
237 799
548 943
752 799
54 870
42 165
753 782
228 893
370 849
619 810
501 945
378 660
501 725
118 440
112 501
165 640
70 165
266 463
501 710
414 810
501 897
524 609
50 165
799 968
181 794
660 917
609 665
118 227
165 420
501 805
501 864
296 799
82 812
849 952
553 849
91 657
39 660
463 964
108 501
186 999
37 165
165 749
370 828
379 609
501 798
542 799
97 361
205 989
76 799
489 501
205 222
218 943
150 165
106 657
501 983
47 753
30 753
691 739
116 631
165 345
478 849
3 458
361 687
41 501
660 909
203 361
461 501
204 609
501 561
258 361
171 810
501 966
82 780
283 501
392 501
165 343
660 722
799 843
42 997
389 799
517 889
373 453
165 525
445 849
96 799
228 501
501 667
181 278
569 849
165 277
371 657
732 924
205 466
44 849
125 799
737 799
718 943
295 501
501 953
849 986
113 205
205 509
151 911
212 609
169 501
165 206
377 660
372 799
441 799
81 82
600 799
799 887
660 984
66 165
28 507
501 597
501 867
501 638
3 311
675 799
855 905
267 631
463 719
17 501
165 449
165 783
691 935
501 976
660 911
519 911
181 660
722 932
66 459
211 660
82 231
849 922
58 799
43 999
501 748
36 205
314 849
192 999
609 787
89 165
560 889
165 645
82 771
417 799
497 810
501 554
353 943
82 729
181 289
753 799
799 856
135 660
501 746
82 770
557 609
137 753
361 978
498 849
501 764
38 165
165 992
6 82
501 894
437 631
165 589
294 501
165 961
118 367
501 804
134 501
33 810
501 860
799 883
165 866
616 849
200 889
82 929
298 501
501 603
165 775
652 943
205 923
114 361
333 936
467 999
606 999
501 562
712 799
1 722
228 685
361 457
205 545
3 452
609 820
646 889
609 784
46 165
357 943
13 463
238 501
463 655
339 943
155 660
361 454
609 839
208 501
720 799
342 660
207 501
751 799
525 970
492 999
185 999
516 799
336 581
80 501
361 851
205 684
165 172
386 581
75 849
559 849
407 501
118 549
501 896
501 551
463 501
660 744
165 629
753 818
889 948
799 881
45 165
165 355
450 999
165 940
361 501
361 852
32 660
165 609
609 707
660 743
14 165
501 714
73 660
512 799
3 817
236 849
205 508
501 555
165 529
501 588
337 501
122 799
205 330
79 165
133 165
501 583
465 887
501 758
173 753
730 799
165 515
501 544
799 957
361 393
205 501
165 191
165 706
472 609
228 873
501 761
585 999
3 358
216 501
165 334
24 165
165 481
165 628
82 269
27 501
41 659
154 660
501 742
361 965
149 525
433 609
290 849
179 889
713 943
302 799
636 691
140 799
697 753
165 540
165 779
121 799
473 501
501 905
301 501
408 753
501 933
165 816
22 165
660 679
595 999
728 870
463 831
223 799
62 849
795 999
280 501
82 571
599 999
409 753
11 799
178 501
799 943
214 930
77 660
42 786
224 799
95 214
15 799
82 773
165 962
501 876
683 887
264 799
501 765
305 660
205 639
165 615
329 501
753 833
205 766
165 429
349 849
68 361
21 501
609 658
322 657
565 799
165 470
165 892
165 846
16 753
104 501
425 696
501 648
82 868
233 361
165 702
670 799
501 754
579 660
88 924
350 501
282 501
660 691
609 715
494 525
103 799
501 760
609 635
501 806
232 361
501 660
581 623
453 660
453 596
644 849
165 608
799 939
626 943
753 971
165 307
651 753
118 501
71 799
381 453
127 165
214 262
181 234
117 799
444 631
51 501
425 799
3 788
537 999
165 484
3 799
501 698
594 609
42 522
118 419
536 657
609 963
581 944
165 217
275 799
85 999
501 958
581 977
416 810
259 887
412 501
660 750
447 799
285 660
185 653
165 915
682 799
110 799
500 501
188 753
187 887
799 871
796 799
66 641
181 829
82 131
799 879
423 849
424 660
165 815
74 214
142 722
165 177
159 631
118 485
387 501
495 849
165 299
501 676
428 799
335 999
501 733
348 501
180 849
847 924
254 507
849 938
214 660
463 985
609 875
799 838
228 614
3 755
165 827
165 210
501 919
404 722
340 722
973 999
446 501
205 613
501 869
468 799
501 995
82 660
567 999
111 165
799 822
627 631
165 215
501 955
165 547
574 660
490 609
460 999
487 501
165 360
69 165
304 501
709 999
506 753
680 810
501 620
558 609
568 753
501 624
380 943
100 501
82 225
598 660
442 609
505 849
165 394
835 911
139 165
799 842
165 747
102 799
157 799
2 849
138 660
877 999
622 799
29 501
501 814
109 501
501 884
165 430
849 927
20 501
165 247
228 384
535 631
453 956
361 916
292 660
501 885
790 924
674 799
214 736
165 402
563 753
501 656
165 532
690 849
165 496
905 928
83 799
609 647
501 738
363 501
165 347
438 849
361 763
181 830
93 799
165 980
174 486
104 403
501 534
82 196
205 390
727 799
65 361
165 183
165 550
501 954
82 845
165 582
165 316
132 501
144 165
385 501
198 660
165 663
666 753
660 936
271 905
578 799
501 584
86 499
118 279
361 672
165 243
501 740
92 290
501 999
365 924
165 734
609 785
130 228
165 975
143 810
849 972
10 118
609 931
642 753
288 660
34 42
501 602
321 811
397 660
35 849
530 660
241 486
124 165
165 890
499 772
165 688
609 677
9 501
205 910
64 165
575 581
161 609
82 265
165 841
214 668
327 581
528 887
501 859
214 300
119 849
849 888
361 853
55 999
165 320
631 813
165 993
82 244
753 781
101 999
501 913
514 525
799 950
165 503
165 260
799 895
421 799
476 799
361 791
501 998
849 937
501 587
400 501
214 759
581 861
205 721
165 611
889 912
810 991
165 253
287 753
306 753
293 887
501 874
479 501
228 681
165 832
660 695
501 925
214 539
564 660
205 418
165 368
724 999
354 501
148 799
872 924
165 273
501 850
118 577
501 920
165 844
82 87
425 483
637 660
162 165
165 994
145 501
165 546
82 443
3 556
201 660
406 501
660 792
165 176
195 753
166 810
501 633
501 901
226 799
767 799
239 501
255 999
290 543
251 999
205 493
399 887
849 924
703 799
501 809
56 501
165 573
165 313
501 673
272 889
165 657
160 501
