0
1000
325 688
495 973
745 836
381 913
218 703
315 872
84 311
31 174
353 546
295 942
334 982
150 863
784 946
439 914
438 696
7 911
10 444
201 853
815 942
244 449
495 921
909 975
343 484
546 551
761 773
58 626
37 316
596 938
232 904
325 827
314 614
158 622
635 678
655 704
553 578
323 456
742 791
362 939
560 998
104 674
763 979
451 776
543 817
652 818
26 648
307 877
613 955
468 954
752 890
270 818
717 998
73 202
461 748
206 282
550 572
149 983
335 567
596 914
548 575
71 228
678 955
237 898
474 998
327 540
732 983
331 947
18 814
281 906
81 812
734 758
271 578
20 889
765 784
414 809
675 705
73 447
70 818
81 337
80 579
421 790
344 644
177 958
92 537
221 711
308 525
100 411
514 579
455 479
330 870
88 830
39 334
192 862
244 998
608 790
25 322
507 864
362 969
547 553
92 467
355 971
212 778
339 476
58 340
653 834
112 920
297 869
770 804
107 907
702 813
529 782
169 773
192 998
458 550
508 961
290 955
120 907
319 688
91 675
86 153
13 89
297 857
210 776
23 847
530 894
244 702
211 782
33 614
318 653
377 523
18 718
244 325
343 732
118 729
225 552
336 871
201 884
142 171
703 805
308 757
339 428
572 661
168 461
256 258
424 958
511 894
187 542
651 987
271 459
325 424
534 773
651 901
74 789
494 887
477 860
77 610
452 890
560 647
282 407
572 710
461 678
80 556
715 735
106 908
41 405
894 996
389 870
337 746
174 317
345 797
420 911
449 804
60 327
564 707
417 721
16 297
253 422
325 374
221 572
264 402
292 983
44 844
587 811
169 244
237 341
399 687
104 267
708 741
132 231
313 362
616 997
415 750
167 997
267 568
331 931
174 302
90 335
331 834
537 965
246 275
418 997
313 548
32 643
22 81
81 91
499 539
224 343
206 833
893 964
69 799
169 395
13 981
289 701
701 838
711 767
20 585
128 439
11 253
11 40
425 636
0 310
690 932
81 825
148 760
220 989
609 735
796 811
38 911
90 903
758 784
634 984
201 857
532 980
41 813
88 725
90 933
662 712
597 678
257 696
513 641
40 766
726 977
15 866
192 826
701 994
643 843
474 964
913 914
335 489
624 647
424 894
118 383
244 824
285 308
118 621
560 697
378 449
678 948
63 477
198 727
395 971
223 273
67 788
240 891
543 788
682 820
444 816
466 977
75 664
611 858
711 986
308 902
365 890
94 560
131 765
465 867
545 730
125 924
165 798
379 909
116 460
678 861
241 250
416 644
334 445
104 571
327 409
592 914
612 663
76 963
196 768
244 915
442 514
244 489
371 492
577 593
69 115
321 690
242 505
93 559
637 948
758 951
197 636
537 956
603 754
360 549
509 708
380 396
395 662
825 857
517 997
81 846
845 984
263 907
494 583
104 247
139 479
3 432
102 618
203 643
138 535
100 919
37 735
109 659
402 557
372 693
513 848
37 370
588 908
905 964
92 882
642 689
154 443
706 739
179 811
8 218
387 890
832 909
23 579
300 543
327 730
795 864
679 904
639 909
477 579
201 687
92 790
95 824
928 971
498 980
499 728
406 660
468 741
487 983
767 787
457 798
114 831
104 856
79 798
277 426
15 956
410 751
485 732
669 911
680 732
519 546
254 538
456 834
113 462
244 262
20 356
559 783
782 924
110 648
495 944
427 857
5 277
412 873
137 237
119 733
489 920
394 714
693 880
101 277
331 829
266 391
61 363
199 701
850 862
161 974
772 900
351 974
41 810
121 176
118 808
518 967
339 386
410 956
408 880
71 660
116 578
68 661
47 865
288 958
89 651
688 952
535 537
598 891
444 665
479 732
1 391
402 542
186 914
334 908
269 697
569 825
537 577
350 957
7 704
325 377
53 360
246 402
132 793
24 811
579 998
365 565
155 782
183 890
123 572
91 636
124 477
409 875
354 542
527 572
85 192
357 785
348 553
494 656
42 221
28 570
776 870
66 273
18 62
681 916
116 819
113 991
773 871
552 676
339 769
174 440
14 349
96 971
482 776
37 144
849 853
49 277
268 955
362 433
140 776
280 298
283 703
358 537
767 935
395 682
19 115
18 297
552 972
156 396
7 273
315 580
797 801
170 913
313 397
471 687
295 956
74 431
673 891
319 367
380 689
56 891
237 654
315 960
109 298
118 881
940 983
217 380
162 890
221 643
831 870
440 823
363 616
646 942
244 270
173 380
218 628
206 435
537 990
151 454
444 454
71 115
777 955
237 732
0 819
45 783
301 360
171 443
365 489
27 389
315 840
88 449
324 678
503 513
489 870
153 191
23 630
282 576
100 560
74 395
30 540
76 478
325 327
77 400
350 878
73 731
516 946
36 809
34 262
171 398
301 788
301 356
312 733
715 724
267 876
50 731
445 763
447 502
132 846
688 841
480 857
691 733
2 660
303 380
632 813
32 313
209 857
264 590
363 684
73 537
138 625
472 698
326 733
133 997
365 706
115 825
216 465
6 861
690 749
552 883
274 730
561 976
82 540
763 802
365 974
58 89
335 694
152 767
437 651
222 995
204 811
857 916
14 135
58 375
122 563
790 865
690 719
112 388
239 265
158 499
254 327
22 999
415 874
331 586
438 780
781 790
661 959
374 664
415 835
280 305
23 886
578 929
352 701
678 857
81 648
671 868
304 674
717 922
803 811
55 389
335 566
499 854
59 948
790 836
190 779
365 891
311 313
113 417
73 76
77 544
178 339
842 964
113 537
180 701
48 780
256 578
76 293
218 699
337 505
255 822
261 415
434 661
108 892
28 834
20 403
23 141
233 337
211 703
73 499
531 701
371 827
563 759
99 358
116 392
853 897
150 424
116 244
214 682
74 332
134 984
243 371
373 495
23 230
328 583
561 991
159 911
356 907
58 146
429 798
370 524
73 772
215 636
823 828
186 208
677 727
252 395
19 276
515 701
73 783
248 825
44 424
446 680
233 941
145 784
286 913
346 790
825 868
104 499
424 690
658 770
501 977
34 222
483 904
469 688
7 358
144 668
73 825
572 858
320 758
254 627
653 953
0 970
218 249
633 974
229 780
294 583
7 552
117 277
281 395
176 347
0 436
52 776
696 713
105 912
361 582
508 956
546 782
4 14
358 380
416 779
439 537
308 432
555 991
279 474
213 660
582 950
384 607
102 267
313 984
72 640
660 672
610 798
88 573
552 716
696 923
578 775
184 653
238 934
113 834
623 858
172 983
23 744
51 185
21 552
750 857
14 896
584 846
504 831
401 463
600 663
441 813
410 629
798 859
14 394
385 767
347 558
722 831
148 535
782 852
666 894
582 732
72 846
181 964
25 678
282 614
10 747
345 764
118 732
37 76
296 365
301 583
71 401
153 313
710 837
26 657
54 798
345 990
111 697
488 946
470 980
465 732
194 529
73 244
632 774
307 723
497 870
704 720
306 661
528 782
407 500
104 512
50 967
118 520
337 742
42 807
364 366
14 491
489 562
617 740
64 150
421 450
962 982
851 922
369 441
234 465
282 980
35 311
83 949
391 731
9 880
115 347
220 813
69 423
207 480
88 239
325 438
127 738
798 888
173 260
112 143
238 741
277 432
606 997
293 821
560 864
528 943
200 564
307 432
499 988
102 709
150 692
58 98
99 822
445 447
342 529
299 733
819 910
392 475
663 825
581 648
589 798
732 768
175 675
344 620
561 926
357 460
157 913
40 244
221 786
259 892
853 895
9 978
402 472
315 834
89 211
339 756
604 763
179 358
73 643
449 927
211 443
118 554
65 92
29 308
644 825
43 704
958 968
91 912
273 685
356 448
188 563
57 956
147 273
295 594
493 494
185 703
264 382
645 781
338 579
20 490
510 583
78 958
71 364
513 732
464 780
333 764
109 686
116 985
298 358
339 394
65 601
430 955
708 783
138 683
116 784
81 610
205 798
390 811
195 861
486 819
12 237
307 855
567 993
550 966
129 974
37 957
303 638
81 591
557 615
272 550
46 948
311 521
163 836
732 977
510 737
404 636
182 675
861 930
226 955
282 607
329 911
309 505
250 711
809 920
319 771
440 489
839 890
211 616
130 461
541 948
91 412
227 546
282 358
160 512
18 103
94 219
553 619
537 564
755 758
368 445
284 990
481 983
308 945
636 899
166 462
301 825
798 800
413 986
236 480
806 884
522 894
273 736
834 904
636 925
438 667
419 743
193 908
218 235
277 695
440 892
278 986
295 563
506 823
343 453
287 983
211 732
359 957
444 857
599 653
291 635
244 880
264 526
605 696
297 495
395 727
675 753
136 371
393 697
251 763
206 762
74 574
179 733
473 477
533 911
562 603
394 701
116 595
494 917
738 857
572 743
97 852
415 879
301 536
376 974
87 239
682 700
704 936
104 394
529 992
794 853
164 546
237 650
189 371
116 918
245 862
480 937
17 913
909 998
552 631
20 602
421 670
617 707
402 965
496 890
804 949
126 648
212 773
211 537
662 792
301 432
311 885
540 649
