0
1000
113 717
604 904
351 495
736 970
174 232
488 973
309 345
635 709
527 854
59 549
74 842
503 950
705 832
338 539
101 629
322 404
98 629
62 775
120 151
483 761
11 743
481 739
467 476
53 411
782 949
76 576
142 741
451 641
108 769
620 689
343 659
124 288
56 139
493 864
11 603
624 707
4 339
242 989
137 581
409 919
46 247
364 865
119 362
221 458
109 131
191 855
778 993
72 97
260 736
161 723
263 842
317 482
497 783
485 898
380 973
19 759
49 380
776 850
490 774
317 638
113 545
798 841
845 886
391 888
503 539
131 232
150 196
62 676
518 640
49 365
471 519
308 620
192 919
407 444
34 611
493 663
547 926
768 813
287 484
321 632
737 739
100 402
704 936
786 872
128 261
121 795
500 627
336 507
503 853
150 731
59 822
410 595
695 780
430 628
407 763
73 298
558 907
208 821
58 942
369 973
254 830
315 508
180 785
143 421
808 930
563 945
136 511
538 620
104 922
102 671
164 814
234 551
183 388
531 759
82 917
538 745
350 819
557 962
296 620
799 800
419 551
86 641
676 990
261 353
51 272
65 451
487 585
580 898
338 618
575 956
135 701
252 756
17 507
266 808
425 893
755 993
14 521
85 583
384 964
522 748
24 922
516 583
46 790
167 605
466 926
234 705
405 759
608 888
351 905
810 819
749 866
139 670
810 964
21 403
189 845
11 923
447 620
97 494
334 830
709 929
671 918
195 661
43 936
58 786
389 510
99 381
460 919
33 747
79 681
105 952
424 949
246 385
87 512
859 961
562 819
184 709
784 989
172 790
257 865
112 381
223 383
11 967
632 766
182 333
480 890
207 638
208 359
522 833
146 845
650 993
437 762
272 933
176 522
402 721
512 829
134 889
79 620
512 633
172 636
134 349
299 351
684 801
33 173
363 582
188 304
347 926
257 840
282 612
391 402
286 385
637 731
272 707
518 820
158 344
158 783
51 525
11 913
602 644
256 446
234 634
117 323
571 707
707 727
24 33
58 281
425 671
249 536
243 311
113 924
480 529
453 580
0 926
482 746
325 964
134 230
526 811
238 891
654 970
487 864
83 578
34 822
196 370
613 791
58 649
241 339
436 780
642 776
273 674
702 749
215 633
732 970
291 877
377 506
392 585
783 936
501 544
185 946
608 958
512 759
199 340
35 622
213 830
631 964
363 968
229 834
358 864
339 810
407 594
253 484
135 145
192 728
260 656
17 27
177 414
726 780
512 844
233 723
17 632
390 926
182 249
214 671
236 434
290 894
257 557
665 677
752 785
17 877
20 855
75 342
66 212
167 902
551 802
114 698
245 755
218 336
131 980
280 709
179 758
344 816
97 788
341 691
214 596
664 692
570 637
309 372
157 484
459 509
293 585
240 372
690 989
316 557
182 543
13 623
930 969
97 319
428 821
324 693
154 856
232 340
356 804
120 610
363 415
318 532
447 999
185 272
255 458
206 245
765 915
312 584
88 841
628 876
168 895
617 861
414 859
556 822
101 116
222 891
739 875
129 324
123 865
545 926
123 941
368 989
135 805
8 130
446 637
79 388
453 553
774 806
133 761
739 822
138 855
719 739
617 981
351 837
200 449
131 451
949 995
308 496
277 659
64 810
101 156
306 363
97 604
755 977
460 786
512 972
813 979
210 376
269 829
79 583
52 196
632 864
363 858
638 838
482 892
126 381
240 276
59 823
205 826
449 518
192 517
17 317
414 750
51 796
457 761
432 676
261 817
178 298
906 964
518 791
3 795
139 500
620 709
158 303
581 960
666 869
586 759
63 827
51 787
57 484
79 414
429 482
34 687
512 826
489 962
476 530
724 820
399 602
64 742
158 238
297 378
671 917
765 932
107 660
455 471
114 661
330 998
673 749
363 874
525 966
120 822
521 546
262 963
152 313
202 364
507 723
55 90
115 538
70 520
290 702
113 307
13 787
366 759
702 830
51 391
245 822
539 552
223 408
439 651
859 925
446 848
154 487
450 826
94 259
550 977
10 928
709 982
38 153
274 772
117 883
258 442
425 459
373 776
479 602
57 376
577 790
589 962
283 393
371 709
435 948
102 523
351 960
136 632
54 870
768 863
521 564
75 341
411 898
545 787
538 983
167 487
507 647
226 978
107 772
289 926
257 632
298 917
231 381
560 826
249 683
224 808
607 723
232 692
576 940
107 271
585 828
936 985
298 792
888 908
188 810
380 465
120 469
127 624
17 437
131 555
944 949
249 659
291 997
573 933
348 993
460 960
625 661
714 984
105 282
258 532
665 865
252 600
443 665
322 988
372 786
464 898
512 744
53 899
132 500
308 669
826 901
382 518
507 949
158 326
522 810
108 262
291 499
80 541
503 703
101 262
1 297
685 820
767 824
753 978
252 548
493 843
82 166
288 930
357 581
826 831
261 661
117 738
706 964
117 686
261 474
131 221
637 870
772 818
395 587
542 898
211 416
537 819
375 387
587 637
870 885
558 644
322 643
47 920
113 975
541 620
62 597
203 752
479 735
37 640
410 460
445 480
329 811
165 485
234 928
16 46
511 777
655 829
232 578
363 976
363 712
814 842
322 865
278 758
188 609
749 781
97 846
258 292
79 661
707 731
155 229
79 539
484 646
633 839
260 914
765 919
514 829
583 842
172 955
136 380
34 754
260 614
42 772
472 878
26 244
125 341
505 739
159 449
733 989
425 937
416 730
21 939
598 676
113 337
521 555
259 528
144 786
120 931
311 617
260 448
275 338
363 871
191 532
699 970
437 478
773 954
857 970
375 713
295 433
41 633
351 678
374 410
492 869
362 873
551 592
64 320
671 760
93 702
158 583
172 534
122 158
158 268
345 473
301 993
141 380
397 962
302 780
410 948
7 604
34 78
118 602
468 785
416 752
487 956
412 510
79 518
312 755
632 764
108 812
487 824
282 751
119 398
60 739
45 421
632 774
442 807
711 835
6 150
900 920
163 556
232 252
249 700
204 868
97 898
131 632
796 799
512 766
58 71
272 632
559 790
245 790
38 620
463 963
393 494
249 532
400 865
212 402
62 131
681 986
375 545
270 545
245 834
61 700
140 396
813 862
545 811
766 930
863 987
418 793
285 811
95 171
150 396
134 238
136 789
340 417
599 665
136 821
15 244
170 249
219 744
407 810
721 947
223 768
352 484
391 472
500 959
235 926
563 688
87 725
340 715
367 882
136 234
532 632
110 480
638 716
220 665
96 974
406 434
267 895
223 887
284 286
188 361
272 786
135 512
154 565
396 420
139 671
311 644
51 423
3 718
494 849
97 146
57 532
81 331
532 768
245 736
187 819
22 240
131 244
85 119
338 621
107 766
91 482
632 644
632 667
471 752
423 998
591 759
57 63
847 938
512 648
407 991
434 752
82 668
452 986
606 652
475 926
9 423
239 993
752 761
772 860
32 172
96 604
95 139
260 722
273 755
69 799
414 427
131 771
504 776
40 317
363 702
68 114
418 810
186 759
63 626
76 262
300 841
40 193
382 462
527 783
9 779
551 896
345 477
33 951
29 810
440 801
50 96
23 434
741 834
36 822
558 572
2 324
160 580
356 402
249 780
568 989
260 630
449 720
480 658
18 676
11 545
739 740
433 960
322 851
197 487
382 491
71 217
682 830
820 971
354 791
130 671
245 702
150 328
286 842
57 994
563 867
175 243
579 877
446 757
62 476
639 759
259 694
13 567
708 806
434 992
249 984
790 835
590 954
377 661
338 953
566 820
11 734
30 131
113 803
11 927
194 447
63 533
131 439
209 888
84 739
508 512
234 801
55 358
131 752
346 919
438 829
480 512
39 536
148 538
376 710
394 759
524 813
13 259
379 930
758 897
278 864
120 653
63 601
28 363
21 919
930 978
324 532
381 752
825 826
294 298
291 697
401 844
615 973
327 780
89 252
422 702
736 989
700 852
245 386
251 776
12 899
167 965
262 898
49 67
744 934
569 633
113 662
355 545
92 633
464 590
515 647
190 629
787 810
503 797
822 882
103 340
263 454
250 676
527 657
5 648
545 841
305 780
75 652
541 680
245 632
522 879
48 341
24 257
545 563
272 583
342 815
162 479
279 507
616 964
225 449
31 485
51 77
282 583
360 972
911 960
107 413
282 593
414 895
272 898
252 502
134 228
535 585
204 545
675 709
44 820
332 820
422 561
498 590
111 984
309 510
81 865
310 407
107 544
120 916
540 960
185 622
709 881
113 147
248 978
264 829
297 512
311 628
574 824
620 909
335 551
113 314
507 776
181 382
192 921
744 935
441 766
755 794
152 864
11 149
59 836
82 513
536 884
620 943
498 696
198 624
172 265
749 912
458 588
58 869
820 880
117 545
252 619
108 645
679 936
59 809
426 449
51 671
470 551
272 520
456 597
461 558
201 434
527 957
790 920
434 486
75 787
558 903
511 672
288 431
554 572
25 522
245 729
227 434
3 185
257 938
169 943
117 770
117 910
106 633
338 996
216 578
421 453
237 487
