0
1000
539 549
246 648
215 512
57 922
531 624
810 990
0 47
240 941
278 284
65 652
299 911
49 203
79 370
234 677
431 837
539 635
783 871
95 942
359 894
114 379
488 559
195 453
509 602
742 807
8 783
82 327
389 482
180 208
327 558
222 383
151 766
176 703
242 913
52 166
23 559
216 226
392 750
29 226
455 632
347 827
752 850
212 215
28 406
402 434
4 813
551 706
93 100
59 431
257 795
180 209
868 909
126 259
107 399
730 996
309 740
333 850
585 927
244 649
470 741
120 472
400 878
102 789
835 907
517 629
455 833
740 843
684 986
65 217
200 473
559 934
603 627
342 596
252 781
571 766
514 927
146 979
516 723
131 389
100 270
387 870
550 682
539 924
500 921
33 82
200 498
57 981
83 353
433 437
26 712
168 803
145 856
549 928
406 446
451 654
313 731
769 973
60 825
840 960
402 964
829 914
434 998
748 852
179 456
428 474
196 567
65 220
394 892
522 574
392 786
427 485
526 666
124 763
580 740
422 883
19 238
210 361
347 413
666 764
294 822
250 675
27 741
95 310
43 766
50 391
207 606
488 602
597 651
207 629
210 912
559 661
258 535
211 591
549 715
508 550
326 844
96 225
727 856
194 671
408 931
254 352
418 659
350 394
116 826
48 81
395 805
73 921
348 883
177 528
102 945
298 716
326 400
108 207
376 781
21 751
353 791
287 640
200 360
38 990
474 790
26 818
54 521
250 828
462 555
164 780
530 549
188 651
226 733
250 265
648 857
446 497
26 327
602 710
254 839
18 190
9 65
758 841
49 770
829 832
312 455
242 560
795 997
274 420
176 999
31 57
321 628
432 783
848 968
106 276
153 380
397 679
815 968
416 648
401 825
648 933
157 452
324 457
458 547
398 855
268 525
55 319
132 861
749 805
128 813
274 948
390 972
368 964
826 853
32 266
95 488
439 557
571 990
629 907
67 391
332 602
60 591
207 435
377 741
425 979
2 972
46 504
141 795
703 852
827 840
536 807
18 739
220 704
415 856
75 249
819 855
474 938
117 565
30 879
165 937
173 570
932 964
169 570
202 927
75 969
735 931
460 822
259 307
614 723
556 931
392 464
680 974
200 621
452 920
184 834
275 489
279 347
855 982
18 142
49 334
685 740
681 909
457 728
104 948
30 592
658 826
45 878
207 341
52 669
84 723
181 640
132 410
393 826
96 802
201 792
57 762
210 532
501 552
559 846
400 671
489 719
440 648
578 723
369 629
343 822
266 800
138 741
220 517
434 939
662 870
213 496
400 851
471 643
572 805
102 254
559 889
379 607
474 571
0 386
196 756
686 994
404 775
169 987
44 883
247 352
21 417
128 300
169 200
529 723
502 881
338 878
305 558
213 327
119 885
96 186
336 517
569 706
111 515
245 471
421 826
296 964
258 943
64 909
436 542
52 926
594 948
22 795
1 735
18 821
41 856
358 648
197 570
594 782
180 583
175 735
289 996
75 261
220 344
181 505
352 737
407 937
370 738
238 507
297 342
137 780
168 448
321 958
476 990
49 121
234 722
353 703
267 564
308 609
337 558
49 610
243 489
16 741
280 497
129 172
905 927
136 242
720 972
213 519
17 965
287 845
396 732
240 768
70 242
579 826
502 503
104 238
233 699
119 579
187 379
89 766
20 979
49 441
355 720
286 417
242 988
544 909
807 827
220 259
381 457
82 630
474 647
424 629
206 792
538 572
135 538
847 906
233 777
6 46
32 781
226 991
60 299
481 686
5 299
292 369
26 541
412 888
239 431
65 977
263 888
181 946
807 947
590 648
362 574
308 819
285 834
735 850
391 567
51 850
210 340
128 663
134 918
228 251
649 910
352 930
492 826
75 884
52 311
751 854
342 830
617 655
179 952
357 570
751 779
817 927
384 679
181 454
71 251
226 827
283 520
204 666
220 783
486 649
37 234
158 680
200 858
451 734
7 213
301 396
576 834
52 98
143 213
278 475
78 352
32 489
574 831
572 948
455 642
540 826
723 824
453 953
172 221
655 975
75 269
586 924
32 627
2 950
124 594
25 75
87 179
698 795
674 781
371 389
558 984
268 703
602 692
409 417
76 968
693 829
170 538
504 870
684 702
65 717
598 878
68 649
162 761
56 455
385 888
124 638
35 106
61 720
713 937
179 396
169 686
251 327
370 726
420 486
538 902
120 172
54 112
729 931
299 688
159 559
531 656
656 772
528 937
32 153
287 971
60 741
124 690
295 807
182 389
711 766
128 563
176 842
152 964
77 301
210 229
370 405
462 543
531 927
242 620
819 834
430 933
25 234
57 603
168 469
73 372
48 542
394 859
266 985
102 957
622 927
855 876
673 973
266 804
477 781
700 870
446 679
10 353
372 730
177 320
457 735
110 436
283 696
373 805
353 801
289 383
92 321
105 180
58 96
102 219
109 326
117 983
315 826
462 589
30 597
782 989
172 218
771 855
513 840
423 783
394 695
48 444
461 965
264 890
353 875
96 402
317 558
431 487
174 524
210 691
258 396
177 980
528 775
104 132
127 740
649 718
49 123
215 488
396 656
60 948
735 776
153 510
160 431
299 849
273 352
339 601
236 841
258 468
601 612
15 52
631 973
732 760
298 579
529 601
192 548
301 314
883 955
321 743
374 798
646 706
130 176
511 602
438 648
209 418
731 812
825 944
185 783
686 966
140 792
491 927
301 788
227 458
430 769
344 689
471 900
106 901
379 528
330 462
238 963
567 627
94 301
144 603
25 656
199 213
12 780
472 597
546 841
518 851
25 795
753 937
488 552
242 806
327 680
222 524
316 783
196 668
253 706
223 418
573 731
490 964
602 866
308 773
367 552
18 480
443 972
178 301
57 302
278 747
25 462
400 656
299 865
254 502
233 972
54 101
167 684
528 917
446 847
85 418
207 325
345 680
619 909
250 864
370 735
455 587
26 232
375 841
106 625
48 959
327 731
839 960
531 666
794 878
326 459
104 965
271 671
757 888
329 888
426 851
210 429
207 897
258 322
402 840
574 657
32 550
783 796
579 979
527 591
183 417
207 600
168 582
169 517
495 878
374 809
365 841
115 829
293 424
274 996
265 383
30 323
113 226
111 572
238 248
179 799
577 766
26 149
396 792
740 769
14 96
36 462
552 808
850 923
74 462
445 731
328 538
579 883
579 655
579 684
120 894
24 973
256 931
528 856
222 264
453 467
595 776
827 909
705 732
356 917
73 394
709 931
452 572
60 321
290 680
363 524
499 775
389 816
697 776
301 744
118 175
427 450
608 783
627 730
852 956
176 605
529 840
1 224
588 973
234 676
147 597
42 394
872 921
179 869
671 745
478 827
220 634
298 644
634 891
54 354
4 504
479 671
144 346
374 769
453 629
708 766
433 504
255 258
486 706
288 634
259 484
238 616
47 548
898 990
283 972
351 671
213 873
326 992
483 805
336 822
291 639
289 635
686 759
640 839
513 968
119 961
457 797
497 660
213 237
392 954
119 304
593 671
278 531
53 965
251 611
778 917
321 533
366 666
189 439
352 811
319 446
264 962
230 751
150 908
349 455
513 841
65 820
721 965
266 862
262 523
623 680
434 545
205 406
613 783
392 813
391 447
54 599
327 635
47 471
282 684
100 553
434 575
291 513
54 303
562 917
54 703
235 574
125 917
39 379
465 968
259 754
26 645
34 439
111 493
940 960
26 318
629 829
443 691
574 703
517 772
148 418
73 888
449 775
106 222
171 826
198 266
133 474
336 342
49 896
474 664
47 940
439 446
168 466
82 814
670 855
107 442
430 819
455 504
250 694
13 564
488 656
2 260
633 968
154 264
207 707
793 937
4 274
172 191
49 819
331 523
265 761
863 990
242 396
419 839
233 581
128 993
604 937
651 978
250 836
308 382
66 352
478 494
193 706
298 935
106 653
111 378
13 940
100 400
453 506
11 829
523 539
774 937
200 882
701 751
80 852
21 918
103 439
714 883
72 723
139 455
684 860
306 352
558 785
517 703
231 523
107 419
443 960
684 746
430 960
430 735
52 209
161 175
772 996
96 615
574 765
272 776
651 976
40 433
196 880
855 877
624 919
62 259
579 839
240 488
48 725
584 829
3 344
347 641
352 936
680 929
766 949
241 894
13 427
277 792
552 561
168 916
336 431
172 650
369 767
364 987
528 948
97 783
153 874
299 403
99 210
150 691
96 163
65 755
287 867
489 665
502 736
474 672
168 220
86 352
439 784
671 967
266 626
347 838
1 823
122 574
209 656
344 667
283 683
117 220
90 679
132 893
571 656
550 637
458 813
566 776
335 463
214 451
155 731
430 542
60 389
534 987
537 829
353 886
389 925
88 624
618 979
379 970
120 780
120 451
21 472
234 995
548 903
472 960
915 917
63 427
335 594
776 887
855 904
388 394
168 787
568 917
636 918
671 678
960 996
175 951
259 411
281 679
443 446
100 899
156 433
0 687
807 895
634 724
18 419
414 666
91 651
523 554
69 175
