0
1000
230 599
58 230
183 625
183 834
230 721
230 328
162 230
183 689
230 463
183 298
183 704
183 744
183 296
230 460
230 898
230 914
183 895
23 183
230 960
183 223
183 667
230 916
230 444
183 675
230 591
183 449
183 803
108 183
230 476
183 340
230 551
230 334
185 230
183 733
27 183
183 613
183 782
230 833
183 563
230 427
230 351
183 391
230 697
151 230
183 729
125 183
183 451
230 794
183 928
183 323
102 230
183 904
183 361
183 526
230 418
183 257
230 716
230 411
127 183
230 778
183 829
183 594
183 215
229 230
183 241
230 405
183 547
183 362
165 183
183 509
183 199
183 831
230 505
31 183
183 970
230 426
230 585
230 287
230 529
183 368
183 603
230 495
183 678
183 621
183 836
230 888
230 654
56 183
230 470
133 183
183 438
183 680
204 230
230 749
230 441
183 466
183 624
230 593
183 243
183 807
183 432
183 954
176 183
200 230
181 230
94 183
230 450
175 230
214 230
230 941
183 673
183 882
183 250
183 907
230 995
183 809
156 230
183 392
183 775
230 376
120 183
230 387
230 511
183 541
230 272
230 233
183 277
230 669
183 705
230 766
230 462
183 795
19 183
183 516
230 332
230 515
230 918
183 785
230 581
183 478
183 674
183 880
25 183
8 230
183 487
183 346
113 183
230 409
183 397
230 555
183 597
230 912
122 183
163 230
230 990
230 925
230 366
183 902
183 615
230 771
183 274
18 230
168 230
230 589
230 968
230 318
230 536
230 677
183 459
230 958
164 183
15 183
230 419
149 230
209 230
230 357
183 320
183 684
183 236
183 765
43 183
230 531
230 263
230 893
230 761
230 812
230 355
230 739
183 950
183 881
183 255
230 542
183 592
183 784
183 306
71 183
183 553
183 936
230 517
230 933
85 183
29 183
183 259
183 965
230 295
217 230
230 817
131 230
183 720
183 976
230 533
230 683
98 230
130 230
230 622
61 230
183 269
230 396
230 552
183 267
183 365
183 668
183 230
230 642
17 230
183 513
60 183
183 420
230 742
183 953
46 183
37 230
107 183
230 969
79 183
183 279
230 341
55 183
183 205
230 395
154 230
183 712
230 949
230 839
183 719
230 538
183 242
183 249
230 390
230 345
230 643
183 875
5 230
230 863
183 848
183 695
230 924
183 254
230 691
183 280
230 857
49 183
230 792
230 414
230 473
183 439
230 635
230 307
230 901
230 657
183 811
183 714
230 876
62 183
230 646
183 786
82 183
230 899
72 183
183 921
183 740
183 532
183 814
183 247
230 447
230 606
183 590
101 230
183 703
183 820
183 671
230 806
90 230
230 638
230 869
230 504
230 474
183 457
230 324
174 183
230 570
230 299
69 183
230 520
12 230
230 884
183 903
230 846
230 905
50 230
230 730
230 849
230 629
53 230
152 230
183 380
230 707
57 183
99 230
140 230
119 183
9 183
160 183
115 230
183 268
138 183
183 620
230 527
230 952
116 183
230 796
230 488
230 601
230 871
183 913
87 183
230 586
230 711
183 564
186 230
66 230
42 183
230 843
230 494
183 544
183 364
183 442
183 201
230 281
183 316
183 353
100 230
32 183
183 769
230 837
183 639
230 644
183 335
183 759
230 783
183 484
230 413
183 736
183 867
159 230
34 230
230 475
183 935
230 322
230 984
183 886
36 230
230 480
183 224
143 183
230 887
183 189
183 827
230 433
230 649
230 710
230 672
230 676
183 690
183 261
183 244
230 317
230 889
183 713
183 445
65 183
230 966
145 183
158 183
230 571
64 183
136 183
230 728
183 823
230 816
105 183
183 694
183 641
183 656
183 627
183 252
183 943
129 183
183 774
230 946
183 382
230 565
230 944
183 312
183 752
183 246
178 183
91 183
183 219
183 534
230 993
183 293
183 653
183 963
230 859
183 763
230 670
183 512
183 430
230 278
183 686
183 768
183 561
230 634
230 440
183 314
183 665
230 959
109 183
24 230
183 917
183 755
225 230
183 693
203 230
208 230
183 777
183 992
230 379
183 481
230 998
183 997
183 824
173 183
183 196
118 183
183 988
230 692
170 183
39 183
47 183
183 879
230 708
230 682
230 388
183 496
80 183
230 611
230 569
183 911
11 183
28 230
230 276
230 468
104 183
230 832
230 715
230 273
230 900
183 498
121 230
183 465
68 230
183 741
227 230
183 483
230 456
183 956
230 258
183 612
183 842
183 702
103 230
117 230
144 230
106 183
183 977
183 681
88 230
230 687
183 679
40 230
230 655
183 787
230 265
183 518
230 760
183 932
230 492
183 469
183 226
183 617
230 735
183 810
230 424
183 628
183 948
230 930
183 828
230 856
89 183
63 230
183 853
230 461
230 722
128 230
183 982
183 566
230 922
183 864
183 550
97 183
230 573
230 929
183 302
166 230
14 183
183 822
230 942
230 336
183 377
38 183
183 779
183 808
51 183
188 230
183 540
230 452
230 745
182 230
230 443
230 975
76 183
183 239
230 877
230 238
230 283
137 230
230 987
230 349
183 964
132 230
230 789
183 523
183 767
183 660
183 431
194 230
230 343
3 230
183 616
222 230
183 748
183 945
183 400
230 878
183 404
183 232
183 311
230 951
230 497
230 501
183 221
183 804
183 910
183 909
183 885
230 981
183 519
180 230
230 994
230 587
96 230
230 776
230 508
230 772
230 284
230 253
230 940
183 892
183 288
183 855
183 636
230 467
230 568
183 347
230 699
197 230
183 610
230 658
230 403
0 230
22 183
4 230
230 264
77 183
183 967
59 183
30 183
230 971
230 394
183 637
134 183
183 799
67 183
230 661
86 183
183 421
183 363
183 289
183 543
95 183
183 559
183 894
230 554
48 230
171 230
183 297
183 370
230 410
230 872
230 367
183 507
230 292
183 934
183 923
183 428
146 230
230 245
230 384
230 412
183 819
183 650
183 663
179 183
183 840
183 577
183 401
183 407
183 835
230 528
183 309
183 402
183 193
183 851
230 647
83 230
183 454
183 436
230 821
183 315
230 434
230 927
183 937
230 999
183 890
183 360
177 230
183 558
172 230
230 359
230 580
142 183
230 310
230 458
230 696
183 356
183 448
112 183
183 619
230 260
230 726
183 939
183 793
183 375
183 423
183 847
183 858
230 813
183 381
183 560
147 230
230 337
230 530
54 183
183 805
230 491
230 352
230 815
183 344
230 556
230 584
183 685
230 602
212 230
230 862
183 717
230 294
230 537
230 688
183 838
230 852
183 313
183 485
230 746
230 417
184 230
183 192
230 582
183 800
230 331
230 549
183 425
183 652
183 747
230 762
230 830
230 326
110 230
230 666
114 183
135 183
183 974
206 230
230 574
183 648
230 844
230 802
183 190
230 866
183 891
230 865
183 408
230 545
183 706
183 908
75 183
33 230
183 477
230 791
183 319
230 662
230 605
230 750
183 338
230 996
230 920
183 576
230 578
230 725
183 645
93 230
183 374
183 758
183 757
183 213
230 325
183 453
183 308
183 980
230 422
230 301
230 698
183 228
183 709
141 230
230 290
230 973
183 797
230 596
211 230
191 230
183 503
230 557
183 825
230 938
230 510
183 446
183 572
230 609
230 393
230 567
230 608
183 358
150 183
230 262
183 248
183 632
230 285
230 235
20 230
230 500
13 230
230 389
230 773
183 416
230 607
230 499
195 230
183 479
230 490
35 230
183 472
230 701
230 489
230 435
81 183
230 275
230 931
230 304
183 372
230 579
183 883
183 989
230 731
183 874
183 861
183 926
183 756
230 781
230 429
183 737
45 230
183 234
230 896
230 562
183 818
183 303
183 386
183 801
183 727
183 623
230 873
230 493
230 841
1 183
230 350
10 183
183 780
230 240
183 286
74 183
183 383
183 482
183 753
230 651
230 770
230 399
230 270
230 588
183 207
183 291
230 406
183 915
167 183
73 183
198 230
230 854
6 183
230 955
183 723
230 961
230 464
2 230
157 183
230 860
230 718
183 220
230 640
230 751
230 962
230 524
70 183
230 342
230 618
183 868
230 548
124 183
183 539
183 373
183 985
84 230
183 979
111 230
183 266
183 604
230 664
41 183
230 415
230 870
183 251
230 231
230 271
183 282
210 230
183 991
183 600
148 183
183 327
183 788
230 754
230 732
183 525
183 947
230 300
230 437
230 845
230 614
169 230
230 700
183 218
183 348
92 230
123 230
230 546
183 486
183 919
183 321
161 183
183 978
230 906
230 354
7 230
230 631
183 986
183 471
230 514
183 521
126 183
230 626
230 850
230 378
230 575
216 230
183 506
230 983
230 972
183 798
153 183
230 764
183 738
230 305
26 230
183 329
183 957
155 230
230 598
230 237
230 455
230 522
183 595
230 743
230 330
16 230
230 256
230 734
183 724
183 339
230 897
230 333
183 633
230 630
183 790
230 371
183 369
230 826
230 398
187 230
230 659
139 183
230 535
230 502
44 230
202 230
78 183
183 385
183 583
52 183
21 230
