14 15 16 17 18 19 20 21 22 23 24 25
14 15 16 17 18 19 20 21 22 26 27 28
14 15 16 17 18 19 20 21 22 29 30 31
14 15 16 17 18 19 23 24 25 26 27 28
14 15 16 17 18 19 23 24 25 29 30 31
14 15 16 17 18 19 26 27 28 29 30 31
14 15 16 20 21 22 23 24 25 26 27 28
14 15 16 20 21 22 23 24 25 29 30 31
14 15 16 20 21 22 26 27 28 29 30 31
14 15 16 23 24 25 26 27 28 29 30 31
17 18 19 20 21 22 23 24 25 26 27 28
17 18 19 20 21 22 23 24 25 29 30 31
17 18 19 20 21 22 26 27 28 29 30 31
17 18 19 23 24 25 26 27 28 29 30 31
20 21 22 23 24 25 26 27 28 29 30 31
0 1 2 3 4 5 6 7 8 9 10 11
0 1 2 3 4 5 6 7 8 9 12 13
0 1 2 3 4 5 6 7 10 11 12 13
0 1 2 3 4 5 8 9 10 11 12 13
0 1 2 3 6 7 8 9 10 11 12 13
0 1 4 5 6 7 8 9 10 11 12 13
2 3 4 5 6 7 8 9 10 11 12 13
