61
31 81 1
47 1 123
10 123 53
30 53 130
21 130 6
64 6 98
49 98 60
63 60 104
0 104 99
39 99 51
51 51 117
18 117 21
46 21 32
42 32 97
54 97 46
19 46 92
45 92 26
17 26 121
43 121 8
4 8 9
37 9 40
12 40 7
32 7 13
5 13 85
34 85 4
58 4 109
56 109 78
44 78 100
57 100 11
33 11 61
20 61 49
16 49 27
2 27 47
6 47 103
40 103 67
7 67 19
60 19 118
55 118 94
22 94 59
36 59 75
14 75 81
13 91 131
27 131 77
24 77 17
48 17 119
62 119 31
15 31 45
61 45 44
1 44 90
3 90 113
11 113 57
8 57 18
53 18 25
9 25 111
25 111 95
59 95 50
41 50 70
50 70 54
35 54 96
38 96 5
52 5 91
