569
1005 302
572 910
528 654
846 280
87 162
219 639
189 875
603 934
662 840
104 102
1080 1000
472 906
83 766
804 469
237 91
21 342
1018 133
727 220
386 549
677 415
1002 982
57 1127
547 950
170 409
214 682
1083 907
1036 356
146 239
1043 595
671 374
1060 497
1136 583
754 538
1114 392
972 708
902 432
661 363
851 526
1014 614
296 478
579 588
805 147
719 1020
436 304
780 96
725 1074
1081 453
881 191
310 778
987 421
340 1067
402 775
275 606
1078 407
839 88
373 291
264 811
474 648
98 382
62 297
1040 115
1070 734
242 487
312 540
272 1065
1016 522
632 993
401 473
193 1124
143 826
145 599
1038 940
470 184
438 141
1104 879
794 216
776 194
92 49
729 139
66 917
514 294
577 520
998 901
1103 119
1126 177
369 186
659 4
816 290
376 892
647 179
854 1058
1098 748
385 970
451 951
309 930
834 328
479 660
59 1030
981 246
830 182
46 217
390 1028
942 925
795 251
723 301
265 311
550 414
629 85
152 829
404 1044
856 618
556 1034
126 716
945 278
466 243
361 430
153 1102
53 737
828 772
932 5
111 267
672 1057
277 117
183 434
464 578
6 1106
419 986
161 883
915 509
138 368
446 333
276 1097
336 722
1053 160
462 921
18 180
324 768
1088 562
1134 1032
924 730
966 496
174 759
107 16
752 1019
84 398
130 163
440 797
502 289
645 523
755 948
581 70
1094 1128
946 975
598 284
619 1048
714 1026
299 460
209 521
1055 391
151 494
760 483
914 640
1085 631
566 1054
256 517
989 601
699 73
849 292
812 810
974 475
238 346
229 252
898 181
650 394
616 720
953 978
416 789
712 1116
568 871
1037 420
596 1075
736 230
30 37
108 702
627 500
874 944
707 422
190 713
298 865
481 543
439 8
885 254
74 817
445 1021
844 362
442 52
101 1069
259 234
613 688
985 858
71 852
15 686
678 95
704 1025
173 58
862 909
375 273
535 1041
471 801
116 1023
175 814
996 319
159 938
584 245
590 731
696 1047
112 806
878 29
853 286
282 868
3 1052
899 513
929 530
524 75
684 866
308 1049
26 171
1112 742
634 980
13 841
482 378
202 212
1120 913
553 224
622 1031
573 728
1033 7
86 681
808 315
935 761
293 843
411 510
122 663
136 155
1061 142
687 232
349 790
515 670
1113 27
393 877
455 620
109 433
444 988
347 396
355 685
1108 317
210 454
691 443
692 836
643 561
489 557
207 785
1125 911
600 263
150 782
1071 764
544 697
54 604
586 1013
429 60
997 426
957 939
423 1003
637 922
281 350
536 732
897 270
1130 261
635 992
215 800
548 956
694 285
501 338
1084 330
358 831
121 653
943 955
448 1006
703 303
428 372
891 93
128 51
395 744
807 880
410 1123
97 539
765 68
20 1076
495 587
253 1064
995 636
741 895
936 869
353 961
819 838
506 427
947 1135
745 154
563 199
1115 461
72 493
667 43
425 571
965 35
1009 673
47 1133
963 467
751 519
384 971
456 125
771 733
89 740
873 638
380 79
1001 82
187 488
360 477
984 904
67 774
77 779
1050 279
990 337
999 465
1039 55
200 890
813 424
305 1045
726 887
50 1011
641 798
228 674
1042 332
867 900
196 1093
551 1082
855 837
33 964
861 962
118 893
1077 718
1073 589
169 973
958 45
787 1066
574 1022
668 646
148 441
750 652
78 644
56 323
188 22
931 227
149 624
379 383
591 262
705 863
747 664
941 1063
335 916
960 724
283 274
132 266
114 450
134 1035
24 165
40 201
326 824
172 516
1024 249
23 1004
185 503
651 359
31 106
1091 786
607 552
655 710
746 354
499 518
1132 793
168 204
157 367
592 656
827 743
164 1117
222 769
504 318
815 527
14 412
845 753
431 41
569 447
749 484
615 203
835 979
833 952
1059 365
248 397
689 195
882 1046
886 320
345 103
32 99
642 44
628 821
387 676
1062 701
832 307
167 542
633 123
231 1110
9 593
508 28
565 1095
457 803
546 848
928 211
485 859
1007 348
156 796
34 933
331 486
351 247
205 525
11 417
208 570
63 399
1092 937
594 545
559 580
48 1010
144 81
969 602
403 176
69 698
1090 976
715 250
820 1029
700 1137
197 923
695 666
918 271
1118 1105
575 90
458 459
255 137
300 1121
756 781
529 567
621 288
327 912
735 257
498 341
649 582
113 842
218 364
233 306
665 968
235 226
236 792
321 206
763 316
313 490
767 1027
762 377
12 463
605 1008
468 408
110 802
541 926
959 198
889 773
418 721
38 268
818 919
585 757
400 870
131 784
954 693
680 534
864 799
223 825
558 213
1131 105
61 366
555 505
576 512
625 554
25 706
1015 124
0 1
127 388
295 683
905 352
669 492
717 777
822 1099
1109 370
80 1100
329 1017
371 120
322 788
357 1129
657 325
983 10
675 452
597 413
260 36
739 626
783 1119
1101 314
1056 166
240 630
258 507
560 894
847 381
1087 225
406 221
896 908
1107 872
1086 927
791 435
65 770
623 100
140 903
158 690
920 967
19 991
344 860
17 1089
334 129
949 823
39 533
343 611
76 437
612 679
42 339
1079 711
287 1068
884 1111
2 491
738 241
564 850
94 135
617 608
977 178
476 1012
1096 1072
480 537
449 389
405 888
994 531
532 876
758 511
269 192
609 610
809 709
244 658
1051 1122
64 857
