555
549 491 1137
447 1137 439
190 439 1131
492 1131 1034
111 1034 583
31 583 3
220 3 87
4 87 977
554 977 961
303 961 786
383 786 48
439 48 129
539 129 805
41 805 992
278 992 504
395 504 821
413 821 511
562 511 381
524 381 292
167 292 290
87 290 323
359 323 1083
25 1083 232
245 232 452
514 452 464
124 464 561
259 561 496
140 496 173
204 173 1081
46 1081 686
201 686 1124
68 1124 946
152 946 164
393 164 22
360 22 951
93 951 688
198 688 526
37 526 288
458 288 518
387 518 640
161 640 225
525 225 52
195 52 697
266 697 595
28 595 96
44 96 359
381 359 488
325 488 952
404 952 306
465 306 906
11 906 667
311 667 1096
556 1096 67
328 67 365
405 365 80
507 80 39
541 39 606
52 606 864
489 864 340
50 340 72
310 72 646
355 646 471
208 471 338
282 338 638
322 638 266
371 266 1007
427 1007 791
530 791 704
203 704 114
372 114 689
407 689 944
185 944 265
105 265 828
118 828 367
390 367 982
20 982 137
454 137 884
548 884 28
421 28 631
162 631 54
267 54 535
207 535 98
58 98 757
484 757 554
496 554 514
80 514 845
398 845 386
18 386 590
214 590 408
476 408 671
29 671 765
296 765 1071
265 1071 375
206 375 866
224 866 455
250 455 519
317 519 388
500 388 1012
555 1012 663
242 663 1017
508 1017 810
168 810 327
459 327 227
361 227 208
434 208 569
400 569 692
258 692 303
288 303 436
43 436 835
403 835 160
133 160 86
237 86 458
453 458 680
488 680 605
475 605 131
486 131 355
254 355 454
256 454 929
222 929 609
564 609 529
457 529 572
1 572 229
171 229 887
337 887 413
515 413 542
417 542 972
34 972 431
399 431 1098
91 1098 391
158 391 84
144 84 741
301 741 244
566 244 481
189 481 596
180 596 64
568 64 282
219 282 271
450 271 221
526 221 733
320 733 368
129 368 1001
324 1001 1057
121 1057 467
316 467 176
442 176 736
181 736 909
205 909 277
122 277 1022
354 1022 565
422 565 44
412 44 497
30 497 79
323 79 759
141 759 965
313 965 1104
74 1104 260
516 260 1103
83 1103 1020
42 1020 420
179 420 102
9 102 1035
373 1035 1005
0 1005 837
345 837 284
153 284 541
478 541 213
491 213 581
150 581 1069
196 1069 1038
71 1038 199
308 199 576
495 576 627
184 627 639
5 639 920
535 920 172
377 172 623
532 623 1039
333 1039 1084
283 1084 809
565 809 430
115 430 778
48 778 829
108 829 987
49 987 718
349 718 62
59 62 842
463 842 1026
155 1026 425
312 425 568
178 568 268
482 268 1101
519 1101 825
490 825 916
368 916 804
13 804 670
247 670 624
362 624 990
331 990 802
477 802 1029
446 1029 319
211 319 143
69 143 313
471 313 649
462 649 557
260 557 650
173 650 745
307 745 985
199 985 281
274 281 789
176 789 723
104 723 838
304 838 320
409 320 253
299 253 75
223 75 615
402 615 936
302 936 270
276 270 242
62 242 652
357 652 389
558 389 690
534 690 981
98 981 893
348 893 1021
193 1021 694
281 694 854
90 854 81
440 81 995
300 995 503
380 503 954
487 954 446
130 446 806
216 806 1027
472 1027 372
289 372 711
546 711 60
269 60 710
385 710 484
401 484 390
101 390 111
120 111 872
528 872 32
411 32 1040
60 1040 1024
378 1024 890
334 890 939
271 939 182
99 182 309
94 309 209
157 209 618
110 618 283
370 283 865
188 865 841
229 841 1126
84 1126 962
347 962 278
113 278 194
76 194 363
36 363 478
39 478 843
240 843 846
3 846 859
426 859 654
2 654 611
542 611 796
428 796 983
513 983 1129
511 1129 782
264 782 989
165 989 538
32 538 385
92 385 169
351 169 166
520 166 83
12 83 373
55 373 848
424 848 593
420 593 1130
277 1130 878
217 878 1110
419 1110 908
527 908 243
114 243 673
314 673 130
145 130 976
444 976 49
77 49 1047
215 1047 443
257 443 448
287 448 133
16 133 121
285 121 486
430 486 808
238 808 824
376 824 813
335 813 715
445 715 889
480 889 366
493 366 1078
53 1078 732
275 732 603
7 603 205
432 205 614
38 614 125
319 125 683
501 683 844
194 844 777
504 777 422
186 422 432
35 432 237
14 237 1048
154 1048 520
81 520 562
137 562 51
291 51 1011
338 1011 1089
538 1089 1122
567 1122 88
54 88 300
455 300 18
135 18 959
479 959 941
367 941 76
543 76 702
183 702 1031
234 1031 517
164 517 883
127 883 978
175 978 186
85 186 770
531 770 1074
45 1074 414
106 414 589
350 589 66
79 66 222
394 222 370
506 370 30
182 30 1102
116 1102 986
126 986 720
174 720 523
148 523 494
159 494 988
252 988 695
449 695 473
67 473 738
550 738 898
172 898 958
352 958 1094
151 1094 11
433 11 722
132 722 803
423 803 682
24 682 925
102 925 197
448 197 216
75 216 345
410 345 1036
26 1036 783
518 783 20
297 20 63
435 63 740
321 740 1050
330 1050 860
537 860 795
103 795 888
559 888 734
61 734 69
443 69 441
356 441 991
536 991 1120
232 1120 226
467 226 904
327 904 155
243 155 1003
272 1003 716
112 716 1013
268 1013 553
233 553 915
128 915 630
521 630 899
221 899 626
517 626 400
485 400 269
563 269 947
306 947 4
86 4 480
557 480 602
441 602 170
23 170 730
139 730 215
279 215 339
545 339 1097
131 1097 863
365 863 434
123 434 956
280 956 591
364 591 877
249 877 746
386 746 785
261 785 932
119 932 1134
138 1134 107
142 107 1123
294 1123 729
78 729 1000
10 1000 59
97 59 109
251 109 706
497 706 1114
33 1114 747
366 747 475
169 475 165
374 165 1115
309 1115 678
202 678 1044
109 1044 735
460 735 882
408 882 93
290 93 248
406 248 742
227 742 27
248 27 26
226 26 968
466 968 474
57 474 491
125 1106 1133
315 1133 1092
436 1092 202
231 202 927
529 927 53
117 53 402
51 402 364
464 364 921
134 921 677
19 677 724
369 724 179
89 179 492
503 492 470
72 470 955
286 955 196
343 196 46
100 46 922
273 922 502
147 502 850
551 850 575
452 575 1049
225 1049 831
284 831 781
456 781 383
363 383 760
160 760 656
391 656 547
22 547 189
6 189 264
56 264 328
95 328 305
336 305 94
552 94 1004
379 1004 1116
177 1116 427
305 427 633
418 633 1016
65 1016 617
553 617 531
560 531 145
70 145 540
63 540 827
392 827 396
253 396 792
468 792 903
533 903 999
332 999 674
340 674 911
262 911 14
397 14 727
17 727 919
483 919 321
469 321 933
429 933 1105
451 1105 21
15 21 797
146 797 699
166 699 1066
353 1066 352
502 352 234
197 234 880
293 880 332
341 332 97
295 97 600
263 600 876
561 876 607
384 607 587
298 587 644
358 644 1061
244 1061 997
270 997 713
187 713 949
540 949 316
470 316 376
88 376 247
431 247 788
510 788 817
192 817 1065
64 1065 867
342 867 239
27 239 993
66 993 507
522 507 881
47 881 948
149 948 384
318 384 168
389 168 935
239 935 378
230 378 657
512 657 814
210 814 964
346 964 1106
236 1033 1132
388 1132 346
170 346 901
82 901 141
73 141 701
415 701 77
329 77 360
326 360 662
8 662 299
156 299 679
544 679 527
396 527 324
136 324 371
509 371 1019
143 1019 387
414 387 463
474 463 1127
21 1127 1082
344 1082 588
40 588 560
523 560 245
213 245 555
494 555 634
228 634 159
212 159 201
375 201 1099
505 1099 317
255 317 31
382 31 1033
200 852 1068
547 1068 852
107 629 1054
163 1054 573
235 573 411
241 411 629
461 498 798
339 798 498
