1000
599 1564 1
508 1 1696
653 1696 1899
751 1899 1890
333 1890 1737
318 1737 912
966 912 547
397 547 1896
466 1896 1907
182 1907 576
206 576 1915
178 1915 162
383 162 377
907 377 1446
701 1446 265
623 265 1342
138 1342 1989
774 1989 1294
113 1294 1073
322 1073 158
514 158 995
359 995 1232
104 1232 545
261 545 1784
573 1784 1743
640 1743 1504
147 1504 235
658 235 852
816 852 365
971 365 884
724 884 1765
697 1765 332
497 332 1147
148 1147 870
444 870 1271
858 1271 600
2 600 1379
25 1379 270
828 270 1863
69 1863 1600
956 1600 1161
268 1161 1026
614 1026 281
852 281 1514
728 1514 449
78 449 320
606 320 1897
989 1897 1840
423 1840 1859
249 1859 306
153 306 1735
157 1735 180
375 180 969
847 969 496
790 496 1115
468 1115 62
193 62 661
128 661 740
669 740 575
949 575 1356
92 1356 765
219 765 716
780 716 1565
338 1565 68
925 68 1163
205 1163 260
921 260 883
51 883 960
757 960 839
222 839 672
820 672 1295
488 1295 1408
33 1408 879
192 879 1310
213 1310 1229
572 1229 486
28 486 1971
704 1971 762
898 762 861
803 861 1570
108 1570 637
243 637 1016
240 1016 381
353 381 92
802 92 1167
604 1167 1432
967 1432 147
758 147 970
284 970 267
225 267 602
955 602 1199
894 1199 1498
927 1498 395
929 395 908
750 908 1661
85 1661 1296
901 1296 1341
337 1341 638
41 638 1351
667 1351 490
783 490 1247
112 1247 988
32 988 1885
293 1885 1372
482 1372 1905
272 1905 298
12 298 905
426 905 1352
416 1352 1501
970 1501 1152
124 1152 943
413 943 1886
136 1886 1259
299 1259 1702
237 1702 1415
610 1415 36
226 36 1153
292 1153 584
258 584 717
893 717 1942
149 1942 815
62 815 926
805 926 1985
593 1985 108
198 108 1819
656 1819 1270
876 1270 1253
210 1253 114
436 114 1459
507 1459 410
872 410 1233
867 1233 818
770 818 1067
310 1067 1126
67 1126 325
0 325 322
331 322 673
605 673 1582
4 1582 1701
183 1701 546
575 546 261
980 261 1282
43 1282 1367
849 1367 996
45 996 663
722 663 38
477 38 1953
681 1953 1630
698 1630 859
638 859 682
705 682 117
81 117 1054
973 1054 901
809 901 1804
452 1804 799
532 799 1336
536 1336 973
857 973 1244
937 1244 631
420 631 1048
795 1048 1987
126 1987 392
519 392 1307
779 1307 1452
273 1452 47
171 47 326
39 326 119
895 119 1874
878 1874 1779
400 1779 1312
954 1312 1051
342 1051 316
378 316 141
91 141 1092
330 1092 837
811 837 904
841 904 77
493 77 896
504 896 1383
440 1383 626
430 626 1891
824 1891 1496
968 1496 1813
579 1813 466
718 466 681
580 681 194
553 194 1631
694 1631 518
53 518 561
899 561 1200
838 1200 477
928 477 984
840 984 1187
168 1187 8
991 8 1103
250 1103 1842
391 1842 359
287 359 72
442 72 1921
866 1921 1088
603 1088 1237
329 1237 1528
230 1528 1569
204 1569 808
239 808 327
101 327 1188
263 1188 1119
209 1119 1594
289 1594 509
509 509 1274
662 1274 1339
801 1339 1658
818 1658 1463
174 1463 524
36 524 1023
175 1023 174
306 174 1437
503 1437 1036
288 1036 1473
187 1473 312
82 312 1673
747 1673 1358
100 1358 999
485 999 1640
146 1640 1113
712 1113 1976
791 1976 621
767 621 1166
73 1166 241
99 241 262
368 262 1597
132 1597 272
953 272 1805
836 1805 1046
155 1046 1935
216 1935 1968
920 1968 511
771 511 244
265 244 1875
398 1875 54
10 54 1643
731 1643 820
401 820 435
297 435 426
254 426 1771
19 1771 198
14 198 1469
782 1469 454
435 454 375
748 375 1460
308 1460 1101
437 1101 1956
300 1956 1975
411 1975 714
725 714 471
660 471 156
600 156 1157
121 1157 1224
721 1224 851
142 851 226
650 226 1315
562 1315 1900
22 1900 941
417 941 1892
476 1892 577
832 577 866
290 866 945
735 945 28
909 28 329
763 329 534
66 534 687
863 687 1802
201 1802 263
506 263 774
557 774 1607
906 1607 502
598 502 1317
345 1317 324
528 324 585
34 585 734
764 734 1069
589 1069 1362
877 1362 1217
40 1217 1208
35 1208 1021
364 1021 1944
494 1944 1407
414 1407 804
564 804 587
708 587 1114
60 1114 463
607 463 1218
916 1218 927
350 927 1772
83 1772 411
241 411 1014
587 1014 701
304 701 812
386 812 1533
703 1533 948
538 948 49
870 49 176
567 176 1713
545 1713 1468
334 1468 971
918 971 1034
797 1034 1165
846 1165 1966
663 1966 827
84 827 1864
343 1864 195
169 195 1834
165 1834 521
163 521 1660
496 1660 845
652 845 1154
823 1154 713
946 713 1878
151 1878 315
421 315 1176
682 1176 121
270 121 1354
98 1354 959
80 959 902
526 902 1231
406 1231 592
974 592 537
880 537 698
429 698 1081
302 1081 1264
394 1264 191
755 191 452
236 452 1801
874 1801 1024
673 1024 391
487 391 1084
127 1084 1937
535 1937 44
159 44 899
150 899 1678
688 1678 1421
402 1421 1192
341 1192 1889
794 1889 628
546 628 857
965 857 276
501 276 1221
328 1221 1996
427 1996 1137
627 1137 1972
109 1972 1159
843 1159 1420
664 1420 1917
537 1917 1848
517 1848 1435
696 1435 1946
619 1946 1035
821 1035 442
934 442 785
684 785 252
634 252 635
692 635 1960
459 1960 633
620 633 972
348 972 1949
952 1949 1584
726 1584 1809
403 1809 1932
161 1932 213
829 213 384
218 384 1621
361 1621 916
106 916 1911
456 1911 1204
79 1204 253
581 253 450
679 450 655
884 655 1560
223 1560 1361
325 1361 1386
77 1386 1419
675 1419 1334
399 1334 1065
706 1065 18
475 18 31
164 31 1982
419 1982 915
987 915 786
305 786 13
972 13 570
47 570 1563
531 1563 218
162 218 271
699 271 1876
737 1876 1651
641 1651 608
986 608 1787
903 1787 78
908 78 1619
154 1619 504
379 504 223
229 223 364
199 364 1545
710 1545 788
680 788 627
234 627 1332
173 1332 767
349 767 1330
262 1330 1781
191 1781 1442
931 1442 911
56 911 1276
859 1276 81
523 81 1726
170 1726 1831
354 1831 922
467 922 1815
301 1815 1502
911 1502 383
979 383 1596
730 1596 333
298 333 1828
235 1828 313
29 313 1964
362 1964 919
814 919 1280
887 1280 1761
875 1761 1488
16 1488 65
422 65 710
449 710 1269
930 1269 1780
917 1780 1871
601 1871 1390
252 1390 287
693 287 1938
542 1938 651
74 651 1856
75 1856 1279
42 1279 906
469 906 881
471 881 1214
683 1214 567
636 567 1682
228 1682 929
651 929 1770
822 1770 369
945 369 1812
558 1812 695
525 695 1302
943 1302 1235
90 1235 134
280 134 935
578 935 1602
559 1602 1941
160 1941 938
869 938 1109
855 1109 1396
415 1396 337
551 337 994
156 994 1733
541 1733 1722
625 1722 439
465 439 1612
568 1612 1343
479 1343 342
365 342 83
810 83 776
211 776 1493
591 1493 1580
88 1580 1581
381 1581 1008
491 1008 99
670 99 1230
57 1230 571
120 571 1138
181 1138 317
505 317 1178
959 1178 1033
958 1033 488
129 488 211
141 211 274
665 274 1313
566 1313 1418
319 1418 1759
111 1759 352
615 352 1861
520 1861 1706
432 1706 1277
450 1277 858
464 858 1927
796 1927 506
335 506 1475
512 1475 700
125 700 169
358 169 448
560 448 131
286 131 304
307 304 373
984 373 810
388 810 1265
635 1265 520
371 520 1299
405 1299 32
434 32 43
563 43 1930
1 1930 95
556 95 1824
988 1824 1405
902 1405 1910
410 1910 1791
259 1791 1134
677 1134 23
189 23 1278
134 1278 685
933 685 632
661 632 1633
500 1633 428
729 428 339
548 339 184
915 184 1509
812 1509 1184
455 1184 1999
458 1999 782
612 782 61
565 61 388
951 388 1611
561 1611 464
691 464 1443
935 1443 944
631 944 1083
889 1083 1614
203 1614 1353
232 1353 1558
833 1558 259
540 259 1422
914 1422 1991
678 1991 982
588 982 1709
574 1709 822
543 822 515
923 515 674
993 674 1371
596 1371 1286
76 1286 283
985 283 1130
839 1130 609
177 609 952
804 952 1333
314 1333 1548
702 1548 1331
65 1331 100
861 100 429
711 429 1394
313 1394 1211
890 1211 462
518 462 1823
8 1823 1070
856 1070 1025
618 1025 280
719 280 789
762 789 460
15 460 759
686 759 1228
552 1228 1001
533 1001 1250
143 1250 1671
52 1671 540
271 540 1059
649 1059 1388
976 1388 481
369 481 396
172 396 1555
347 1555 614
624 614 1507
936 1507 910
707 910 755
27 755 1158
739 1158 855
390 855 212
775 212 113
743 113 1400
765 1400 819
296 819 470
55 470 1667
527 1667 1732
961 1732 1753
777 1753 1598
46 1598 455
734 455 1010
637 1010 895
384 895 1712
944 1712 1345
393 1345 512
848 512 79
948 79 510
723 510 1579
251 1579 604
672 604 805
87 805 1458
717 1458 163
282 163 578
445 578 1087
539 1087 992
996 992 1715
621 1715 1494
577 1494 293
431 293 1578
184 1578 251
489 251 144
713 144 1061
68 1061 1550
982 1550 1441
868 1441 1868
412 1868 1665
922 1665 1136
582 1136 903
102 903 1844
530 1844 291
188 291 346
441 346 1347
645 1347 1814
676 1814 393
269 393 598
70 598 527
819 527 1586
983 1586 1429
278 1429 1576
242 1576 469
320 469 696
255 696 1835
583 1835 642
447 642 1107
769 1107 760
830 760 779
784 779 366
246 366 1447
145 1447 1792
227 1792 1127
865 1127 806
817 806 853
110 853 1762
827 1762 1903
317 1903 800
808 800 741
409 741 1076
332 1076 409
9 409 1698
695 1698 1011
754 1011 796
71 796 17
761 17 1768
144 1768 1527
685 1527 1304
133 1304 711
798 711 418
21 418 1693
932 1693 704
478 704 89
93 89 1994
616 1994 1755
630 1755 146
370 146 1925
674 1925 164
608 164 11
139 11 1808
950 1808 1045
407 1045 1410
114 1410 165
850 165 42
462 42 85
905 85 954
622 954 1395
550 1395 1376
30 1376 1139
785 1139 974
48 974 353
666 353 1798
63 1798 1687
510 1687 22
655 22 225
595 225 208
454 208 1773
231 1773 1914
123 1914 553
844 553 1180
490 1180 243
233 243 1986
807 1986 1711
5 1711 444
643 444 491
439 491 690
854 690 869
571 869 1238
864 1238 1283
344 1283 516
826 516 831
882 831 1508
549 1508 829
498 829 1108
904 1108 433
373 433 1254
584 1254 107
37 107 1980
352 1980 1719
786 1719 1704
6 1704 795
799 795 624
720 624 1585
977 1585 824
892 824 1639
668 1639 1962
316 1962 1309
646 1309 794
981 794 1133
130 1133 544
309 544 1717
569 1717 1004
277 1004 355
913 355 498
502 498 311
266 311 294
248 294 921
602 921 1160
31 1160 201
891 201 70
964 70 181
38 181 430
374 430 1155
158 1155 986
194 986 331
597 331 1476
387 1476 1943
208 1943 708
49 708 1751
709 1751 132
745 132 1487
424 1487 828
425 828 1003
912 1003 1822
962 1822 467
544 467 1588
716 1588 1723
96 1723 1724
834 1724 1263
883 1263 318
938 318 1151
285 1151 1378
346 1378 1471
196 1471 676
924 676 811
351 811 1974
639 1974 1587
275 1587 1022
881 1022 257
392 257 832
793 832 363
461 363 344
897 344 1071
738 1071 568
118 568 1967
377 1967 1438
356 1438 753
3 753 728
547 728 603
179 603 574
107 574 67
483 67 122
617 122 1335
152 1335 1194
484 1194 1561
86 1561 1406
18 1406 357
54 357 1348
238 1348 1243
212 1243 876
756 876 1389
481 1389 830
207 830 1995
999 1995 154
463 154 1175
339 1175 348
247 348 75
835 75 168
611 168 1599
594 1599 216
851 216 349
592 349 1998
896 1998 683
788 683 1858
17 1858 599
26 599 1444
64 1444 1517
221 1517 1852
746 1852 1129
200 1129 1044
303 1044 1209
185 1209 1656
947 1656 703
886 703 746
260 746 321
862 321 1344
357 1344 1851
195 1851 1038
815 1038 1877
521 1877 356
23 356 983
885 983 816
197 816 1981
742 1981 1258
105 1258 1445
256 1445 678
395 678 891
367 891 1470
873 1470 97
744 97 778
689 778 1411
166 1411 302
768 302 367
740 367 1412
438 1412 51
613 51 376
633 376 1691
736 1691 372
224 372 1525
831 1525 88
845 88 1663
117 1663 1850
513 1850 1767
89 1767 1240
453 1240 9
389 9 1050
267 1050 1705
715 1705 1168
992 1168 245
140 245 118
326 118 679
274 679 636
281 636 1451
969 1451 1436
919 1436 1615
480 1615 1794
975 1794 1853
590 1853 354
217 354 791
363 791 224
960 224 93
515 93 1094
570 1094 989
659 989 1694
7 1694 745
813 745 536
327 536 693
700 693 106
472 106 301
119 301 1604
766 1604 749
433 749 1862
443 1862 675
939 675 1500
900 1500 273
323 273 798
295 798 949
11 949 1866
626 1866 619
687 619 1622
474 1622 479
294 479 1764
115 1764 775
245 775 1324
385 1324 1589
990 1589 1774
94 1774 1281
492 1281 652
733 652 285
315 285 1796
772 1796 897
732 897 1556
994 1556 535
340 535 56
926 56 1141
279 1141 478
778 478 1997
871 1997 1266
524 1266 729
942 729 360
690 360 733
135 733 1526
499 1526 923
180 923 82
214 82 185
137 185 1404
516 1404 1055
781 1055 1616
95 1616 335
44 335 458
58 458 1873
457 1873 1484
276 1484 1321
372 1321 1450
888 1450 1603
428 1603 1462
879 1462 1245
860 1245 1752
773 1752 739
473 739 374
995 374 1521
291 1521 610
940 610 1519
215 1519 424
253 424 1829
360 1829 1064
470 1064 1449
853 1449 726
759 726 351
495 351 1384
283 1384 495
941 495 1360
529 1360 1043
837 1043 522
20 522 1595
806 1595 1544
97 1544 1799
460 1799 1292
122 1292 1747
648 1747 190
998 190 1111
116 1111 548
321 548 961
264 961 1062
654 1062 529
131 529 1830
202 1830 1413
366 1413 878
186 878 1385
220 1385 880
957 880 1593
749 1593 206
789 206 873
753 873 1020
629 1020 215
486 215 752
997 752 175
404 175 664
190 664 255
632 255 562
24 562 573
522 573 962
554 962 781
511 781 1554
727 1554 1865
555 1865 50
800 50 1567
244 1567 256
963 256 1955
324 1955 40
644 40 1769
167 1769 1518
714 1518 1529
642 1529 1116
776 1116 889
741 889 1198
842 1198 347
59 347 1482
382 1482 1357
13 1357 1478
176 1478 155
312 155 856
760 856 877
380 877 1516
534 1516 1797
671 1797 1564
376 646 1977
752 1977 1542
408 1542 1037
103 1037 120
72 120 1077
586 1077 1928
50 1928 247
61 247 238
451 238 183
576 183 400
978 400 933
585 933 1692
446 1692 129
647 129 378
418 378 103
628 103 1536
257 1536 427
657 427 750
396 750 1289
825 1289 646
792 1257 1948
609 1948 219
355 219 1512
448 1512 1849
311 1849 620
910 620 1257
336 1540 1841
787 1841 1540
