1000
1679 325
1930 1906
622 600
753 1273
300 1582
1711 1557
1206 1704
1694 1256
1823 931
409 303
54 358
135 949
298 1096
523 1357
532 198
460 1242
1488 1936
1402 1858
1406 1644
1771 1803
406 522
418 308
1060 1900
1018 356
1428 562
1731 1379
599 557
843 755
30 486
37 313
862 1376
1800 1160
116 988
1122 1408
585 1267
1208 980
978 524
107 21
1571 181
1882 326
1217 793
650 638
1279 1095
1282 634
335 1543
996 1338
1598 1546
438 570
1648 974
250 708
1928 1754
883 1041
1461 1671
518 1440
357 653
334 470
725 911
1430 1230
128 458
347 519
1114 1538
247 1763
1075 815
1798 314
1444 484
1331 1901
1314 534
1676 1126
451 1061
401 1863
598 1474
1984 796
120 924
1760 1166
145 651
1856 722
1286 1718
1386 582
1681 449
1748 1204
959 1099
117 947
328 312
1772 1590
137 827
705 1661
1561 595
805 543
420 1580
761 1767
1235 1867
141 909
1236 1356
7 89
1774 720
1616 1666
1723 277
202 1544
1042 1354
241 1739
1358 1002
813 327
157 903
1037 1881
1232 1456
556 1258
90 916
574 1934
1570 1364
842 1972
853 239
1759 1649
1013 1247
1294 928
1410 1836
1226 1764
1453 1111
151 1663
34 568
301 397
571 863
777 1157
1292 254
1914 1448
1152 1058
700 1832
1987 1609
64 1084
661 1261
488 1790
1133 1457
171 529
1597 1729
1304 1290
1278 1316
475 733
1886 742
185 597
12 1342
11 193
245 1883
211 1727
1775 851
330 1250
474 1768
1447 209
1640 888
1504 1766
1131 1147
1186 1942
323 899
1686 1878
807 1335
306 266
1619 1497
66 1046
268 994
1821 1735
1155 1015
1102 44
1063 1941
1932 1788
218 1730
341 521
31 19
1834 1480
1699 1411
1769 483
1993 1187
167 195
170 1726
47 1675
446 396
1332 1234
1463 1477
1023 1827
1478 1846
1049 609
1915 1839
603 1427
923 1919
1138 1684
1425 1907
1455 1701
1750 1578
345 1209
878 616
1473 1689
291 1655
723 23
664 1746
1781 559
691 879
62 1340
986 1670
963 1851
1471 1325
816 20
182 108
456 364
957 1129
1802 1738
1830 588
648 1614
1193 1569
1741 1163
576 86
830 6
1293 1943
1119 407
1887 1253
508 776
1243 1125
1310 772
1816 82
1577 1519
1935 33
354 1210
380 384
1285 765
1385 1121
149 1517
1329 839
640 1560
372 476
267 1399
36 848
874 1792
1072 1682
223 1637
432 1528
1773 87
1353 443
15 243
669 627
1688 1828
200 452
586 1702
1348 758
808 1674
1016 1620
411 987
1532 1576
985 637
1745 1567
677 775
554 366
1926 348
294 1080
1859 1695
1103 159
1397 1579
1390 1714
424 172
426 230
166 696
1323 1445
1536 1574
1284 584
1791 867
746 1680
217 545
220 1330
1188 882
939 961
244 126
1707 311
296 1050
975 1161
1403 393
121 647
942 540
1703 1905
1452 1954
679 1365
1587 979
1484 680
1646 1004
425 1429
1141 1523
1066 134
550 636
163 1423
1506 1384
1734 970
623 1151
1697 131
359 1929
1036 528
1492 1594
1056 866
1521 1391
1153 1417
629 1885
479 237
1052 798
819 1531
435 1575
173 333
1259 299
26 1956
499 1815
1081 737
1044 792
701 1189
1988 786
564 174
304 1628
900 1460
544 284
1067 875
1381 1849
155 1145
790 1394
453 1333
205 285
692 1962
1201 1903
1737 1089
242 1418
469 1305
1040 548
1073 1843
1203 273
1955 1961
615 1361
118 1322
536 1308
5 1221
473 1237
1164 1092
322 1328
1592 1076
264 1890
1030 1468
506 526
1540 160
1341 1363
1933 1565
1653 1175
1945 535
112 1192
1685 1051
1864 1806
1283 1485
1317 1677
530 1378
1387 1555
52 972
767 671
229 927
27 811
1980 282
1909 381
1831 1079
489 219
1438 1248
150 1344
169 1553
769 995
1829 937
1621 1085
1082 1964
1777 791
57 1021
342 1918
1123 1413
891 531
404 262
481 1605
76 146
702 520
551 1321
747 433
430 846
1032 180
24 646
563 1967
316 1860
1778 504
877 485
1581 993
1482 644
162 1624
895 289
1324 412
468 812
58 1476
736 810
9 951
855 1789
1642 1842
1169 257
1489 1345
1264 1810
678 1110
750 712
547 105
1875 1947
936 1334
1779 689
1566 820
1421 809
69 1809
1337 175
1299 1969
1231 1409
1045 591
1542 964
925 741
1910 210
1975 1287
1868 336
115 943
1407 1197
1396 1664
1352 500
941 109
378 1898
1086 1982
953 631
315 825
65 1291
142 1840
1487 1173
828 998
905 649
1996 864
1603 539
698 920
626 110
423 293
1706 724
139 749
32 1958
454 1626
542 114
1101 45
1950 1412
491 1311
1375 1383
654 346
72 80
1862 1326
730 870
578 914
1872 1692
642 894
152 1512
732 710
1143 1277
238 1818
1804 1202
1240 1992
228 208
2 1184
797 1911
1873 517
1219 1999
1368 1960
1799 709
1657 363
42 1916
154 826
858 74
439 389
1896 94
186 922
1115 1939
906 1120
1064 552
881 787
106 1700
1627 739
1622 1522
18 1970
1892 1424
38 48
1912 704
1343 1659
1615 207
1171 1389
96 1372
1879 67
440 1194
361 999
1249 215
391 917
593 1295
1857 251
1180 1758
1008 1902
1349 1281
1105 77
594 1944
351 617
1660 1156
854 332
829 893
1526 1078
1573 1633
276 780
498 1690
1437 965
896 618
317 823
263 1227
1459 1591
305 1
509 727
1979 1687
447 781
1301 1475
1850 234
1006 158
93 907
946 1404
566 1848
462 178
392 694
295 1861
1645 1877
1039 573
275 81
1266 1272
695 699
902 770
1667 269
324 1416
1360 958
1710 1844
1783 1563
799 665
751 1001
1516 204
1957 1937
1336 1028
153 1917
1952 948
1009 1087
259 579
279 1733
1938 1350
1486 822
467 413
533 1713
628 1144
1398 728
1817 339
1172 1508
1395 625
1007 337
1000 1228
370 194
962 1220
1865 1951
177 95
394 774
1306 1812
60 1602
1870 448
1611 1537
1315 101
43 71
804 1414
61 1613
583 1313
176 288
658 1612
1717 997
1094 1012
869 763
1515 1229
258 1784
1709 1179
1740 546
183 1601
1494 1708
935 399
1813 1535
681 1807
1551 253
1098 1136
1359 1835
1894 1254
309 933
1077 73
1014 1300
292 982
1069 639
1853 1647
1493 421
349 3
1893 1985
1785 1599
225 1793
1371 715
525 331
502 684
0 1564
156 844
1871 611
921 841
764 1088
569 1167
419 673
320 104
783 463
164 1990
1782 1948
1965 1415
168 402
782 1940
1625 51
1026 1720
140 352
1994 246
666 122
1025 1721
1946 966
633 1029
507 1715
954 606
659 265
494 614
1562 1722
1382 1866
29 1137
103 465
1786 1020
1755 1855
944 918
1439 255
376 310
252 1366
1481 1265
567 319
1106 1010
1319 859
414 1974
497 1743
1393 1651
885 1529
1510 444
232 40
187 1347
1309 1207
1623 129
1747 1811
613 1059
686 226
231 929
847 845
1696 102
1062 1472
1776 22
731 1819
1251 427
235 1149
989 307
471 1845
632 368
1274 662
1174 1966
84 1420
688 274
203 353
1351 1511
1639 39
1426 740
771 99
437 1797
604 1196
1024 1610
1837 1925
667 1419
1814 1608
1978 1134
1019 1991
450 1346
1374 788
371 1953
1880 1176
1214 1434
785 1749
1527 697
773 759
379 619
1678 580
778 590
1268 360
558 464
41 635
287 63
1483 1631
1698 990
1435 55
1669 1765
1142 1630
125 271
1895 693
1446 1736
670 1548
1533 1053
1239 1971
682 1884
1983 1065
1246 910
887 587
1869 1751
1545 1213
429 607
1113 25
144 940
1518 472
1705 833
1588 278
1838 1458
466 1320
280 1212
416 624
1150 1224
1963 663
422 510
884 236
714 1530
192 1584
136 1554
1514 1552
428 1662
1668 1596
1181 1643
897 445
1716 652
455 991
1973 945
1691 1629
1876 350
1433 1071
1158 1146
589 367
803 889
743 1981
113 601
97 1223
514 132
872 1852
1673 643
375 541
1593 1795
908 340
111 1899
1977 459
873 981
1011 1205
191 1549
612 876
1162 960
147 1031
726 1650
1124 856
233 17
789 1541
329 1467
734 932
1400 1182
1604 1252
835 621
1634 302
1107 1241
934 818
1757 511
1104 1796
1752 1262
707 1989
212 1888
1112 1116
1753 403
4 478
1307 549
716 436
385 1055
1547 1469
754 490
779 1635
1027 1139
1719 297
461 1841
683 143
206 1128
496 886
1380 1976
1257 53
832 1638
1373 1889
14 1048
1495 1927
836 1034
1583 711
795 1377
50 434
343 1339
92 834
431 861
668 952
926 16
457 1595
290 1986
800 1260
901 197
1225 83
1097 837
1509 817
1465 745
919 721
124 1038
852 1636
1148 806
538 1658
527 415
706 672
1559 1035
1770 1632
1154 1288
505 1891
1289 1355
516 1170
1762 98
138 270
213 1617
760 1222
1525 1913
1135 577
1742 1558
738 1724
75 1833
955 1805
1043 1479
1524 1200
1392 1130
984 814
904 1924
1654 1198
581 1159
553 821
88 338
1165 35
1505 969
1922 512
1005 1367
1959 165
1652 216
281 487
1275 1449
690 1132
1109 605
976 1070
757 973
1271 1401
1276 1920
249 1245
1572 100
657 321
199 687
1238 718
1127 1195
1921 913
1233 1183
1441 133
938 892
49 1825
735 1997
768 410
1470 1904
977 1801
1761 513
1270 748
784 1362
222 1874
756 1462
1303 537
1744 1022
493 831
1263 1683
655 441
1185 983
1255 703
240 1280
398 1450
1083 387
1539 1211
201 1931
362 824
59 717
1199 503
127 119
1998 1318
344 930
1140 762
801 561
1728 1500
1296 660
1405 91
1923 1787
1568 1108
85 1047
1607 1499
555 377
78 382
28 1672
620 744
1502 1618
179 1003
1503 355
1422 10
184 492
1074 1218
130 1780
971 967
386 1436
1490 1968
260 1118
1665 865
1327 515
1190 676
68 838
56 860
1606 1498
477 1017
395 1093
1269 221
1090 1442
1693 1297
1369 685
1216 442
1057 1443
1091 1507
1244 1370
318 850
675 501
482 610
495 641
1641 729
766 1302
1712 656
369 189
713 123
1298 1656
1491 79
645 575
956 1808
388 390
417 1949
196 272
950 1312
802 602
840 1600
408 880
1513 1033
1178 968
224 1908
248 1732
1822 1534
256 46
70 1820
857 1725
1454 912
1854 1432
188 1496
565 1451
849 1501
365 1117
1431 13
1100 1054
1464 592
1794 148
1520 1388
1585 1177
1068 400
405 383
719 261
794 868
1550 560
1586 572
373 1191
283 871
608 214
915 1215
1824 596
1897 161
1589 227
898 8
1168 1756
630 674
1556 1466
374 480
992 286
1826 752
890 190
1995 1847
