1000
155 1457
276 1108
1691 263
271 1865
1197 303
385 1255
1930 1160
1175 377
676 108
986 512
1705 945
1336 1370
650 1004
817 505
641 1885
1292 1220
36 4
601 801
896 1674
204 1166
815 275
1585 1037
102 188
369 1411
1379 603
1985 1157
1270 786
157 599
750 726
1365 827
274 898
190 252
456 770
1896 712
909 249
607 1121
1325 107
420 1588
333 1305
996 1264
640 1536
708 1228
1680 1848
1194 746
1650 1592
1470 1918
1169 111
1770 110
711 323
548 1324
81 699
1103 913
214 354
1826 1070
1098 1864
352 532
325 393
1266 578
56 1618
766 1466
97 1355
164 484
705 311
1527 465
257 1721
487 1485
1723 1143
642 1174
348 58
605 1615
1509 1443
1498 124
367 1113
1937 1493
372 380
1137 1011
1642 288
1331 239
1563 63
566 782
1178 556
180 1026
125 1263
1227 129
1314 1200
950 562
1775 131
438 1548
808 654
1056 914
1299 757
906 1766
31 479
1432 740
803 1041
434 1426
391 7
414 378
831 869
1771 1081
796 242
775 1879
1834 1040
744 80
1068 370
216 412
1561 1955
314 1576
1577 575
1400 404
1758 1294
342 920
767 1539
800 1078
1124 316
244 1952
1744 966
730 358
852 156
759 1661
816 792
82 954
1122 1776
1764 1974
975 383
905 503
401 477
622 384
1168 6
624 1608
773 227
544 1442
1494 1718
625 1967
1518 732
1586 1998
592 118
517 985
1505 183
1827 787
1836 1002
268 430
1881 1891
1512 98
876 692
847 581
584 900
1409 1695
1235 1425
971 1087
144 1342
1978 1112
381 1495
1048 1224
724 1352
942 182
1147 237
1550 74
1024 1730
1090 946
1805 1319
202 458
1095 1981
1132 1704
293 1353
865 739
285 933
596 278
665 1931
435 1765
1162 170
490 62
468 1750
449 871
1141 617
1513 1091
1982 1678
1170 1796
86 838
1074 882
289 1269
12 116
1843 669
1126 526
198 1140
1371 1245
47 1737
395 917
1907 1013
1690 1838
919 637
1142 810
469 1629
924 678
672 1740
1134 406
1714 916
1979 355
719 751
763 427
1293 175
593 1735
1375 1743
886 1092
1739 1377
1022 324
976 1206
1670 588
1562 1894
690 1298
710 448
258 1578
1833 715
1839 35
1621 193
1724 974
1233 859
849 1757
291 1523
471 1709
1900 168
631 1935
1196 1762
1272 1504
652 1410
1887 1977
115 893
1975 1825
91 1335
1413 1285
1677 885
713 473
1685 145
1904 1082
1361 1491
1163 1793
1558 1244
28 520
273 231
1842 388
459 1947
123 555
236 440
728 224
1459 443
651 187
670 1962
563 1587
1997 1921
1201 431
1369 1841
984 1374
1711 677
54 1942
598 1698
832 1250
1428 878
635 1657
1492 720
359 755
1654 980
1323 1633
993 1611
321 829
758 1812
552 436
88 586
1208 1362
1829 329
39 545
1884 918
1909 1277
398 142
656 226
90 100
1898 748
929 749
982 940
1673 1189
357 783
785 5
429 965
978 14
1430 814
70 1216
1073 173
1341 833
1422 546
1062 1840
1951 661
1944 620
166 1786
537 627
402 1646
1957 1449
1742 1694
1693 1481
1655 1469
1027 861
1047 685
148 230
653 1751
701 1433
804 870
1262 260
1996 1938
59 1995
1401 1999
1403 877
1489 317
1795 27
1359 1551
769 535
192 264
727 287
318 32
26 1544
68 760
1821 683
777 1807
1950 128
994 72
1697 247
561 955
119 845
837 87
1213 191
633 1873
1107 1211
844 1874
1639 1383
926 1192
1522 1376
972 1924
1936 50
1260 802
811 1009
1567 1339
1419 1529
1993 1889
1360 826
89 1601
908 798
673 223
1279 879
1853 1439
1870 540
574 390
425 1701
460 200
860 1304
1329 1057
1115 447
774 152
1863 1015
286 494
1109 205
356 18
1406 238
987 799
895 1747
1054 614
1231 361
1023 423
931 1133
1203 1475
217 439
1176 386
201 1311
1239 1187
923 1763
1104 1934
294 1332
1590 1696
283 1883
463 915
843 197
1259 1749
903 1219
1626 794
608 1120
1131 927
1837 349
951 1741
38 1556
1322 1378
69 1901
113 557
797 981
1389 305
948 992
1804 1520
1380 508
1631 1281
1058 858
1119 1381
9 1609
1367 527
1453 167
1456 1648
1919 1699
375 109
1127 1613
1871 1053
120 1948
793 753
1225 1819
999 1223
830 1198
49 611
1877 1295
441 343
820 184
451 731
944 1016
159 1291
1895 1473
488 716
660 132
1708 462
884 1458
1668 536
371 1679
121 457
619 495
1636 1658
1589 855
1596 1528
1559 3
44 186
1315 1
1564 1268
1861 1815
1373 1565
580 1212
657 1557
762 1872
1984 1180
1346 862
576 1010
818 1320
1116 426
1349 579
1173 977
1420 1394
1617 1337
851 629
1171 1511
1177 1061
995 1461
417 1307
1159 1733
1309 253
483 1497
0 1602
255 93
234 220
481 337
1686 658
941 467
1599 379
1878 1622
553 883
1808 530
382 1816
1150 1966
1501 33
707 499
663 647
1964 664
1106 1358
45 1327
78 66
781 1183
1818 1732
771 807
1756 302
1543 1283
1093 1251
836 700
1728 880
1393 203
1830 910
307 1155
1560 1716
1384 1932
176 30
1388 330
405 1597
1280 1184
709 1079
1632 934
1540 964
1467 225
1398 1050
825 1445
1667 415
306 590
1302 1506
1580 968
1172 1582
1145 1791
754 16
34 272
1659 11
1069 1273
322 246
970 1628
587 691
281 103
718 1240
248 1820
1237 989
1781 897
1780 8
1032 1652
1156 1612
600 482
298 126
1265 1533
1238 1486
1397 299
1710 22
1222 610
853 887
1386 636
1880 644
938 1060
558 208
143 1429
308 1910
1787 1745
101 1025
418 452
174 1052
177 269
387 823
806 1480
778 572
1759 1959
988 890
1800 1030
1129 1785
1753 1917
937 1441
822 842
290 136
1042 1448
199 873
1066 1906
639 1707
498 300
461 1503
212 1018
29 1555
1607 1923
1123 671
279 1139
410 1252
1782 428
958 1980
424 1600
1348 1440
1779 721
43 1209
504 42
140 682
568 1006
969 135
902 1866
1989 1165
1510 178
780 1792
171 61
181 735
1275 83
1736 472
589 1261
1334 396
866 1340
1271 1149
1247 1855
723 1675
1644 1412
1569 373
959 529
1851 1253
634 626
1318 422
549 1535
1136 1438
445 1499
1943 1391
360 76
455 741
618 1226
888 662
979 997
1988 94
1731 1525
1502 1886
864 686
1940 1860
649 1911
1188 1888
776 1476
854 1584
1431 319
541 139
331 1925
582 1152
1154 1970
528 154
1404 232
1867 1075
772 1682
680 1956
957 1929
963 1625
1822 270
1114 1296
296 1330
768 1210
1547 345
502 1526
1663 1059
1151 1915
1794 506
674 790
1190 454
474 1284
1338 1814
1085 297
697 551
932 694
1246 106
1811 921
1045 1545
679 519
1257 1351
1161 1029
789 37
1572 46
1035 51
1202 1462
570 1186
1606 1754
1645 1703
1111 1683
1474 534
1916 1552
1537 1965
432 1546
1153 65
1835 1575
1859 327
133 595
112 1164
1276 1128
1949 1267
1382 1230
1167 265
1105 1809
146 256
1541 25
1372 734
295 1799
1243 1619
1660 1846
1868 194
397 105
1288 1688
1963 729
1734 1282
1832 346
1076 1046
280 1568
1961 153
1274 1554
646 1908
394 1148
1044 756
254 1702
1676 1954
1003 1649
1994 392
1651 1421
1345 71
374 524
1444 368
21 533
623 1553
344 92
1395 693
1746 1784
1049 1135
301 1969
1181 613
1990 1418
509 531
1077 1669
1960 1424
1446 1496
1468 1020
114 812
1517 1399
1803 1571
612 48
117 737
1407 1249
1831 939
840 24
1534 998
96 1500
594 704
1893 1987
1193 1321
1798 64
312 1748
338 1684
1761 1515
421 791
1256 1972
1328 1300
1392 1854
630 1234
733 1001
609 179
1760 892
1920 1100
450 138
583 1549
1653 1083
1755 213
57 565
1717 1101
1876 1824
491 1983
1637 1531
1012 1204
1581 23
1125 523
894 1084
1310 362
684 784
960 1312
567 95
1783 1017
1278 210
413 761
962 930
1913 151
1797 353
416 1532
464 602
489 1627
211 1671
310 122
1051 1031
1301 209
947 1289
485 475
765 949
1215 585
1248 1862
267 1897
928 824
336 1096
1454 1434
1530 1828
433 137
1768 1620
511 1583
1450 160
1508 1478
1158 936
1242 1356
215 1297
863 245
282 638
850 1638
1290 1844
1941 389
1810 1072
444 470
1594 1538
408 1752
1574 206
1939 1767
560 2
284 496
127 1725
1802 1672
1039 1241
347 365
251 745
222 500
1019 1357
1643 147
1484 1490
1306 510
648 1436
990 1656
666 1720
956 1570
525 1117
1451 411
1402 1464
795 339
702 516
881 407
304 952
497 961
1097 813
1857 399
1364 1316
1902 172
542 874
219 835
1922 1666
313 839
1858 550
1945 1005
134 1856
350 1414
689 819
1033 1635
1455 655
1777 821
559 841
130 266
1773 1089
1258 1008
1487 309
675 899
834 196
1630 632
872 104
1719 437
1769 1647
218 1700
341 703
1692 1890
492 1926
1968 1624
856 20
1452 1914
150 1488
1185 1927
848 1946
747 53
1591 1971
846 1218
1080 616
1712 1516
1055 925
1102 1326
1130 480
221 743
1479 573
1423 1437
521 1071
1614 400
67 169
1036 904
687 1199
1519 1483
725 1099
911 1849
1482 158
597 1229
615 539
262 1662
659 1179
75 315
1465 1333
1086 1722
1514 1604
698 326
1664 1986
1387 569
207 507
409 513
1435 1427
466 60
77 161
907 1905
1772 1354
1350 1368
41 1021
1007 1303
1014 320
1447 1507
55 1221
1065 953
1542 478
1973 403
334 554
1477 19
162 486
363 547
243 1317
1681 1899
185 643
1217 195
277 681
543 1063
591 1521
515 259
52 1806
1182 1460
779 1687
1850 446
706 696
1623 1191
1463 1991
340 1390
973 165
1729 717
493 1573
40 736
1396 742
453 73
1566 84
1286 1472
229 1727
1605 577
240 332
250 738
1144 1634
442 1958
889 1313
1869 13
1665 645
1385 1715
1738 1892
1845 1593
1366 1790
1788 514
1912 1344
1232 228
364 722
1953 1933
667 149
1823 1287
1789 867
189 241
1598 1038
922 668
1205 1817
628 1094
828 1616
335 1903
99 1415
764 606
1343 163
1813 233
1207 875
1778 1064
1610 604
476 564
967 1801
328 1118
518 1034
1067 501
419 1603
85 17
79 1689
1992 1882
943 1363
235 891
1088 376
857 1875
1028 1138
538 1214
901 935
809 1347
1641 621
1408 1774
1852 688
1595 1847
292 868
752 1000
788 1640
571 15
1308 1928
351 261
1146 1976
1236 1524
1726 912
141 991
1254 1110
1706 366
1579 1713
714 1416
1043 1405
522 10
1417 983
695 1195
1471 805
