1000
454 1602 1
430 1 686
601 686 1137
75 1137 990
802 990 345
623 345 454
629 454 811
336 811 992
390 992 1053
403 1053 130
830 130 1735
201 1735 1408
978 1408 227
130 227 1228
41 1228 1293
200 1293 1826
53 1826 931
364 931 868
981 868 1709
219 1709 1530
769 1530 173
285 173 928
766 928 1177
448 1177 940
277 940 1019
797 1019 644
526 644 121
423 121 1544
316 1544 1975
227 1975 176
486 176 1971
851 1971 410
558 410 749
276 749 1072
783 1072 191
326 191 788
983 788 361
362 361 770
32 770 1545
637 1545 956
804 956 431
249 431 800
113 800 923
370 923 238
358 238 595
656 595 1868
669 1868 1807
319 1807 1224
153 1224 953
894 953 936
775 936 843
376 843 1804
391 1804 481
457 481 1664
879 1664 15
984 15 1430
283 1430 1187
369 1187 762
436 762 129
83 129 774
353 774 1849
868 1849 1090
159 1090 1055
855 1055 1076
675 1076 955
323 955 1440
562 1440 653
301 653 250
928 250 1263
82 1263 1876
736 1876 177
535 177 1732
474 1732 183
138 183 496
790 496 1717
735 1717 900
146 900 1417
997 1417 1018
553 1018 1789
945 1789 1134
195 1134 1595
980 1595 154
612 154 1473
416 1473 106
635 106 755
259 755 1642
76 1642 1713
993 1713 422
588 422 683
318 683 180
81 180 975
124 975 1618
58 1618 1945
822 1945 996
39 996 737
708 737 1884
270 1884 1083
732 1083 348
68 348 1943
592 1943 610
523 610 779
911 779 314
107 314 425
348 425 300
551 300 1503
552 1503 1540
492 1540 1037
21 1037 416
753 416 469
192 469 372
74 372 1621
214 1621 1808
463 1808 1471
999 1471 1196
222 1196 239
77 239 670
246 670 39
269 39 1456
399 1456 353
752 353 204
19 204 835
818 835 1782
559 1782 1573
919 1573 1508
774 1508 523
741 523 876
144 876 1309
452 1309 1748
718 1748 1689
967 1689 1922
819 1922 335
952 335 98
143 98 489
755 489 374
688 374 1477
898 1477 1982
176 1982 323
48 323 1290
781 1290 157
27 157 1402
807 1402 537
292 537 1374
251 1374 1017
747 1017 218
840 218 301
696 301 32
315 32 1683
648 1683 890
540 890 1013
188 1013 94
598 94 13
932 13 132
418 132 1341
286 1341 1168
128 1168 1995
306 1995 1942
253 1942 1947
240 1947 1542
895 1542 1523
218 1523 1710
522 1710 1979
197 1979 1646
293 1646 1599
460 1599 1622
461 1622 123
241 123 1446
702 1446 505
13 505 1184
489 1184 721
563 721 222
796 222 1501
466 1501 1968
844 1968 377
7 377 826
340 826 641
14 641 116
181 116 1989
570 1989 836
479 836 1301
759 1301 1792
572 1792 1221
893 1221 1946
849 1946 1153
653 1153 1936
334 1936 1951
289 1951 1340
579 1340 1135
695 1135 952
811 952 1697
322 1697 1754
646 1754 395
187 395 1084
742 1084 1107
328 1107 790
628 790 1327
471 1327 1956
616 1956 1321
716 1321 808
88 808 1347
976 1347 1192
331 1192 1075
614 1075 134
823 134 145
232 145 316
114 316 877
308 877 598
254 598 303
4 303 804
303 804 1131
381 1131 1074
179 1074 1119
395 1119 620
290 620 57
734 57 1436
801 1436 1353
164 1353 1708
419 1708 1539
112 1539 1234
725 1234 1371
185 1371 756
681 756 957
617 957 72
321 72 1007
890 1007 698
878 698 1675
582 1675 1278
748 1278 1791
501 1791 856
845 856 1981
162 1981 906
91 906 235
970 235 1110
991 1110 747
850 747 1948
404 1948 1881
142 1881 110
47 110 231
238 231 1728
480 1728 1121
35 1121 1394
444 1394 581
145 581 1154
611 1154 31
92 31 1522
332 1522 625
133 625 34
503 34 1729
918 1729 1284
630 1284 1527
63 1527 1536
40 1536 1361
234 1361 510
800 510 695
998 695 806
537 806 521
861 521 930
750 930 1039
793 1039 760
317 760 1933
942 1933 48
707 48 1389
389 1389 1696
373 1696 411
806 411 550
821 550 143
529 143 572
538 572 1223
407 1223 1002
140 1002 165
917 165 1028
973 1028 863
778 863 1756
476 1756 1699
400 1699 82
121 82 1047
299 1047 1316
815 1316 637
190 637 1082
233 1082 97
60 97 646
679 646 93
455 93 1746
694 1746 217
366 217 1562
208 1562 107
36 107 676
8 676 1893
715 1893 14
282 14 1023
363 1023 1578
211 1578 1743
202 1743 626
587 626 1367
397 1367 1474
649 1474 1467
493 1467 1776
122 1776 879
344 879 722
941 722 1637
738 1637 470
784 470 1557
435 1557 1344
939 1344 89
341 89 400
862 400 387
536 387 1178
80 1178 1445
495 1445 1176
367 1176 1615
69 1615 1396
921 1396 1259
377 1259 252
31 252 1811
636 1811 1080
853 1080 1385
934 1385 286
355 286 1507
892 1507 554
897 554 1667
496 1667 1586
135 1586 3
428 3 442
930 442 43
564 43 792
120 792 1185
848 1185 74
157 74 451
413 451 1270
26 1270 1215
763 1215 1416
994 1416 1287
944 1287 178
571 178 491
737 491 18
357 18 1645
647 1645 298
518 298 1875
972 1875 1144
929 1144 367
72 367 888
596 888 1339
337 1339 434
95 434 575
108 575 424
561 424 401
126 401 1524
988 1524 765
762 765 1052
534 1052 1827
139 1827 1214
974 1214 1463
915 1463 10
996 10 1479
859 1479 1428
256 1428 1123
556 1123 1330
621 1330 1705
10 1705 1056
89 1056 1087
149 1087 1030
541 1030 201
368 201 690
209 690 703
841 703 1660
668 1660 155
0 155 544
131 544 559
829 559 1160
6 1160 71
687 71 656
273 656 1775
86 1775 1870
346 1870 1461
449 1461 1006
567 1006 1433
302 1433 1300
723 1300 673
343 673 1778
958 1778 937
544 937 560
789 560 1999
307 1999 600
517 600 1519
866 1519 518
963 518 967
961 967 200
349 200 1541
664 1541 1976
987 1976 855
426 855 412
105 412 1785
542 1785 872
837 872 1897
765 1897 1734
673 1734 719
198 719 1250
255 1250 1169
46 1169 1890
842 1890 309
833 309 514
938 514 213
733 213 246
506 246 1679
422 1679 1630
836 1630 1369
250 1369 160
773 160 551
633 551 1304
350 1304 1141
174 1141 1384
485 1384 69
386 69 100
274 100 1911
603 1911 1352
154 1352 1277
271 1277 92
692 92 1657
257 1657 1366
937 1366 211
756 211 330
487 330 613
697 613 820
412 820 1817
949 1817 796
100 796 1759
539 1759 42
565 42 1497
453 1497 1518
134 1518 1269
180 1269 1712
854 1712 485
761 485 1526
624 1526 1499
591 1499 1556
384 1556 1963
672 1963 1272
223 1272 497
812 497 1040
102 1040 167
398 167 548
49 548 677
252 677 290
546 290 1865
3 1865 1730
158 1730 977
443 977 828
951 828 385
5 385 746
43 746 807
475 807 1230
660 1230 619
424 619 1506
498 1506 699
50 699 1920
729 1920 901
975 901 1066
549 1066 95
746 95 1434
768 1434 547
900 547 1638
780 1638 1151
626 1151 86
178 86 1163
235 1163 208
528 208 1443
70 1443 492
843 492 75
874 75 1686
458 1686 1343
955 1343 1838
189 1838 311
62 311 1296
620 1296 887
524 887 1148
680 1148 1607
555 1607 78
472 78 1935
221 1935 1370
11 1370 665
168 665 70
284 70 785
280 785 1996
305 1996 63
78 63 438
87 438 453
922 453 1928
985 1928 693
693 693 606
954 606 1237
512 1237 1012
739 1012 797
388 797 1020
703 1020 533
690 533 1980
560 1980 1043
995 1043 596
167 596 1723
66 1723 858
394 858 943
969 943 638
779 638 1719
838 1719 1564
431 1564 733
726 733 1000
982 1000 1249
709 1249 594
714 594 1297
777 1297 1786
291 1786 1835
654 1835 426
441 426 885
230 885 324
205 324 979
597 979 1004
12 1004 1351
639 1351 744
103 744 1921
248 1921 4
16 4 1965
651 1965 464
754 464 1399
705 1399 484
61 484 1837
382 1837 1652
515 1652 969
568 969 1866
569 1866 1099
867 1099 1276
658 1276 873
548 873 1802
792 1802 329
268 329 172
816 172 99
953 99 586
266 586 1913
751 1913 1850
912 1850 1555
554 1555 1972
722 1972 745
795 745 1750
172 1750 1533
519 1533 736
920 736 1961
677 1961 1848
42 1848 321
263 321 1172
500 1172 419
965 419 398
272 398 1859
655 1859 1674
18 1674 1105
662 1105 192
313 192 1737
186 1737 1954
683 1954 325
56 325 1608
129 1608 1377
204 1377 262
872 262 339
808 339 1206
206 1206 1025
532 1025 1900
220 1900 1833
212 1833 1286
924 1286 529
585 529 1042
547 1042 553
462 553 1118
962 1118 1673
278 1673 812
704 812 1887
225 1887 24
711 24 1161
640 1161 972
333 972 77
885 77 1840
288 1840 939
710 939 170
170 170 839
820 839 1688
671 1688 713
231 713 1528
427 1528 405
488 405 404
109 404 601
17 601 1200
84 1200 687
865 687 802
335 802 741
594 741 1546
652 1546 1569
584 1569 1628
507 1628 1031
758 1031 950
85 950 1439
345 1439 148
300 148 1771
99 1771 920
111 920 1659
504 1659 1990
698 1990 583
731 583 452
533 452 1583
772 1583 1490
799 1490 517
137 517 1016
414 1016 1057
351 1057 672
194 672 261
986 261 1650
44 1650 409
882 409 1488
847 1488 1851
586 1851 748
275 748 103
509 103 1720
803 1720 1335
228 1335 1910
530 1910 1693
296 1693 520
237 520 1973
896 1973 1598
947 1598 963
618 963 376
971 376 913
51 913 898
30 898 1727
925 1727 1772
887 1772 647
468 647 1338
631 1338 187
245 187 1350
888 1350 633
327 633 128
320 128 51
643 51 966
116 966 257
64 257 280
676 280 433
770 433 1864
54 1864 903
378 903 782
79 782 1435
883 1435 574
347 574 1611
262 1611 1008
832 1008 743
858 743 1780
514 1780 1993
339 1993 112
657 112 837
325 837 1914
846 1914 549
589 549 466
884 466 1941
782 1941 1612
516 1612 845
324 845 1882
968 1882 9
396 9 392
685 392 7
96 7 1610
959 1610 1397
521 1397 1702
682 1702 1747
360 1747 1106
470 1106 643
903 643 1816
464 1816 1619
667 1619 758
264 758 189
946 189 1760
728 1760 1109
356 1109 1796
177 1796 831
98 831 1132
163 1132 297
632 297 916
196 916 287
314 287 1274
678 1274 447
352 447 886
203 886 909
34 909 1752
786 1752 1593
936 1593 156
118 156 1149
580 1149 730
117 730 1643
798 1643 1854
724 1854 609
727 609 1822
619 1822 1731
599 1731 476
960 476 1437
860 1437 578
57 578 735
574 735 1820
511 1820 1753
543 1753 84
923 84 435
169 435 236
242 236 1561
106 1561 46
642 46 429
281 429 1036
864 1036 1097
813 1097 1188
604 1188 113
387 113 1444
689 1444 1633
261 1633 678
193 678 1077
700 1077 332
927 332 1761
720 1761 486
899 486 1839
213 1839 1966
465 1966 851
446 851 1372
665 1372 1267
659 1267 52
909 52 195
904 195 784
744 784 1317
901 1317 1758
110 1758 707
467 707 1502
600 1502 115
226 115 1108
1 1108 1725
791 1725 1874
329 1874 1157
25 1157 16
502 16 1247
581 1247 146
663 146 1745
531 1745 214
52 214 1647
839 1647 232
613 232 597
870 597 772
615 772 319
607 319 570
645 570 815
20 815 1726
989 1726 1089
831 1089 228
940 228 769
312 769 1466
59 1466 1235
148 1235 576
439 576 991
990 991 1860
602 1860 61
573 61 1830
482 1830 1091
175 1091 488
417 488 1285
229 1285 588
207 588 331
609 331 76
593 76 1641
977 1641 1380
392 1380 1493
73 1493 64
717 64 203
481 203 608
380 608 881
810 881 1594
785 1594 463
375 463 1086
876 1086 279
557 279 862
438 862 655
827 655 546
287 546 579
442 579 652
224 652 591
907 591 480
857 480 871
173 871 1552
650 1552 85
966 85 1984
437 1984 821
828 821 224
243 224 1273
505 1273 932
634 932 1307
450 1307 1584
606 1584 1147
156 1147 1764
123 1764 27
310 27 206
787 206 427
199 427 1238
520 1238 515
908 515 1742
295 1742 307
483 307 846
852 846 783
279 783 1644
583 1644 589
577 589 740
93 740 569
880 569 614
361 614 947
760 947 712
33 712 105
670 105 1604
877 1604 487
65 487 516
809 516 1299
90 1299 1244
236 1244 443
244 443 542
817 542 1127
402 1127 388
239 388 159
415 159 710
210 710 1553
691 1553 1378
385 1378 679
638 679 1482
869 1482 1843
182 1843 1332
372 1332 1707
550 1707 1362
267 1362 793
405 793 1248
764 1248 139
608 139 1460
910 1460 819
825 819 1312
745 1312 1041
94 1041 1198
408 1198 1171
447 1171 490
171 490 1939
788 1939 234
456 234 1781
513 1781 1104
371 1104 67
863 67 1832
674 1832 1655
297 1655 532
55 532 1649
684 1649 998
712 998 467
459 467 1060
527 1060 1063
906 1063 1458
420 1458 1117
805 1117 1476
605 1476 1225
406 1225 182
155 182 1059
625 1059 338
719 338 317
309 317 512
9 512 1015
354 1015 138
730 138 1551
311 1551 642
67 642 827
29 827 636
525 636 615
871 615 1462
644 1462 799
359 799 1014
891 1014 1681
902 1681 102
22 102 1813
956 1813 1768
771 1768 381
152 381 506
627 506 207
881 207 1494
132 1494 283
374 283 118
136 118 1409
147 1409 306
497 306 1411
23 1411 1632
491 1632 1067
964 1067 1500
713 1500 1905
886 1905 1094
950 1094 1373
433 1373 436
265 436 1449
294 1449 44
429 44 1815
432 1815 140
566 140 1319
160 1319 196
835 196 1167
661 1167 1736
576 1736 1529
338 1529 582
610 582 849
217 849 244
115 244 49
409 49 1390
916 1390 1661
119 1661 1242
776 1242 645
933 645 336
767 336 905
125 905 1498
71 1498 1877
410 1877 706
913 706 1305
38 1305 1668
421 1668 1465
875 1465 668
948 668 1079
490 1079 1292
15 1292 781
473 781 818
440 818 681
905 681 1724
215 1724 1027
298 1027 1140
184 1140 1803
706 1803 430
141 430 1733
451 1733 842
545 842 1179
873 1179 1342
150 1342 1857
814 1857 1602
740 1581 1978
151 1978 889
931 889 688
979 688 149
943 149 1334
578 1334 1605
926 1605 1424
701 1424 41
889 41 980
260 980 347
794 347 1636
425 1636 343
411 343 1560
484 1560 285
166 285 1068
104 1068 1631
393 1631 720
258 720 509
699 509 1470
45 1470 83
575 83 726
28 726 1251
478 1251 908
342 908 1203
365 1203 526
183 526 875
957 875 794
379 794 375
401 375 1892
935 1892 263
2 263 310
757 310 1879
101 1879 1226
595 1226 1383
330 1383 362
743 362 691
508 691 1414
824 1414 1651
686 1651 580
434 580 789
641 789 1964
469 1964 1337
445 1337 384
127 384 1379
24 1379 1398
494 1398 951
383 951 260
304 260 739
165 739 1136
590 1136 563
247 563 414
97 414 1623
914 1623 810
191 810 859
216 859 768
622 768 791
721 791 1580
499 1580 1033
826 1033 366
992 366 295
666 295 202
161 202 1543
477 1543 718
510 718 761
749 761 1588
37 1588 1581
834 899 1326
856 1326 899
