2000 4007
0 1401
0 1999
1 1370
1 1999
2 593
2 1999
3 1047
3 1999
4 1999
5 838
5 1999
6 47
6 1999
7 557
7 1999
8 1999
9 500
9 1170
9 1672
9 1999
10 1999
11 730
11 1999
12 1461
12 1999
13 165
13 1999
14 1892
14 1999
15 1000
15 1503
15 1999
16 305
16 1682
16 1999
17 177
17 1707
17 1999
18 1622
18 1999
19 669
19 1799
19 1999
20 1999
21 770
21 1173
21 1535
21 1999
22 437
22 651
22 1239
22 1999
23 1999
24 54
24 1999
25 1107
25 1999
26 427
26 1999
27 228
27 1999
28 1671
28 1840
28 1999
29 1022
29 1066
29 1999
30 1999
31 95
31 644
31 1999
32 1999
33 449
33 865
33 1232
33 1999
34 604
34 1855
34 1999
35 895
35 1999
36 1999
37 1999
38 641
38 1999
39 1999
40 91
40 270
40 643
40 1999
41 1356
41 1999
42 1405
42 1999
43 867
43 1570
43 1999
44 783
44 1233
44 1763
44 1999
45 1999
46 1029
46 1999
47 1999
48 192
48 1999
49 621
49 789
49 1999
50 764
50 1999
51 1733
51 1999
52 1999
53 1999
54 1884
54 1999
55 803
55 1999
56 1999
57 1999
58 287
58 658
58 1659
58 1999
59 1457
59 1999
60 954
60 1945
60 1999
61 1886
61 1999
62 1083
62 1483
62 1999
63 1059
63 1999
64 1999
65 1553
65 1999
66 86
66 1080
66 1517
66 1999
67 461
67 1568
67 1999
68 1999
69 1999
70 183
70 1999
71 1999
72 223
72 348
72 1999
73 210
73 1999
74 1999
75 1999
76 1958
76 1999
77 1625
77 1697
77 1791
77 1999
78 42
78 640
78 1778
78 1999
79 1292
79 1658
79 1999
80 469
80 1780
80 1999
81 1999
82 1999
83 705
83 1999
84 285
84 1597
84 1999
85 1999
86 1282
86 1999
87 1999
88 521
88 1441
88 1999
89 1999
90 740
90 1999
91 234
91 835
91 1999
92 40
92 693
92 725
92 1999
93 1574
93 1978
93 1999
94 337
94 1999
95 1999
96 1999
97 1999
98 774
98 1999
99 634
99 1810
99 1999
100 1999
101 1121
101 1252
101 1999
102 1226
102 1502
102 1999
103 1999
104 1999
105 522
105 1999
106 417
106 962
106 1999
107 1999
108 1999
109 380
109 1999
110 1999
111 1664
111 1999
112 792
112 1999
113 1881
113 1999
114 907
114 1999
115 1999
116 1999
117 1999
118 51
118 1999
119 315
119 545
119 755
119 1999
120 1027
120 1999
121 204
121 1999
122 1999
123 775
123 1999
124 1999
125 533
125 1291
125 1999
126 1999
127 1999
128 833
128 1331
128 1999
129 1037
129 1999
130 353
130 1999
131 296
131 512
131 1999
132 1999
133 1999
134 1999
135 447
135 1999
136 486
136 574
136 1999
137 929
137 1999
138 33
138 1141
138 1999
139 1106
139 1999
140 642
140 1999
141 1522
141 1999
142 1638
142 1999
143 555
143 1103
143 1999
144 1999
145 1067
145 1999
146 1999
147 1999
148 227
148 933
148 1195
148 1999
149 1999
150 39
150 1999
151 1575
151 1999
152 706
152 1896
152 1999
153 392
153 1122
153 1999
154 299
154 1999
155 790
155 1999
156 845
156 1693
156 1999
157 294
157 1999
158 1383
158 1900
158 1999
159 1999
160 506
160 1999
161 1395
161 1999
162 1109
162 1999
163 1888
163 1999
164 1999
165 1999
166 1999
167 899
167 1999
168 507
168 798
168 1999
169 1998
169 1999
170 1474
170 1999
171 117
171 1999
172 1999
173 1673
173 1999
174 387
174 1999
175 1204
175 1999
176 45
176 1999
177 1685
177 1827
177 1999
178 126
178 1241
178 1999
179 1999
180 1999
181 1999
182 556
182 1999
183 1999
184 1999
185 1999
186 1143
186 1251
186 1462
186 1999
187 1686
187 1999
188 1999
189 154
189 700
189 1352
189 1360
189 1448
189 1999
190 886
190 1759
190 1999
191 1999
192 532
192 1999
193 976
193 1999
194 1999
195 1999
196 1999
197 489
197 808
197 1999
198 1247
198 1418
198 1999
199 1999
200 1912
200 1999
201 1999
202 1470
202 1999
203 744
203 1999
204 955
204 1999
205 1999
206 504
206 1999
207 1999
208 1838
208 1999
209 248
209 673
209 1999
210 1999
211 169
211 1999
212 155
212 1093
212 1989
212 1999
213 1999
214 1078
214 1999
215 750
215 1726
215 1999
216 249
216 1426
216 1999
217 1592
217 1665
217 1999
218 38
218 180
218 1111
218 1999
219 544
219 817
219 1999
220 1999
221 1895
221 1999
222 855
222 1999
223 1
223 1999
224 1325
224 1691
224 1999
225 1999
226 794
226 1999
227 843
227 934
227 1209
227 1999
228 1999
229 719
229 1999
230 806
230 1999
231 1999
232 1579
232 1999
233 1999
234 1999
235 737
235 1589
235 1999
236 684
236 710
236 1999
237 1999
238 1999
239 1999
240 1980
240 1999
241 801
241 1999
242 878
242 1999
243 1999
244 1999
245 462
245 1999
246 1618
246 1999
247 108
247 1999
248 1486
248 1999
249 1336
249 1999
250 1999
251 1999
252 1999
253 998
253 1999
254 800
254 1771
254 1861
254 1920
254 1999
255 565
255 630
255 1999
256 1984
256 1999
257 588
257 1999
258 103
258 1286
258 1999
259 1999
260 1348
260 1962
260 1999
261 444
261 754
261 1485
261 1999
262 258
262 1999
263 822
263 1999
264 540
264 1999
265 980
265 1999
266 585
266 1999
267 1999
268 331
268 543
268 1999
269 1999
270 419
270 1832
270 1999
271 1576
271 1999
272 1999
273 1999
274 1999
275 1359
275 1999
276 746
276 1295
276 1977
276 1999
277 1538
277 1999
278 1593
278 1999
279 1125
279 1628
279 1858
279 1999
280 894
280 1999
281 84
281 606
281 982
281 989
281 1999
282 1305
282 1999
283 208
283 936
283 1999
284 1999
285 439
285 1999
286 1237
286 1343
286 1449
286 1971
286 1999
287 214
287 496
287 1999
288 268
288 310
288 1999
289 152
289 434
289 1435
289 1633
289 1999
290 1999
291 1999
292 143
292 1999
293 1999
294 1999
295 412
295 1999
296 1440
296 1999
297 1999
298 354
298 1164
298 1999
299 1761
299 1999
300 697
300 1999
301 769
301 1999
302 465
302 505
302 1999
303 145
303 514
303 925
303 1416
303 1999
304 359
304 430
304 1999
305 373
305 1891
305 1999
306 1999
307 1999
308 1999
309 884
309 1315
309 1999
310 535
310 655
310 802
310 1999
311 1999
312 1999
313 1999
314 1999
315 738
315 1999
316 1999
317 1737
317 1999
318 1088
318 1831
318 1999
319 1999
320 1999
321 872
321 1999
322 1999
323 1194
323 1999
324 1999
325 1296
325 1905
325 1999
326 941
326 1999
327 1311
327 1999
328 1999
329 157
329 1999
330 1299
330 1999
331 201
331 1999
332 87
332 1999
333 1999
334 1512
334 1999
335 1999
336 1999
337 1077
337 1999
338 515
338 1999
339 1999
340 1999
341 1999
342 41
342 1820
342 1999
343 1999
344 1999
345 171
345 1999
346 1623
346 1999
347 1999
348 602
348 1743
348 1999
349 1999
350 841
350 1272
350 1999
351 375
351 1999
352 349
352 767
352 1999
353 671
353 1999
354 1999
355 1999
356 308
356 1999
357 1654
357 1999
358 1620
358 1999
359 1073
359 1999
360 361
360 1999
361 639
361 1546
361 1999
362 1999
363 724
363 1999
364 1782
364 1999
365 1999
366 1999
367 186
367 1999
368 423
368 1999
369 1529
369 1667
369 1999
370 1999
371 716
371 1999
372 1999
373 1519
373 1929
373 1995
373 1999
374 1999
375 1999
376 1999
377 654
377 1999
378 1541
378 1999
379 1999
380 1999
381 1999
382 1999
383 571
383 1005
383 1985
383 1999
384 1235
384 1999
385 300
385 1999
386 1999
387 1099
387 1649
387 1999
388 1308
388 1999
389 1999
390 211
390 1908
390 1999
391 1999
392 366
392 1999
393 1425
393 1999
394 1075
394 1999
395 441
395 913
395 1376
395 1999
396 1140
396 1999
397 735
397 1999
398 1770
398 1999
399 1999
400 1368
400 1999
401 1999
402 1968
402 1999
403 1725
403 1999
404 552
404 1542
404 1999
405 1999
406 1999
407 1384
407 1999
408 36
408 1999
409 1999
410 1999
411 1944
411 1999
412 1700
412 1999
413 717
413 1988
413 1999
414 1999
415 371
415 739
415 1999
416 1301
416 1999
417 876
417 955
417 1999
418 1949
418 1999
419 1999
420 1999
421 1821
421 1999
422 225
422 825
422 1999
423 531
423 1999
424 662
424 1999
425 1728
425 1842
425 1999
426 1303
426 1957
426 1999
427 494
427 1223
427 1999
428 1642
428 1999
429 21
429 1789
429 1999
430 1999
431 1999
432 628
432 1409
432 1835
432 1999
433 1565
433 1999
434 48
434 313
434 850
434 1999
435 987
435 1999
436 1381
436 1999
437 1854
437 1999
438 1999
439 1887
439 1999
440 1380
440 1999
441 1596
441 1999
442 1695
442 1999
443 1999
444 1319
444 1999
445 1999
446 1999
447 1999
448 1999
449 1105
449 1999
450 1999
451 1999
452 1915
452 1999
453 215
453 384
453 607
453 995
453 1373
453 1999
454 303
454 1534
454 1999
455 399
455 581
455 840
455 1811
455 1999
456 1612
456 1999
457 868
457 1999
458 245
458 586
458 1999
459 1999
460 388
460 1999
461 1999
462 1999
463 256
463 1767
463 1999
464 1999
465 519
465 1999
466 1198
466 1928
466 1999
467 1999
468 1525
468 1999
469 1999
470 1185
470 1999
471 76
471 1999
472 332
472 1721
472 1848
472 1999
473 605
473 1999
474 1182
474 1999
475 1151
475 1999
476 1702
476 1964
476 1999
477 1999
478 477
478 1150
478 1467
478 1999
479 1260
479 1999
480 61
480 1999
481 374
481 1999
482 212
482 1999
483 1999
484 1999
485 1999
486 450
486 1999
487 1999
488 1999
489 346
489 1999
490 1619
490 1999
491 55
491 1999
492 1999
493 1404
493 1946
493 1999
494 153
494 1079
494 1999
495 351
495 1748
495 1999
496 1999
497 616
497 1015
497 1258
497 1999
498 1999
499 928
499 1999
500 1999
501 871
501 1999
502 262
502 364
502 1999
503 1999
504 559
504 1999
505 1999
506 284
506 1999
507 1999
508 1063
508 1999
509 1999
510 963
510 1999
511 1399
511 1999
512 1999
513 365
513 1973
513 1999
514 1999
515 1307
515 1999
516 1804
516 1999
517 1072
517 1999
518 394
518 1999
519 1999
520 1999
521 1999
522 870
522 1999
523 1023
523 1764
523 1999
524 530
524 1606
524 1999
525 319
525 1999
526 1952
526 1999
527 1999
528 1999
529 119
529 360
529 1999
530 1999
531 333
531 1070
531 1999
532 857
532 881
532 1999
533 9
533 526
533 1999
534 1934
534 1999
535 1999
536 1999
537 1309
537 1505
537 1999
538 1999
539 834
539 1999
540 897
540 1833
540 1999
541 940
541 1999
542 1510
542 1999
543 1999
544 408
544 433
544 1999
545 1826
545 1999
546 590
546 1116
546 1999
547 826
547 1999
548 1055
548 1590
548 1999
549 1543
549 1999
550 1999
551 685
551 1999
552 1999
553 1999
554 1999
555 1999
556 614
556 1999
557 1999
558 242
558 1999
559 1999
560 677
560 1279
560 1999
561 79
561 1999
562 1362
562 1999
563 1242
563 1999
564 1999
565 1016
565 1999
566 1999
567 1999
568 1497
568 1871
568 1999
569 1999
570 1999
571 1999
572 534
572 729
572 1779
572 1839
572 1999
573 1999
574 1999
575 62
575 1744
575 1999
576 93
576 1999
577 579
577 1634
577 1999
578 1999
579 1999
580 791
580 1727
580 1999
581 1540
581 1999
582 1999
583 949
583 1999
584 175
584 1218
584 1999
585 282
585 483
585 1999
586 1999
587 416
587 1459
587 1999
588 31
588 1999
589 1999
590 1608
590 1999
591 1999
592 397
592 1548
592 1999
593 1581
593 1999
594 438
594 475
594 664
594 675
594 1557
594 1976
594 1999
595 1515
595 1999
596 1003
596 1108
596 1202
596 1999
597 1178
597 1245
597 1939
597 1993
597 1999
598 329
598 1999
599 1808
599 1999
600 59
600 885
600 1756
600 1999
601 247
601 520
601 1999
602 125
602 1999
603 341
603 1999
604 334
604 935
604 1586
604 1999
605 1289
605 1999
606 264
606 1999
607 480
607 1391
607 1999
608 1938
608 1999
609 1837
609 1999
610 902
610 1038
610 1999
611 411
611 1999
612 1999
613 1999
614 1999
615 1999
616 111
616 619
616 692
616 1174
616 1999
617 529
617 1158
617 1999
618 1137
618 1986
618 1999
619 1903
619 1999
620 653
620 1026
620 1999
621 1617
621 1999
622 1056
622 1999
623 1999
624 372
624 1999
625 1999
626 887
626 1999
627 1999
628 1176
628 1386
628 1999
629 1999
630 193
630 1999
631 844
631 1999
632 1999
633 150
633 632
633 1999
634 34
634 1999
635 1999
636 1472
636 1999
637 460
637 1161
637 1999
638 665
638 780
638 1999
639 1999
640 608
640 1999
641 1017
641 1428
641 1520
641 1999
642 490
642 1999
643 1999
644 731
644 945
644 1266
644 1999
645 1999
646 1999
647 82
647 1547
647 1999
648 1999
649 1044
649 1999
650 1092
650 1598
650 1999
651 1683
651 1999
652 1999
653 1999
654 273
654 874
654 1999
655 1999
656 766
656 1999
657 1999
658 573
658 1999
659 773
659 1999
660 1880
660 1999
661 1014
661 1302
661 1999
662 102
662 1999
663 1999
664 164
664 445
664 564
664 776
664 1825
664 1999
665 502
665 1999
666 1999
667 1481
667 1931
667 1999
668 114
668 1646
668 1999
669 1999
670 185
670 511
670 1999
671 88
671 1999
672 109
672 1148
672 1999
673 599
673 947
673 1999
674 22
674 1999
675 1999
676 213
676 1999
677 222
677 1999
678 323
678 623
678 1999
679 1324
679 1999
680 992
680 1115
680 1999
681 1273
681 1999
682 49
682 1859
682 1999
683 1999
684 1999
685 1999
686 1025
686 1999
687 1999
688 1999
689 997
689 1053
689 1828
689 1999
690 1090
690 1999
691 1500
691 1999
692 1999
693 339
693 1694
693 1999
694 1197
694 1999
695 1999
696 1999
697 1999
698 648
698 1583
698 1999
699 727
699 1999
700 1999
701 1999
702 1190
702 1999
703 1999
704 272
704 1999
705 1999
706 1999
707 1999
708 1119
708 1129
708 1999
709 743
709 781
709 1265
709 1999
710 1999
711 473
711 943
711 1414
711 1564
711 1999
712 1999
713 1999
714 1999
715 1999
716 1999
717 698
717 1999
718 1353
718 1999
719 1999
720 1999
721 1999
722 645
722 1999
723 1631
723 1832
723 1999
724 991
724 1999
725 1999
726 1999
727 1999
728 1999
729 28
729 1999
730 1999
731 466
731 981
731 1999
732 1999
733 968
733 1224
733 1999
734 609
734 1363
734 1999
735 1999
736 1398
736 1906
736 1999
737 5
737 568
737 1036
737 1999
738 1999
739 1339
739 1999
740 1999
741 679
741 1793
741 1999
742 1098
742 1999
743 672
743 1999
744 646
744 1999
745 181
745 1999
746 762
746 1058
746 1999
747 137
747 158
747 1999
748 1718
748 1999
749 1999
750 1999
751 1999
752 26
752 1999
753 1961
753 1999
754 1328
754 1883
754 1999
755 295
755 1999
756 1999
757 1893
757 1999
758 328
758 1344
758 1999
759 18
759 636
759 1999
760 1999
761 824
761 1999
762 56
762 670
762 1999
763 96
763 1999
764 1155
764 1999
765 1999
766 1281
766 1999
767 1636
767 1999
768 1999
769 691
769 1149
769 1999
770 327
770 1937
770 1999
771 46
771 617
771 942
771 1999
772 1890
772 1999
773 77
773 676
773 1999
774 1329
774 1999
775 30
775 1999
776 558
776 1999
777 1999
778 1999
779 107
779 1999
780 1010
780 1656
780 1679
780 1999
781 316
781 1999
782 1999
783 1999
784 758
784 1999
785 1999
786 1999
787 1999
788 1999
789 99
789 239
789 856
789 1445
789 1521
789 1999
790 104
790 1587
790 1650
790 1999
791 1999
792 200
792 1437
792 1999
793 160
793 687
793 1999
794 1168
794 1999
795 668
795 1999
796 1994
796 1999
797 1188
797 1999
798 1999
799 714
799 1970
799 1999
800 820
800 1355
800 1999
801 330
801 548
801 1999
802 1999
803 1999
804 1913
804 1947
804 1999
805 1213
805 1999
806 1208
806 1495
806 1999
807 1999
808 1566
808 1999
809 1999
810 1999
811 1999
812 1013
812 1999
813 321
813 1421
813 1508
813 1999
814 1999
815 279
815 1999
816 495
816 1648
816 1999
817 97
817 1768
817 1979
817 1999
818 1999
819 1999
820 1999
821 649
821 1321
821 1999
822 839
822 931
822 1757
822 1999
823 1276
823 1999
824 1999
825 1999
826 883
826 1777
826 1999
827 66
827 73
827 707
827 1379
827 1999
828 1999
829 1999
830 1999
831 1230
831 1999
832 1089
832 1999
833 1853
833 1999
834 1268
834 1999
835 1981
835 1999
836 1552
836 1999
837 205
837 293
837 1999
838 1999
839 748
839 1999
840 1999
841 1513
841 1904
841 1999
842 1704
842 1999
843 1999
844 191
844 753
844 1087
844 1999
845 1999
846 527
846 1657
846 1999
847 170
847 757
847 1703
847 1999
848 1999
849 1975
849 1999
850 905
850 1999
851 922
851 1999
852 595
852 1999
853 1531
853 1999
854 831
854 1433
854 1923
854 1999
855 410
855 1999
856 849
856 1999
857 726
857 1999
858 736
858 1999
859 652
859 1999
860 1999
861 811
861 1999
862 1999
863 1999
864 1999
865 1999
866 442
866 1999
867 382
867 1270
867 1999
868 546
868 1999
869 271
869 1873
869 1999
870 1999
871 1456
871 1999
872 508
872 910
872 1734
872 1999
873 1999
874 821
874 823
874 1874
874 1999
875 127
875 1999
876 276
876 1999
877 702
877 1677
877 1999
878 1999
879 63
879 896
879 1514
879 1999
880 1274
880 1999
881 166
881 973
881 1561
881 1999
882 656
882 1624
882 1999
883 1999
884 499
884 1163
884 1999
885 497
885 1999
886 1999
887 1999
888 635
888 1999
889 1052
889 1999
890 491
890 1745
890 1999
891 864
891 1327
891 1999
892 1142
892 1953
892 1999
893 1999
894 1387
894 1999
895 381
895 1175
895 1999
896 1615
896 1999
897 1999
898 528
898 713
898 1692
898 1999
899 1155
899 1999
900 1999
901 1999
902 930
902 1645
902 1999
903 1999
904 1999
905 7
905 1004
905 1956
905 1999
906 1374
906 1537
906 1999
907 1999
908 979
908 1243
908 1999
909 751
909 827
909 1999
910 1039
910 1999
911 297
911 1999
912 176
912 1599
912 1999
913 1429
913 1747
913 1999
914 957
914 1999
915 1999
916 967
916 1907
916 1999
917 1999
918 396
918 1846
918 1999
919 1729
919 1999
920 424
920 948
920 1603
920 1611
920 1999
921 1932
921 1999
922 819
922 1999
923 818
923 1666
923 1999
924 162
924 563
924 912
924 1216
924 1999
925 309
925 1999
926 1696
926 1999
927 1935
927 1999
928 1999
929 1074
929 1999
930 600
930 1999
931 1591
931 1999
932 254
932 1983
932 1999
933 797
933 1999
934 484
934 786
934 1999
935 1999
936 1849
936 1999
937 217
937 1999
938 426
938 1897
938 1999
939 861
939 1722
939 1999
940 209
940 551
940 1999
941 1999
942 235
942 1999
943 969
943 1999
944 1999
945 1257
945 1847
945 1999
946 1322
946 1738
946 1999
947 1911
947 1999
948 1999
949 1999
950 1999
951 1999
952 1068
952 1999
953 1262
953 1999
954 1813
954 1999
955 1637
955 1999
956 1999
957 1999
958 141
958 1549
958 1999
959 1999
960 695
960 1999
961 1609
961 1999
962 1999
963 464
963 1255
963 1468
963 1999
964 601
964 1999
965 859
965 1999
966 1999
967 115
967 953
967 1999
968 290
968 1563
968 1999
969 597
969 1207
969 1419
969 1751
969 1999
970 1999
971 1999
972 1326
972 1999
973 1999
974 1254
974 1999
975 772
975 1999
976 58
976 1999
977 830
977 1999
978 916
978 1999
979 1225
979 1999
980 1999
981 1595
981 1999
982 390
982 1304
982 1551
982 1690
982 1999
983 893
983 1999
984 306
984 1999
985 159
985 1199
985 1999
986 340
986 1999
987 1717
987 1999
988 1999
989 1320
989 1999
990 937
990 1300
990 1999
991 1999
992 1256
992 1999
993 1999
994 1924
994 1999
995 383
995 1999
996 435
996 1999
997 1999
998 283
998 1999
999 149
999 566
999 1999
1000 1999
1001 350
1001 1999
1002 538
1002 1999
1003 1314
1003 1601
1003 1999
1004 909
1004 1999
1005 1999
1006 1999
1007 1999
1008 116
1008 1999
1009 189
1009 1730
1009 1999
1010 1999
1011 131
1011 236
1011 1999
1012 1753
1012 1999
1013 1999
1014 889
1014 1999
1015 1999
1016 429
1016 1333
1016 1999
1017 1120
1017 1999
1018 1999
1019 146
1019 347
1019 1484
1019 1999
1020 1999
1021 440
1021 1434
1021 1999
1022 1999
1023 1999
1024 252
1024 292
1024 1999
1025 403
1025 1427
1025 1803
1025 1999
1026 1999
1027 875
1027 1999
1028 723
1028 1746
1028 1999
1029 946
1029 1054
1029 1999
1030 463
1030 880
1030 1999
1031 1765
1031 1999
1032 418
1032 1999
1033 1488
1033 1999
1034 356
1034 1577
1034 1999
1035 848
1035 1999
1036 1999
1037 74
1037 1999
1038 1999
1039 207
1039 1516
1039 1999
1040 1999
1041 1403
1041 1999
1042 1999
1043 233
1043 911
1043 1999
1044 280
1044 1999
1045 1312
1045 1545
1045 1999
1046 1031
1046 1160
1046 1739
1046 1999
1047 1186
1047 1999
1048 1999
1049 900
1049 1436
1049 1999
1050 1460
1050 1999
1051 1469
1051 1999
1052 1999
1053 1999
1054 1999
1055 1852
1055 1999
1056 1999
1057 322
1057 919
1057 1153
1057 1999
1058 1632
1058 1999
1059 1735
1059 1999
1060 468
1060 1999
1061 275
1061 1999
1062 344
1062 1018
1062 1560
1062 1999
1063 1999
1064 89
1064 863
1064 1999
1065 1999
1066 400
1066 1118
1066 1999
1067 1248
1067 1410
1067 1999
1068 1317
1068 1393
1068 1999
1069 747
1069 1458
1069 1651
1069 1999
1070 128
1070 1999
1071 1999
1072 1732
1072 1910
1072 1999
1073 121
1073 625
1073 1999
1074 259
1074 1999
1075 1999
1076 1999
1077 1999
1078 704
1078 1217
1078 1999
1079 487
1079 1126
1079 1600
1079 1605
1079 1999
1080 1133
1080 1417
1080 1999
1081 906
1081 961
1081 1823
1081 1999
1082 470
1082 1999
1083 1999
1084 587
1084 1999
1085 582
1085 1012
1085 1999
1086 15
1086 688
1086 1999
1087 493
1087 1999
1088 852
1088 1999
1089 1999
1090 1916
1090 1999
1091 1999
1092 1773
1092 1999
1093 220
1093 1382
1093 1999
1094 1999
1095 1909
1095 1999
1096 485
1096 1187
1096 1999
1097 1999
1098 1999
1099 1229
1099 1999
1100 1999
1101 1999
1102 130
1102 1365
1102 1999
1103 1999
1104 1999
1105 1999
1106 1999
1107 1999
1108 1999
1109 345
1109 1999
1110 1464
1110 1999
1111 583
1111 680
1111 1261
1111 1752
1111 1999
1112 1533
1112 1864
1112 1999
1113 1999
1114 760
1114 1042
1114 1081
1114 1999
1115 1999
1116 1999
1117 1818
1117 1999
1118 3
1118 122
1118 1999
1119 1999
1120 1999
1121 591
1121 631
1121 663
1121 1999
1122 1117
1122 1999
1123 1478
1123 1999
1124 974
1124 1999
1125 1999
1126 1006
1126 1999
1127 986
1127 1999
1128 1999
1129 742
1129 1999
1130 1999
1131 1723
1131 1999
1132 286
1132 1876
1132 1999
1133 1477
1133 1999
1134 1417
1134 1999
1135 921
1135 1999
1136 1999
1137 1337
1137 1859
1137 1999
1138 281
1138 1857
1138 1999
1139 799
1139 1123
1139 1999
1140 1999
1141 302
1141 1999
1142 1999
1143 1578
1143 1865
1143 1999
1144 243
1144 1999
1145 637
1145 703
1145 1999
1146 413
1146 1999
1147 1999
1148 1349
1148 1999
1149 1999
1150 1999
1151 711
1151 1999
1152 1999
1153 161
1153 1244
1153 1385
1153 1999
1154 1156
1154 1661
1154 1999
1155 481
1155 777
1155 966
1155 1851
1155 1999
1156 1999
1157 2
1157 1999
1158 598
1158 1999
1159 1999
1160 1345
1160 1999
1161 1775
1161 1999
1162 1147
1162 1480
1162 1999
1163 389
1163 752
1163 1999
1164 1882
1164 1999
1165 1493
1165 1999
1166 1999
1167 1264
1167 1999
1168 1999
1169 837
1169 1604
1169 1999
1170 1372
1170 1999
1171 1999
1172 168
1172 1999
1173 1999
1174 1999
1175 368
1175 1610
1175 1999
1176 509
1176 1999
1177 1999
1178 699
1178 1662
1178 1816
1178 1999
1179 1166
1179 1860
1179 1999
1180 1556
1180 1990
1180 1999
1181 1760
1181 1999
1182 627
1182 756
1182 1051
1182 1999
1183 1999
1184 124
1184 1999
1185 1999
1186 596
1186 1992
1186 1999
1187 318
1187 779
1187 1203
1187 1640
1187 1999
1188 244
1188 720
1188 1894
1188 1999
1189 1999
1190 1999
1191 1999
1192 452
1192 1999
1193 1999
1194 1283
1194 1361
1194 1999
1195 1999
1196 1999
1197 1999
1198 260
1198 1555
1198 1999
1199 405
1199 1999
1200 1179
1200 1999
1201 1999
1202 1999
1203 1041
1203 1999
1204 817
1204 1999
1205 858
1205 1792
1205 1999
1206 289
1206 1621
1206 1809
1206 1999
1207 1999
1208 206
1208 1999
1209 525
1209 1999
1210 167
1210 1918
1210 1999
1211 1144
1211 1400
1211 1999
1212 53
1212 1999
1213 914
1213 1999
1214 199
1214 1999
1215 611
1215 1287
1215 1580
1215 1999
1216 1277
1216 1999
1217 1999
1218 1064
1218 1310
1218 1588
1218 1999
1219 94
1219 1999
1220 1999
1221 1297
1221 1999
1222 1999
1223 1999
1224 1206
1224 1999
1225 1999
1226 402
1226 1914
1226 1999
1227 1406
1227 1999
1228 1999
1229 379
1229 454
1229 1999
1230 1423
1230 1607
1230 1999
1231 1582
1231 1999
1232 1999
1233 918
1233 1999
1234 1999
1235 847
1235 1110
1235 1999
1236 1802
1236 1999
1237 1999
1238 1889
1238 1999
1239 1496
1239 1999
1240 1999
1241 1999
1242 1084
1242 1806
1242 1999
1243 1061
1243 1999
1244 1999
1245 393
1245 1999
1246 733
1246 741
1246 1999
1247 1430
1247 1999
1248 1507
1248 1999
1249 1298
1249 1999
1250 409
1250 1999
1251 1999
1252 1999
1253 1275
1253 1798
1253 1999
1254 1167
1254 1999
1255 1999
1256 1040
1256 1999
1257 1183
1257 1999
1258 1585
1258 1999
1259 554
1259 1184
1259 1999
1260 1465
1260 1999
1261 71
1261 142
1261 1504
1261 1999
1262 288
1262 1999
1263 666
1263 1714
1263 1999
1264 1999
1265 890
1265 1501
1265 1999
1266 550
1266 1999
1267 708
1267 1104
1267 1999
1268 1999
1269 1999
1270 386
1270 1999
1271 1999
1272 1999
1273 1999
1274 1999
1275 1885
1275 1999
1276 1999
1277 64
1277 1999
1278 188
1278 1999
1279 1100
1279 1999
1280 1999
1281 19
1281 1999
1282 562
1282 1999
1283 1528
1283 1999
1284 301
1284 1069
1284 1999
1285 1999
1286 975
1286 1569
1286 1766
1286 1999
1287 1130
1287 1134
1287 1999
1288 1999
1289 135
1289 1999
1290 291
1290 603
1290 1863
1290 1999
1291 1999
1292 335
1292 1999
1293 660
1293 1999
1294 11
1294 1999
1295 938
1295 1999
1296 1284
1296 1999
1297 1613
1297 1933
1297 1999
1298 20
1298 385
1298 1999
1299 1999
1300 1280
1300 1364
1300 1999
1301 1999
1302 1999
1303 1471
1303 1999
1304 1999
1305 1629
1305 1999
1306 990
1306 1999
1307 1999
1308 674
1308 1097
1308 1999
1309 1999
1310 1999
1311 1999
1312 1999
1313 75
1313 456
1313 1758
1313 1999
1314 324
1314 1450
1314 1999
1315 472
1315 1509
1315 1999
1316 1999
1317 229
1317 689
1317 1999
1318 1222
1318 1967
1318 1999
1319 1999
1320 1999
1321 1999
1322 1999
1323 1999
1324 182
1324 1999
1325 1969
1325 1972
1325 1999
1326 1963
1326 1999
1327 1999
1328 1872
1328 1999
1329 1408
1329 1786
1329 1999
1330 536
1330 1999
1331 624
1331 1688
1331 1999
1332 1290
1332 1999
1333 1999
1334 202
1334 1043
1334 1999
1335 683
1335 1999
1336 1439
1336 1824
1336 1999
1337 1999
1338 446
1338 1999
1339 476
1339 1942
1339 1999
1340 1999
1341 226
1341 1999
1342 16
1342 1113
1342 1999
1343 1999
1344 1999
1345 352
1345 1999
1346 1999
1347 1999
1348 1999
1349 1451
1349 1999
1350 1999
1351 1422
1351 1536
1351 1999
1352 1999
1353 851
1353 1062
1353 1807
1353 1999
1354 1999
1355 1999
1356 1783
1356 1999
1357 1797
1357 1999
1358 307
1358 667
1358 1999
1359 694
1359 812
1359 1999
1360 70
1360 1999
1361 69
1361 1999
1362 1999
1363 1999
1364 972
1364 1602
1364 1999
1365 959
1365 1999
1366 1076
1366 1712
1366 1999
1367 575
1367 1999
1368 1135
1368 1999
1369 1438
1369 1999
1370 701
1370 1999
1371 1489
1371 1999
1372 939
1372 1035
1372 1999
1373 592
1373 1999
1374 1390
1374 1669
1374 1999
1375 1999
1376 1999
1377 541
1377 1999
1378 1999
1379 1334
1379 1498
1379 1530
1379 1713
1379 1999
1380 81
1380 98
1380 1999
1381 1627
1381 1999
1382 749
1382 1396
1382 1999
1383 1999
1384 1236
1384 1941
1384 1999
1385 1999
1386 1999
1387 492
1387 1999
1388 421
1388 1657
1388 1954
1388 1999
1389 1999
1390 133
1390 682
1390 1177
1390 1999
1391 584
1391 1999
1392 765
1392 1999
1393 90
1393 920
1393 1999
1394 190
1394 869
1394 1999
1395 795
1395 1999
1396 836
1396 1999
1397 761
1397 1999
1398 1413
1398 1999
1399 1999
1400 172
1400 1999
1401 1660
1401 1999
1402 1785
1402 1999
1403 1215
1403 1999
1404 1999
1405 6
1405 1999
1406 1999
1407 43
1407 44
1407 1999
1408 785
1408 814
1408 1332
1408 1572
1408 1999
1409 1999
1410 951
1410 1205
1410 1999
1411 1999
1412 1999
1413 92
1413 828
1413 1420
1413 1919
1413 1999
1414 1475
1414 1999
1415 1974
1415 1999
1416 1999
1417 1879
1417 1999
1418 1999
1419 788
1419 1114
1419 1999
1420 1999
1421 1999
1422 1999
1423 1769
1423 1999
1424 622
1424 1755
1424 1999
1425 1999
1426 1676
1426 1999
1427 1392
1427 1999
1428 1999
1429 1085
1429 1999
1430 1999
1431 1812
1431 1999
1432 1940
1432 1999
1433 580
1433 1351
1433 1999
1434 1877
1434 1999
1435 151
1435 1377
1435 1999
1436 657
1436 1999
1437 72
1437 1689
1437 1999
1438 970
1438 1999
1439 50
1439 1999
1440 1999
1441 105
1441 1999
1442 1094
1442 1999
1443 1288
1443 1999
1444 1999
1445 873
1445 1200
1445 1999
1446 471
1446 1550
1446 1999
1447 1999
1448 1999
1449 1999
1450 4
1450 1193
1450 1389
1450 1999
1451 24
1451 1999
1452 1330
1452 1432
1452 1999
1453 1999
1454 174
1454 1999
1455 1822
1455 1999
1456 1801
1456 1999
1457 810
1457 1999
1458 996
1458 1999
1459 1999
1460 179
1460 404
1460 965
1460 1999
1461 1930
1461 1999
1462 1999
1463 985
1463 1999
1464 467
1464 1999
1465 1020
1465 1999
1466 1999
1467 1668
1467 1999
1468 1999
1469 1999
1470 1491
1470 1999
1471 650
1471 1999
1472 132
1472 1999
1473 728
1473 1127
1473 1999
1474 1999
1475 1999
1476 1788
1476 1805
1476 1999
1477 1999
1478 1999
1479 1616
1479 1999
1480 1028
1480 1999
1481 100
1481 1999
1482 101
1482 570
1482 1001
1482 1999
1483 1234
1483 1999
1484 1096
1484 1999
1485 1999
1486 1259
1486 1999
1487 230
1487 342
1487 853
1487 1999
1488 156
1488 1999
1489 1999
1490 686
1490 1875
1490 1999
1491 1999
1492 140
1492 771
1492 1999
1493 1999
1494 1999
1495 8
1495 257
1495 1999
1496 1829
1496 1999
1497 1227
1497 1999
1498 1999
1499 479
1499 1999
1500 1494
1500 1795
1500 1869
1500 1999
1501 1397
1501 1479
1501 1999
1502 1999
1503 1124
1503 1999
1504 891
1504 1959
1504 1999
1505 1285
1505 1999
1506 1999
1507 1999
1508 1269
1508 1999
1509 1999
1510 1999
1511 278
1511 1999
1512 1999
1513 924
1513 1473
1513 1999
1514 1999
1515 1999
1516 198
1516 1999
1517 1567
1517 1999
1518 314
1518 1057
1518 1338
1518 1999
1519 1999
1520 1999
1521 216
1521 1999
1522 1999
1523 1999
1524 136
1524 298
1524 1999
1525 1024
1525 1999
1526 255
1526 1999
1527 1999
1528 173
1528 1999
1529 355
1529 1366
1529 1999
1530 1189
1530 1999
1531 1999
1532 964
1532 1452
1532 1999
1533 474
1533 1999
1534 1443
1534 1999
1535 1009
1535 1999
1536 67
1536 513
1536 1999
1537 83
1537 629
1537 1999
1538 1999
1539 1999
1540 1999
1541 1131
1541 1999
1542 1999
1543 1999
1544 1021
1544 1454
1544 1999
1545 745
1545 842
1545 1999
1546 1921
1546 1951
1546 1999
1547 988
1547 1999
1548 1999
1549 317
1549 1447
1549 1999
1550 1870
1550 1999
1551 1267
1551 1999
1552 112
1552 1999
1553 106
1553 977
1553 1999
1554 722
1554 901
1554 1527
1554 1999
1555 1635
1555 1999
1556 1800
1556 1834
1556 1999
1557 1999
1558 1999
1559 1999
1560 420
1560 1999
1561 362
1561 1394
1561 1999
1562 1999
1563 1999
1564 1999
1565 721
1565 1446
1565 1774
1565 1999
1566 129
1566 1999
1567 1999
1568 163
1568 1999
1569 1412
1569 1999
1570 455
1570 1034
1570 1999
1571 1999
1572 1999
1573 618
1573 1999
1574 1999
1575 1032
1575 1999
1576 1999
1577 638
1577 1708
1577 1999
1578 1999
1579 1999
1580 1999
1581 796
1581 1231
1581 1999
1582 1249
1582 1999
1583 898
1583 1335
1583 1999
1584 1999
1585 1132
1585 1999
1586 1999
1587 1999
1588 148
1588 1999
1589 401
1589 1814
1589 1999
1590 1082
1590 1999
1591 1554
1591 1862
1591 1999
1592 1524
1592 1655
1592 1999
1593 994
1593 1999
1594 1815
1594 1927
1594 1999
1595 147
1595 1999
1596 1999
1597 971
1597 1999
1598 1999
1599 1181
1599 1999
1600 1212
1600 1342
1600 1999
1601 1678
1601 1776
1601 1922
1601 1999
1602 1999
1603 1794
1603 1999
1604 613
1604 1999
1605 560
1605 1219
1605 1701
1605 1999
1606 1999
1607 917
1607 1999
1608 1050
1608 1999
1609 1999
1610 1999
1611 1152
1611 1966
1611 1999
1612 578
1612 1999
1613 1999
1614 320
1614 376
1614 1999
1615 1999
1616 1999
1617 1999
1618 1999
1619 1999
1620 1999
1621 1999
1622 123
1622 518
1622 1019
1622 1898
1622 1999
1623 610
1623 1741
1623 1999
1624 1999
1625 1948
1625 1999
1626 1049
1626 1684
1626 1999
1627 203
1627 1999
1628 1091
1628 1999
1629 1999
1630 1159
1630 1999
1631 1999
1632 1999
1633 1999
1634 1463
1634 1999
1635 661
1635 1999
1636 516
1636 1999
1637 23
1637 134
1637 144
1637 357
1637 854
1637 1999
1638 1819
1638 1999
1639 1999
1640 1065
1640 1960
1640 1999
1641 488
1641 1868
1641 1999
1642 453
1642 1999
1643 1999
1644 395
1644 1999
1645 1999
1646 498
1646 1999
1647 1999
1648 659
1648 1999
1649 1999
1650 1999
1651 1999
1652 118
1652 1347
1652 1999
1653 414
1653 956
1653 1999
1654 846
1654 1221
1654 1999
1655 1720
1655 1999
1656 1532
1656 1999
1657 1999
1658 1999
1659 1856
1659 1943
1659 1999
1660 224
1660 1145
1660 1999
1661 1999
1662 358
1662 1999
1663 338
1663 1999
1664 17
1664 778
1664 1999
1665 1999
1666 1699
1666 1999
1667 139
1667 1991
1667 1999
1668 1999
1669 1999
1670 681
1670 1214
1670 1878
1670 1999
1671 1614
1671 1999
1672 1573
1672 1999
1673 326
1673 1999
1674 1999
1675 1999
1676 1999
1677 1999
1678 194
1678 1157
1678 1999
1679 1999
1680 993
1680 1999
1681 1999
1682 1955
1682 1999
1683 1357
1683 1999
1684 1191
1684 1999
1685 1071
1685 1294
1685 1999
1686 1999
1687 759
1687 1192
1687 1999
1688 1999
1689 1719
1689 1999
1690 1424
1690 1999
1691 391
1691 1740
1691 1999
1692 1999
1693 1950
1693 1999
1694 269
1694 1999
1695 1999
1696 1210
1696 1999
1697 1999
1698 1843
1698 1999
1699 343
1699 690
1699 1999
1700 832
1700 1999
1701 1030
1701 1652
1701 1999
1702 1999
1703 253
1703 1999
1704 246
1704 1999
1705 1999
1706 1999
1707 678
1707 1999
1708 763
1708 1999
1709 1999
1710 1999
1711 888
1711 1999
1712 804
1712 1316
1712 1318
1712 1999
1713 1169
1713 1388
1713 1999
1714 250
1714 1867
1714 1999
1715 266
1715 892
1715 1999
1716 1999
1717 219
1717 1965
1717 1999
1718 813
1718 1171
1718 1999
1719 524
1719 1045
1719 1647
1719 1999
1720 187
1720 549
1720 553
1720 1112
1720 1999
1721 1999
1722 1999
1723 263
1723 1999
1724 274
1724 1999
1725 1845
1725 1999
1726 27
1726 904
1726 1999
1727 1999
1728 567
1728 1999
1729 1367
1729 1999
1730 1999
1731 1999
1732 1999
1733 407
1733 1506
1733 1999
1734 221
1734 369
1734 1999
1735 1511
1735 1675
1735 1999
1736 1444
1736 1999
1737 312
1737 1999
1738 1999
1739 1999
1740 482
1740 1346
1740 1594
1740 1999
1741 1999
1742 65
1742 80
1742 1899
1742 1999
1743 237
1743 1518
1743 1999
1744 1999
1745 1999
1746 1681
1746 1999
1747 1999
1748 1476
1748 1999
1749 1687
1749 1999
1750 1999
1751 1999
1752 1999
1753 1999
1754 1455
1754 1711
1754 1999
1755 1350
1755 1999
1756 782
1756 1762
1756 1999
1757 1999
1758 1999
1759 231
1759 311
1759 1999
1760 1999
1761 1630
1761 1999
1762 1830
1762 1999
1763 1982
1763 1999
1764 696
1764 1736
1764 1999
1765 113
1765 1999
1766 1999
1767 561
1767 1999
1768 1999
1769 277
1769 510
1769 572
1769 1999
1770 232
1770 1999
1771 1341
1771 1999
1772 1999
1773 732
1773 1999
1774 1742
1774 1999
1775 363
1775 1999
1776 1999
1777 577
1777 1999
1778 612
1778 734
1778 1999
1779 1999
1780 1999
1781 1999
1782 1796
1782 1999
1783 1999
1784 451
1784 903
1784 1999
1785 1999
1786 14
1786 459
1786 1724
1786 1999
1787 1999
1788 92
1788 1999
1789 517
1789 1999
1790 1999
1791 547
1791 1999
1792 1999
1793 406
1793 1008
1793 1999
1794 1999
1795 1999
1796 1999
1797 1901
1797 1999
1798 1999
1799 431
1799 1999
1800 712
1800 999
1800 1539
1800 1999
1801 195
1801 1643
1801 1917
1801 1999
1802 1136
1802 1670
1802 1999
1803 626
1803 1411
1803 1999
1804 1709
1804 1999
1805 377
1805 1999
1806 1999
1807 1584
1807 1999
1808 862
1808 1999
1809 1999
1810 267
1810 1999
1811 647
1811 1999
1812 923
1812 1653
1812 1999
1813 57
1813 1999
1814 1999
1815 240
1815 615
1815 1033
1815 1999
1816 1240
1816 1999
1817 539
1817 1146
1817 1999
1818 1999
1819 448
1819 620
1819 1340
1819 1999
1820 1999
1821 1999
1822 860
1822 1138
1822 1196
1822 1999
1823 1999
1824 25
1824 436
1824 1999
1825 1706
1825 1999
1826 926
1826 1639
1826 1999
1827 398
1827 458
1827 1772
1827 1999
1828 1999
1829 1674
1829 1999
1830 325
1830 932
1830 1354
1830 1996
1830 1999
1831 1705
1831 1836
1831 1999
1832 1492
1832 1987
1832 1999
1833 425
1833 1999
1834 1999
1835 1371
1835 1415
1835 1999
1836 32
1836 35
1836 1781
1836 1999
1837 768
1837 1201
1837 1278
1837 1999
1838 1999
1839 1999
1840 60
1840 1999
1841 569
1841 805
1841 1999
1842 983
1842 1999
1843 1378
1843 1999
1844 1817
1844 1936
1844 1999
1845 1165
1845 1850
1845 1999
1846 1246
1846 1731
1846 1841
1846 1999
1847 503
1847 523
1847 633
1847 1999
1848 1999
1849 1999
1850 1999
1851 1999
1852 1544
1852 1999
1853 120
1853 1999
1854 1271
1854 1999
1855 1999
1856 1999
1857 1562
1857 1999
1858 715
1858 1999
1859 1644
1859 1999
1860 1011
1860 1715
1860 1999
1861 1999
1862 1999
1863 367
1863 879
1863 958
1863 1999
1864 1999
1865 85
1865 443
1865 1999
1866 927
1866 1999
1867 1571
1867 1999
1868 816
1868 1999
1869 432
1869 787
1869 1238
1869 1997
1869 1999
1870 1999
1871 1375
1871 1999
1872 1925
1872 1999
1873 809
1873 984
1873 1999
1874 1999
1875 1999
1876 184
1876 1999
1877 1402
1877 1999
1878 1490
1878 1999
1879 1999
1880 501
1880 1999
1881 1902
1881 1999
1882 1844
1882 1999
1883 908
1883 1180
1883 1999
1884 1999
1885 1999
1886 1999
1887 1999
1888 1999
1889 1999
1890 1999
1891 1999
1892 1999
1893 1559
1893 1999
1894 1999
1895 1999
1896 1220
1896 1999
1897 1754
1897 1784
1897 1999
1898 336
1898 960
1898 1007
1898 1263
1898 1999
1899 1999
1900 1663
1900 1999
1901 1999
1902 37
1902 815
1902 1999
1903 1999
1904 1999
1905 709
1905 834
1905 1999
1906 594
1906 1999
1907 1139
1907 1306
1907 1999
1908 1482
1908 1999
1909 1466
1909 1999
1910 1313
1910 1999
1911 261
1911 1999
1912 1369
1912 1999
1913 1046
1913 1999
1914 1999
1915 1999
1916 422
1916 1999
1917 110
1917 370
1917 978
1917 1999
1918 1787
1918 1999
1919 428
1919 1358
1919 1999
1920 1172
1920 1926
1920 1999
1921 1999
1922 784
1922 1999
1923 1999
1924 238
1924 265
1924 1999
1925 1999
1926 1790
1926 1999
1927 304
1927 1999
1928 1999
1929 1999
1930 1999
1931 1999
1932 1407
1932 1526
1932 1999
1933 251
1933 537
1933 877
1933 1102
1933 1999
1934 718
1934 1323
1934 1999
1935 1999
1936 52
1936 415
1936 950
1936 1999
1937 378
1937 915
1937 1999
1938 1999
1939 1749
1939 1750
1939 1999
1940 1115
1940 1999
1941 1154
1941 1558
1941 1999
1942 1999
1943 1698
1943 1999
1944 882
1944 1999
1945 1641
1945 1999
1946 1680
1946 1999
1947 241
1947 1999
1948 1999
1949 1523
1949 1999
1950 1999
1951 1999
1952 542
1952 807
1952 1626
1952 1999
1953 576
1953 1253
1953 1999
1954 457
1954 1431
1954 1999
1955 1999
1956 1211
1956 1999
1957 1228
1957 1999
1958 68
1958 1999
1959 1999
1960 1162
1960 1999
1961 589
1961 829
1961 1002
1961 1999
1962 196
1962 1999
1963 1999
1964 1060
1964 1999
1965 29
1965 1999
1966 1999
1967 1086
1967 1999
1968 1999
1969 1710
1969 1999
1970 1999
1971 1048
1971 1999
1972 866
1972 1999
1973 10
1973 218
1973 1999
1974 12
1974 1499
1974 1999
1975 1999
1976 1999
1977 1999
1978 1999
1979 1128
1979 1442
1979 1999
1980 1866
1980 1999
1981 952
1981 1999
1982 1999
1983 944
1983 1101
1983 1999
1984 13
1984 1999
1985 1999
1986 1999
1987 197
1987 1999
1988 78
1988 1999
1989 1453
1989 1999
1990 1999
1991 1716
1991 1999
1992 1095
1992 1293
1992 1999
1993 138
1993 1250
1993 1487
1993 1999
1994 1999
1995 478
1995 793
1995 1999
1996 1999
1997 178
1997 1999
1998 1999
