12 13 14 15 16 17 18 19 20 21 22 23
12 13 14 15 16 17 18 19 20 21 24 25
12 13 14 15 16 17 18 19 20 21 26 27
12 13 14 15 16 17 18 19 22 23 24 25
12 13 14 15 16 17 18 19 22 23 26 27
12 13 14 15 16 17 18 19 24 25 26 27
12 13 14 15 16 17 20 21 22 23 24 25
12 13 14 15 16 17 20 21 22 23 26 27
12 13 14 15 16 17 20 21 24 25 26 27
12 13 14 15 16 17 22 23 24 25 26 27
12 13 14 15 18 19 20 21 22 23 24 25
12 13 14 15 18 19 20 21 22 23 26 27
12 13 14 15 18 19 20 21 24 25 26 27
12 13 14 15 18 19 22 23 24 25 26 27
12 13 14 15 20 21 22 23 24 25 26 27
12 13 16 17 18 19 20 21 22 23 24 25
12 13 16 17 18 19 20 21 22 23 26 27
12 13 16 17 18 19 20 21 24 25 26 27
12 13 16 17 18 19 22 23 24 25 26 27
12 13 16 17 20 21 22 23 24 25 26 27
12 13 18 19 20 21 22 23 24 25 26 27
14 15 16 17 18 19 20 21 22 23 24 25
14 15 16 17 18 19 20 21 22 23 26 27
14 15 16 17 18 19 20 21 24 25 26 27
14 15 16 17 18 19 22 23 24 25 26 27
14 15 16 17 20 21 22 23 24 25 26 27
14 15 18 19 20 21 22 23 24 25 26 27
16 17 18 19 20 21 22 23 24 25 26 27
0 1 2 3 4 5 6 7 8 9 10 11
