28 29 30 31 32 33 34 35 36 37 38 39
28 29 30 31 32 33 34 35 36 37 40 41
28 29 30 31 32 33 34 35 36 37 42 43
28 29 30 31 32 33 34 35 38 39 40 41
28 29 30 31 32 33 34 35 38 39 42 43
28 29 30 31 32 33 34 35 40 41 42 43
28 29 30 31 32 33 36 37 38 39 40 41
28 29 30 31 32 33 36 37 38 39 42 43
28 29 30 31 32 33 36 37 40 41 42 43
28 29 30 31 32 33 38 39 40 41 42 43
28 29 30 31 34 35 36 37 38 39 40 41
28 29 30 31 34 35 36 37 38 39 42 43
28 29 30 31 34 35 36 37 40 41 42 43
28 29 30 31 34 35 38 39 40 41 42 43
28 29 30 31 36 37 38 39 40 41 42 43
28 29 32 33 34 35 36 37 38 39 40 41
28 29 32 33 34 35 36 37 38 39 42 43
28 29 32 33 34 35 36 37 40 41 42 43
28 29 32 33 34 35 38 39 40 41 42 43
28 29 32 33 36 37 38 39 40 41 42 43
28 29 34 35 36 37 38 39 40 41 42 43
30 31 32 33 34 35 36 37 38 39 40 41
30 31 32 33 34 35 36 37 38 39 42 43
30 31 32 33 34 35 36 37 40 41 42 43
30 31 32 33 34 35 38 39 40 41 42 43
30 31 32 33 36 37 38 39 40 41 42 43
30 31 34 35 36 37 38 39 40 41 42 43
32 33 34 35 36 37 38 39 40 41 42 43
15 16 17 18 19 20 21 22 23 24 25 26
15 16 17 18 19 20 21 22 23 24 25 27
15 16 17 18 19 20 21 22 23 24 26 27
15 16 17 18 19 20 21 22 23 25 26 27
15 16 17 18 19 20 21 22 24 25 26 27
15 16 17 18 19 20 21 23 24 25 26 27
15 16 17 18 19 20 22 23 24 25 26 27
15 16 17 18 19 21 22 23 24 25 26 27
15 16 17 18 20 21 22 23 24 25 26 27
15 16 17 19 20 21 22 23 24 25 26 27
15 16 18 19 20 21 22 23 24 25 26 27
15 17 18 19 20 21 22 23 24 25 26 27
16 17 18 19 20 21 22 23 24 25 26 27
0 1 2 3 4 5 6 7 8 9 10 11
0 1 2 3 4 5 6 7 8 12 13 14
0 1 2 3 4 5 9 10 11 12 13 14
0 1 2 6 7 8 9 10 11 12 13 14
3 4 5 6 7 8 9 10 11 12 13 14
