0
1000
47 638
18 64
100 530
157 276
67 623
810 947
863 881
139 301
112 685
32 882
376 873
209 626
469 544
82 158
121 663
599 806
344 592
472 687
379 607
444 600
706 846
208 570
604 899
2 880
431 618
167 362
492 652
9 594
87 272
323 834
77 275
587 882
804 998
171 847
98 421
37 86
207 574
659 684
185 341
89 578
479 981
301 385
666 800
233 920
207 359
860 909
382 966
321 418
260 749
654 930
63 577
613 722
661 837
159 995
364 951
105 828
257 878
32 805
163 280
26 903
237 280
580 876
76 244
754 935
161 688
125 442
140 292
735 863
467 874
374 737
469 541
188 245
390 426
148 500
814 877
354 719
278 283
361 869
120 297
248 435
532 669
448 854
238 339
502 933
273 978
696 835
161 992
408 832
91 929
278 404
803 970
22 271
141 939
3 243
475 771
709 783
153 558
567 787
581 841
602 955
675 898
701 705
430 948
217 471
507 697
45 526
290 318
808 997
319 449
483 898
598 698
335 827
78 427
111 923
510 900
124 140
386 736
392 989
816 862
451 859
132 952
747 987
432 507
767 954
533 743
31 102
169 556
506 684
563 664
657 951
198 540
850 859
117 999
23 505
329 523
368 385
29 718
433 881
712 915
3 400
59 67
437 993
204 460
92 237
10 815
304 744
193 309
616 822
352 811
250 802
284 854
284 704
49 809
43 367
371 444
235 565
456 470
42 727
503 540
155 990
154 406
184 190
17 366
304 505
128 745
226 630
942 987
307 514
157 906
62 894
78 179
124 228
742 807
175 637
473 894
435 930
15 477
489 655
7 415
101 173
635 679
72 653
47 872
93 275
151 782
254 907
122 878
0 605
286 636
603 768
934 950
285 342
57 676
103 743
590 753
294 582
74 662
372 573
178 982
126 155
780 823
326 947
69 914
35 940
189 539
133 552
360 599
465 908
115 722
120 984
746 757
233 992
118 151
172 640
295 696
39 670
833 896
897 935
343 526
406 874
655 698
303 645
110 368
43 848
182 399
529 605
840 949
52 559
66 313
873 918
160 725
855 981
69 542
415 967
416 667
11 528
212 403
97 164
716 756
609 824
338 861
476 607
271 441
162 414
84 420
515 577
313 654
181 231
398 486
87 751
6 890
626 775
267 445
167 791
438 548
608 975
736 994
667 822
375 614
731 758
693 968
115 883
48 956
171 791
231 795
430 536
213 624
118 373
619 730
59 812
824 912
481 764
488 554
641 755
289 644
376 895
134 733
100 568
126 428
16 463
249 553
332 914
70 717
265 917
86 378
520 521
502 852
218 799
35 765
253 596
320 912
251 263
299 473
656 831
315 499
681 826
316 950
21 325
350 442
180 346
37 451
215 829
29 999
95 413
300 879
629 665
588 924
522 913
772 998
318 686
158 954
131 306
56 219
457 946
84 397
585 897
53 652
146 849
387 443
40 438
20 706
609 944
357 747
268 642
249 730
393 622
522 683
83 519
130 350
138 754
34 844
349 896
80 766
30 65
58 984
352 621
232 853
223 628
54 305
178 922
50 107
170 202
28 482
634 771
73 740
823 907
224 248
449 551
255 296
569 653
905 921
245 850
196 377
256 260
335 966
731 870
320 805
75 137
62 386
604 637
192 458
397 811
279 310
286 927
723 889
128 312
816 958
327 728
77 85
311 512
802 973
93 865
101 856
103 774
255 841
136 631
708 765
574 675
768 799
191 363
294 670
549 812
401 694
75 481
464 870
232 945
68 291
331 591
434 725
566 583
153 270
27 412
242 631
295 810
584 918
359 990
145 807
391 778
659 904
302 672
122 867
375 610
166 713
20 707
402 586
547 636
203 716
529 543
190 269
195 704
480 855
541 648
584 777
174 753
457 929
941 957
55 319
407 720
548 556
709 961
16 941
235 314
330 938
378 963
197 561
187 454
794 815
851 892
504 979
723 902
518 610
92 369
405 487
277 333
196 517
328 485
432 788
326 715
5 525
496 830
485 867
777 971
205 879
843 872
46 80
703 781
257 844
602 819
820 974
625 928
389 858
411 770
692 827
42 972
596 658
851 974
632 986
813 949
394 603
689 924
95 842
134 926
403 866
99 200
422 817
199 627
453 798
351 427
710 818
97 307
597 967
691 786
1 682
346 549
70 147
434 598
620 767
676 953
524 787
496 776
592 959
330 905
111 396
750 845
552 970
509 891
8 760
160 554
977 991
345 487
735 899
81 276
144 721
340 707
358 641
887 960
238 904
146 634
147 576
98 639
114 570
14 141
261 441
647 789
33 478
91 939
24 292
53 660
470 513
198 630
110 414
497 745
195 454
544 809
96 633
259 492
142 818
426 784
561 884
8 646
262 458
218 928
21 531
202 234
504 572
106 439
252 943
550 836
144 205
285 983
571 762
19 224
622 813
615 985
651 800
702 979
83 396
113 534
247 993
4 331
699 744
266 635
348 677
206 345
351 797
219 900
553 871
612 721
71 973
425 837
409 770
348 498
236 901
94 638
422 665
365 615
501 564
300 763
424 719
773 789
176 240
19 739
229 691
135 921
360 493
651 877
503 906
450 461
28 499
265 455
11 239
36 695
156 264
34 643
965 985
125 258
310 917
240 825
4 778
392 955
413 831
14 649
106 821
528 656
373 437
333 532
337 483
792 865
347 957
252 714
133 825
230 613
491 501
13 221
876 902
672 705
908 915
181 901
173 666
343 720
308 498
645 964
216 925
383 521
143 797
99 214
230 614
79 632
579 619
214 536
112 461
585 946
679 922
733 916
254 381
513 862
256 274
334 587
150 264
486 506
176 229
606 952
701 820
109 138
489 564
221 937
769 975
211 272
482 948
165 184
433 710
191 611
117 494
31 379
283 759
531 545
55 488
538 961
258 405
370 699
129 448
565 648
538 853
732 942
495 752
81 633
724 953
25 857
600 650
88 247
156 520
817 847
358 860
163 560
381 796
288 527
440 558
51 200
0 671
61 566
145 545
305 517
793 892
885 972
384 695
7 201
431 785
71 297
383 421
356 416
298 581
182 658
183 479
293 883
353 453
90 578
130 429
199 965
606 980
50 490
203 830
287 494
45 119
281 857
819 943
246 740
72 618
169 306
52 216
459 575
562 833
612 715
366 760
402 563
136 750
41 790
338 801
455 559
593 616
713 890
96 694
682 963
393 428
475 781
340 871
194 986
27 211
332 702
33 342
341 510
132 194
89 623
742 962
287 642
54 749
18 261
201 688
57 569
868 880
164 945
61 774
834 996
250 407
640 969
796 840
784 821
185 213
456 755
484 624
465 866
170 217
439 572
12 293
539 625
188 795
212 944
419 895
149 627
150 621
364 660
647 927
312 417
848 926
311 391
976 983
671 886
149 885
838 932
776 814
354 996
409 459
94 764
38 573
377 976
424 923
2 186
362 690
786 793
154 579
244 889
650 700
10 681
700 994
222 875
315 418
1 395
239 692
25 129
535 969
858 964
530 978
389 886
491 828
131 388
537 576
515 775
259 423
210 423
516 826
236 425
509 591
186 677
234 919
73 583
527 801
127 875
321 741
412 668
370 374
440 629
225 751
467 508
511 673
714 995
748 938
322 845
336 347
916 937
66 686
597 887
24 525
68 680
48 179
357 429
936 997
168 738
339 773
769 782
152 555
419 514
109 738
404 589
119 772
137 363
408 555
242 711
6 189
387 971
657 832
519 806
113 410
586 788
139 474
162 588
398 608
279 756
220 727
500 757
382 690
919 940
785 934
180 989
551 717
65 355
121 794
327 804
274 571
542 678
380 958
262 737
557 664
537 829
447 669
484 708
888 931
337 861
74 208
17 546
123 282
204 601
36 936
390 729
534 728
210 267
60 277
105 165
836 913
13 298
317 748
687 763
411 620
197 910
193 982
246 288
116 365
334 595
495 543
329 595
450 798
251 911
309 508
689 988
76 557
26 464
316 550
38 668
314 447
22 968
328 766
58 663
355 843
268 477
628 761
273 462
209 372
148 891
108 225
90 674
344 639
643 779
227 282
361 980
9 436
846 960
104 516
82 102
693 790
226 281
478 779
40 888
79 177
780 868
308 336
135 177
601 680
172 227
166 931
611 646
323 617
674 734
44 349
324 724
401 649
116 192
15 726
30 523
56 296
476 852
729 893
518 582
39 959
253 703
290 884
474 580
395 856
299 758
792 869
108 400
143 324
85 835
460 466
46 49
575 661
468 783
594 685
734 839
353 864
732 839
104 933
567 678
388 849
5 241
175 452
206 617
266 394
322 842
174 183
803 956
222 711
533 759
399 752
446 462
168 410
662 962
107 452
384 560
317 436
220 991
269 289
746 762
303 493
535 547
123 446
60 644
417 471
726 739
263 270
44 367
356 472
291 590
903 988
808 977
12 228
142 443
64 932
152 369
215 920
468 480
325 568
683 925
511 589
127 910
114 741
673 893
159 302
490 524
838 864
223 463
187 445
51 243
380 718
546 562
371 420
466 497
88 911
512 761
241 712
23 63
41 909
