0
1000
304 925
72 428
431 895
486 899
216 762
423 914
171 442
248 823
18 508
270 336
683 797
189 623
643 942
300 827
4 711
54 196
22 402
175 335
139 463
639 983
20 43
742 788
338 561
33 411
95 306
576 698
169 236
351 934
121 975
709 918
642 804
232 267
163 600
422 726
345 835
108 524
52 220
261 547
296 383
379 764
55 569
117 828
747 782
58 688
111 416
183 995
613 691
151 236
387 786
577 732
221 826
730 767
144 808
82 197
3 361
551 883
266 923
663 841
329 842
572 787
535 793
205 686
638 821
118 659
56 146
258 798
456 878
590 948
376 379
476 555
733 921
957 994
142 358
175 225
211 274
115 564
39 759
0 701
537 855
248 431
76 986
411 697
439 686
735 803
271 941
16 859
464 521
466 801
674 775
535 677
257 320
13 905
288 964
479 632
193 832
778 861
412 990
691 785
117 316
333 518
648 798
493 644
70 886
855 887
14 404
415 723
367 891
664 908
108 556
160 851
894 966
186 247
72 178
503 681
42 583
229 733
128 917
33 528
40 240
46 564
138 400
146 417
678 880
310 494
682 965
154 692
127 141
284 294
188 972
179 604
309 665
218 758
56 324
34 622
393 462
446 482
305 392
166 642
102 395
241 890
50 967
566 781
395 438
423 998
17 906
339 737
621 910
153 390
517 877
125 900
790 834
601 851
49 154
145 273
97 609
800 847
398 746
759 897
529 599
692 912
30 476
241 308
84 413
292 616
763 858
626 945
31 803
325 440
514 589
397 572
44 314
775 920
254 694
95 707
59 721
199 919
717 932
235 513
224 515
281 768
505 753
304 410
97 673
354 646
873 960
280 811
512 926
70 252
182 286
426 511
539 954
522 658
870 950
184 895
11 228
250 524
41 676
98 328
239 845
293 904
307 712
133 694
478 937
339 767
454 974
394 537
621 695
67 829
580 731
278 925
123 928
526 978
850 968
99 291
215 240
47 259
101 209
891 993
628 934
185 636
122 936
497 649
592 812
569 752
437 708
198 698
147 743
582 898
627 831
362 672
450 651
255 979
93 559
310 761
27 822
365 901
200 892
92 830
355 435
149 760
542 584
87 660
122 672
322 470
76 553
93 915
605 972
123 355
153 996
407 685
516 785
382 451
381 859
245 964
110 702
177 382
420 427
8 728
184 356
50 465
434 904
397 977
246 790
202 952
265 279
62 658
346 619
255 412
866 867
554 864
557 795
417 485
35 247
326 696
79 553
62 330
409 634
488 578
52 677
346 762
278 311
78 330
260 834
289 881
357 656
496 846
399 530
581 987
180 930
219 838
591 593
287 482
75 680
275 566
20 678
119 347
318 659
74 741
400 427
63 75
348 862
724 912
430 493
424 955
418 743
736 963
183 549
161 199
36 805
78 518
222 876
480 641
6 132
432 763
405 814
269 695
391 520
194 523
295 408
424 684
453 719
321 799
892 974
98 540
57 697
2 363
303 827
60 380
549 980
298 699
86 302
47 67
721 956
875 877
173 439
498 603
449 792
350 447
318 334
134 756
606 858
655 770
817 849
192 970
213 499
16 155
570 584
371 949
115 281
882 913
176 460
391 444
136 575
114 804
9 907
277 420
290 976
693 728
576 863
60 911
501 730
85 871
351 713
299 533
696 951
478 651
601 984
37 719
223 598
607 872
238 577
630 845
253 353
459 634
1 415
527 752
296 543
356 916
124 527
500 529
410 893
112 226
447 812
295 940
250 436
343 565
118 653
142 848
25 811
375 545
504 917
680 944
328 435
128 769
570 818
148 516
503 514
700 903
149 444
204 489
461 725
320 536
235 475
383 471
137 669
186 253
189 362
5 261
474 515
174 269
562 645
722 910
460 693
380 618
546 754
507 605
51 547
368 749
185 452
359 613
401 428
307 519
225 783
337 941
170 603
129 989
19 131
233 264
384 755
71 780
614 943
201 636
14 443
548 987
525 679
882 998
455 824
7 771
579 760
418 475
531 953
650 774
48 819
129 755
560 669
571 687
260 377
88 246
690 856
319 885
136 933
930 984
84 745
454 836
336 421
704 885
780 947
294 670
90 301
708 756
657 999
805 914
309 896
627 724
172 363
815 961
130 221
77 238
29 611
793 995
43 313
776 789
32 458
366 624
638 844
299 887
283 808
159 848
103 640
403 839
53 662
738 958
608 725
59 502
166 597
162 813
100 249
544 573
85 443
266 544
90 754
25 588
239 342
337 348
28 327
298 684
608 800
208 863
32 538
80 107
99 992
282 667
469 567
172 871
267 419
705 830
207 213
133 857
190 965
81 562
57 191
620 861
907 991
641 717
105 532
592 842
495 497
523 667
169 305
152 308
258 670
92 244
637 926
630 718
565 939
268 881
64 963
550 629
290 769
390 823
155 366
472 796
506 824
702 946
766 850
83 864
231 533
321 496
41 109
234 317
15 874
3 513
113 203
11 715
137 668
181 594
438 765
661 829
405 962
130 292
181 402
215 285
345 557
396 931
66 772
116 967
48 969
352 683
522 675
24 376
433 840
145 921
135 889
814 825
119 505
77 956
507 727
536 643
160 441
167 315
289 664
61 582
714 783
884 968
342 425
860 962
243 794
543 966
94 436
487 552
502 854
377 620
458 649
886 901
10 89
283 920
602 818
591 983
455 532
445 704
144 452
81 404
364 935
22 661
82 357
616 857
148 796
714 715
197 879
374 433
422 556
188 916
211 894
275 918
121 138
88 372
91 688
873 991
456 866
311 690
164 554
206 784
157 179
46 303
332 508
595 959
112 498
12 120
501 750
191 202
143 287
359 847
219 372
341 709
282 865
86 170
9 472
194 227
21 106
74 574
429 939
251 598
909 928
195 306
479 999
27 176
624 849
256 399
152 257
65 368
45 787
279 905
831 884
141 500
612 838
744 927
198 386
462 674
135 196
58 285
190 997
750 791
158 718
358 612
352 596
224 329
385 788
416 573
446 903
663 909
561 853
105 243
883 961
264 879
631 635
370 741
453 468
738 856
300 846
312 713
548 701
489 666
212 657
216 607
6 409
595 770
107 731
654 902
802 890
317 495
735 977
531 978
589 975
665 825
66 571
96 461
360 653
716 751
214 222
237 981
245 810
469 802
625 837
911 988
150 990
233 393
314 898
23 776
786 923
51 111
55 647
374 993
706 874
69 583
19 159
448 893
291 301
161 217
448 832
244 361
711 817
631 820
132 324
210 656
31 227
398 506
195 326
270 485
193 637
568 740
335 463
331 822
180 953
813 969
125 945
91 654
127 494
837 971
114 985
286 360
158 841
34 807
480 587
396 606
4 96
26 212
791 876
174 201
323 806
434 457
156 689
134 499
414 742
467 648
322 958
699 720
232 727
676 931
12 985
251 772
252 943
204 611
61 104
899 957
265 369
473 586
325 406
610 897
353 764
757 982
39 982
187 633
739 948
140 835
302 936
596 707
635 913
587 639
370 806
323 843
273 599
615 933
451 949
652 981
350 369
256 937
200 487
559 748
206 581
426 650
230 979
230 483
203 797
53 996
83 732
588 778
262 870
30 815
425 671
401 486
729 765
753 868
419 950
131 530
748 784
354 563
558 924
679 986
389 586
468 988
182 689
272 385
271 970
403 520
217 736
450 534
163 567
192 277
1 810
938 997
749 946
574 942
807 862
156 722
13 465
116 959
540 745
703 757
63 242
477 922
17 869
477 510
413 896
104 528
319 816
512 869
263 761
35 575
37 973
932 947
794 795
327 389
375 602
218 720
94 740
816 989
734 820
280 378
449 843
102 481
625 889
147 779
100 773
242 432
106 288
109 729
124 373
167 779
626 854
177 652
593 944
388 673
110 392
373 973
888 908
126 801
28 140
437 880
5 268
178 474
473 888
623 860
120 151
340 960
101 774
442 868
338 343
274 331
681 712
71 490
935 951
388 840
143 344
73 162
407 580
457 617
157 710
610 622
40 994
349 471
386 675
406 467
229 521
164 509
38 490
558 758
525 526
597 737
646 833
237 853
371 819
619 867
517 716
615 685
470 919
0 872
706 971
214 878
484 929
429 865
600 655
263 344
208 828
313 844
585 929
539 568
168 751
777 980
113 459
347 384
647 766
340 700
316 902
15 560
509 839
552 645
79 976
633 671
792 927
284 364
510 723
220 799
207 900
2 466
209 578
332 875
49 297
18 276
65 954
666 771
414 747
826 852
226 492
394 777
171 955
249 705
64 234
365 585
484 915
367 541
491 992
293 906
378 541
710 809
68 341
68 387
8 687
315 538
54 150
23 491
165 809
272 579
228 550
618 836
21 488
563 590
408 594
168 782
38 744
333 519
734 952
534 614
604 632
24 464
231 504
421 821
29 640
73 555
481 644
210 223
139 430
69 165
349 768
662 739
187 483
36 441
833 940
259 297
42 609
7 44
276 726
126 617
312 546
10 781
87 789
26 682
381 922
492 511
551 773
103 205
445 545
262 703
89 628
254 746
45 80
440 668
334 924
542 852
173 629
