0
1000
573 574
494 495
994 995
574 575
192 193
741 742
70 71
430 431
176 177
723 724
346 347
832 833
960 961
357 358
694 695
617 618
264 265
681 682
493 494
113 114
194 195
637 638
50 51
716 717
247 248
325 326
592 593
971 972
938 939
229 230
107 108
752 753
249 250
869 870
491 492
458 459
582 583
904 905
690 691
631 632
693 694
456 457
139 140
413 414
320 321
34 35
251 252
798 799
267 268
433 434
911 912
550 551
562 563
171 172
98 99
649 650
742 743
575 576
449 450
214 215
856 857
717 718
534 535
212 213
633 634
143 144
757 758
954 955
84 85
709 710
957 958
769 770
768 769
750 751
805 806
975 976
486 487
282 283
811 812
608 609
56 57
787 788
847 848
308 309
669 670
907 908
349 350
790 791
897 898
414 415
423 424
441 442
242 243
920 921
310 311
42 43
138 139
719 720
828 829
515 516
759 760
257 258
706 707
684 685
135 136
211 212
777 778
851 852
231 232
111 112
937 938
589 590
989 990
785 786
783 784
280 281
557 558
136 137
689 690
789 790
331 332
818 819
645 646
601 602
977 978
141 142
558 559
630 631
390 391
956 957
867 868
223 224
196 197
901 902
52 53
417 418
648 649
7 8
350 351
133 134
168 169
399 400
958 959
650 651
591 592
764 765
217 218
816 817
842 843
627 628
442 443
972 973
704 705
609 610
590 591
304 305
970 971
121 122
134 135
843 844
653 654
19 20
587 588
193 194
281 282
185 186
359 360
356 357
781 782
14 15
293 294
61 62
333 334
799 800
976 977
254 255
884 885
858 859
278 279
747 748
745 746
386 387
822 823
38 39
237 238
626 627
147 148
876 877
668 669
532 533
518 519
241 242
812 813
945 946
718 719
182 183
400 401
106 107
560 561
340 341
41 42
427 428
273 274
426 427
473 474
296 297
204 205
105 106
839 840
953 954
569 570
479 480
927 928
3 4
495 496
244 245
474 475
330 331
964 965
436 437
943 944
24 25
542 543
227 228
887 888
506 507
952 953
715 716
1 2
829 830
140 141
579 580
87 88
199 200
167 168
751 752
585 586
305 306
973 974
555 556
210 211
309 310
123 124
279 280
22 23
600 601
794 795
552 553
328 329
739 740
740 741
860 861
90 91
998 999
804 805
381 382
563 564
39 40
464 465
797 798
605 606
923 924
939 940
234 235
314 315
54 55
535 536
13 14
831 832
55 56
776 777
260 261
522 523
979 980
909 910
405 406
521 522
503 504
616 617
670 671
714 715
810 811
422 423
613 614
462 463
220 221
629 630
826 827
882 883
428 429
910 911
948 949
391 392
855 856
986 987
539 540
463 464
651 652
239 240
827 828
35 36
452 453
516 517
679 680
369 370
595 596
625 626
642 643
767 768
266 267
510 511
11 12
466 467
868 869
77 78
680 681
871 872
726 727
487 488
686 687
833 834
46 47
635 636
287 288
478 479
902 903
92 93
303 304
566 567
743 744
760 761
623 624
995 996
230 231
722 723
893 894
415 416
380 381
411 412
803 804
12 13
48 49
73 74
188 189
940 941
213 214
483 484
525 526
900 901
421 422
540 541
100 101
813 814
685 686
659 660
733 734
358 359
862 863
596 597
772 773
64 65
91 92
732 733
511 512
37 38
5 6
221 222
564 565
830 831
259 260
25 26
770 771
387 388
66 67
622 623
647 648
490 491
271 272
606 607
931 932
891 892
610 611
872 873
898 899
112 113
925 926
319 320
864 865
36 37
817 818
398 399
416 417
201 202
504 505
793 794
155 156
880 881
297 298
166 167
984 985
546 547
788 789
144 145
148 149
961 962
744 745
311 312
301 302
746 747
300 301
453 454
120 121
270 271
480 481
60 61
959 960
657 658
946 947
177 178
731 732
352 353
922 923
316 317
306 307
786 787
612 613
531 532
186 187
419 420
207 208
354 355
507 508
985 986
472 473
863 864
94 95
615 616
968 969
392 393
666 667
195 196
883 884
317 318
283 284
142 143
268 269
749 750
6 7
69 70
674 675
778 779
446 447
824 825
720 721
127 128
753 754
554 555
548 549
712 713
312 313
219 220
97 98
360 361
407 408
132 133
639 640
124 125
915 916
687 688
526 527
691 692
208 209
695 696
367 368
924 925
888 889
31 32
697 698
728 729
808 809
23 24
412 413
981 982
10 11
184 185
485 486
71 72
163 164
835 836
519 520
846 847
677 678
250 251
86 87
580 581
594 595
334 335
465 466
809 810
502 503
294 295
53 54
0 1
434 435
913 914
180 181
992 993
178 179
819 820
151 152
323 324
164 165
228 229
536 537
226 227
725 726
364 365
990 991
131 132
261 262
588 589
395 396
20 21
382 383
154 155
216 217
735 736
643 644
802 803
43 44
169 170
963 964
556 557
667 668
655 656
906 907
375 376
845 846
117 118
578 579
603 604
431 432
993 994
62 63
765 766
844 845
889 890
298 299
624 625
549 550
701 702
737 738
700 701
344 345
987 988
68 69
919 920
837 838
345 346
866 867
905 906
150 151
476 477
935 936
654 655
738 739
457 458
236 237
343 344
996 997
218 219
607 608
758 759
966 967
470 471
978 979
543 544
329 330
450 451
724 725
682 683
619 620
125 126
448 449
544 545
396 397
65 66
374 375
484 485
853 854
698 699
263 264
621 622
850 851
638 639
656 657
408 409
997 998
736 737
318 319
57 58
95 96
118 119
932 933
528 529
791 792
332 333
983 984
814 815
547 548
583 584
444 445
129 130
711 712
299 300
916 917
202 203
632 633
941 942
258 259
707 708
130 131
162 163
496 497
403 404
439 440
341 342
289 290
807 808
205 206
676 677
703 704
942 943
181 182
269 270
389 390
936 937
708 709
815 816
335 336
779 780
559 560
980 981
766 767
173 174
187 188
170 171
520 521
47 48
435 436
577 578
200 201
918 919
45 46
890 891
870 871
175 176
256 257
40 41
885 886
243 244
894 895
598 599
761 762
401 402
692 693
881 882
663 664
775 776
634 635
678 679
72 73
406 407
377 378
93 94
438 439
75 76
265 266
404 405
238 239
734 735
903 904
530 531
865 866
26 27
385 386
33 34
32 33
152 153
873 874
475 476
748 749
365 366
8 9
63 64
636 637
248 249
262 263
620 621
481 482
425 426
80 81
729 730
393 394
671 672
702 703
934 935
225 226
512 513
78 79
841 842
969 970
762 763
110 111
468 469
383 384
272 273
402 403
122 123
424 425
644 645
455 456
355 356
967 968
840 841
233 234
157 158
274 275
76 77
384 385
189 190
529 530
454 455
17 18
646 647
372 373
114 115
429 430
513 514
240 241
848 849
782 783
652 653
363 364
179 180
58 59
683 684
447 448
348 349
859 860
67 68
81 82
115 116
675 676
18 19
99 100
488 489
640 641
929 930
492 493
165 166
88 89
933 934
784 785
191 192
661 662
224 225
780 781
755 756
568 569
500 501
561 562
570 571
336 337
49 50
15 16
471 472
443 444
771 772
206 207
183 184
158 159
800 801
235 236
128 129
599 600
277 278
290 291
672 673
614 615
467 468
710 711
944 945
353 354
119 120
255 256
21 22
418 419
806 807
397 398
795 796
379 380
713 714
376 377
321 322
834 835
572 573
501 502
437 438
477 478
861 862
85 86
198 199
145 146
159 160
209 210
302 303
366 367
451 452
291 292
696 697
324 325
914 915
877 878
754 755
658 659
149 150
27 28
9 10
514 515
664 665
28 29
102 103
286 287
116 117
821 822
126 127
461 462
705 706
222 223
553 554
825 826
351 352
823 824
721 722
854 855
930 931
327 328
160 161
489 490
104 105
96 97
420 421
895 896
347 348
896 897
538 539
796 797
51 52
108 109
253 254
541 542
581 582
103 104
74 75
673 674
917 918
523 524
593 594
410 411
921 922
361 362
59 60
161 162
109 110
409 410
928 929
618 619
602 603
146 147
460 461
137 138
849 850
660 661
982 983
203 204
878 879
232 233
567 568
527 528
604 605
565 566
190 191
537 538
174 175
571 572
252 253
926 927
801 802
756 757
576 577
628 629
83 84
246 247
197 198
313 314
307 308
378 379
285 286
4 5
875 876
611 612
874 875
101 102
974 975
509 510
524 525
586 587
947 948
288 289
879 880
763 764
792 793
641 642
482 483
892 893
156 157
459 460
499 500
295 296
699 700
339 340
368 369
665 666
30 31
857 858
545 546
388 389
730 731
497 498
838 839
508 509
899 900
912 913
688 689
172 173
245 246
951 952
551 552
2 3
820 821
469 470
533 534
275 276
394 395
836 837
276 277
79 80
662 663
370 371
965 966
445 446
773 774
597 598
774 775
498 499
373 374
153 154
949 950
284 285
440 441
852 853
988 989
89 90
517 518
371 372
991 992
322 323
962 963
342 343
955 956
727 728
326 327
584 585
950 951
16 17
362 363
908 909
337 338
338 339
82 83
886 887
29 30
215 216
315 316
505 506
432 433
292 293
44 45
