0
1000
443 444
783 784
139 140
427 428
643 644
232 233
600 601
385 386
696 697
797 798
811 812
464 465
959 960
555 556
947 948
818 819
978 979
580 581
976 977
261 262
565 566
591 592
115 116
586 587
820 821
662 663
90 91
864 865
548 549
187 188
533 534
461 462
519 520
876 877
275 276
919 920
181 182
826 827
413 414
141 142
981 982
431 432
665 666
884 885
922 923
378 379
80 81
235 236
433 434
13 14
610 611
149 150
359 360
346 347
268 269
490 491
723 724
691 692
400 401
358 359
311 312
291 292
606 607
211 212
878 879
678 679
667 668
835 836
867 868
561 562
634 635
806 807
450 451
719 720
831 832
190 191
233 234
977 978
277 278
748 749
409 410
220 221
991 992
742 743
294 295
628 629
163 164
774 775
546 547
913 914
694 695
391 392
757 758
875 876
44 45
334 335
415 416
298 299
632 633
11 12
285 286
160 161
207 208
384 385
704 705
112 113
736 737
42 43
313 314
417 418
38 39
200 201
605 606
375 376
501 502
206 207
186 187
646 647
3 4
705 706
412 413
61 62
7 8
896 897
40 41
146 147
504 505
288 289
462 463
497 498
699 700
689 690
784 785
302 303
957 958
707 708
714 715
306 307
51 52
419 420
117 118
263 264
301 302
982 983
910 911
423 424
726 727
355 356
372 373
869 870
551 552
458 459
28 29
129 130
966 967
962 963
418 419
5 6
706 707
990 991
758 759
668 669
55 56
168 169
366 367
987 988
623 624
892 893
124 125
897 898
162 163
789 790
590 591
631 632
502 503
568 569
940 941
270 271
636 637
173 174
195 196
30 31
408 409
212 213
371 372
974 975
238 239
465 466
155 156
545 546
267 268
761 762
57 58
70 71
750 751
496 497
472 473
574 575
666 667
827 828
47 48
836 837
934 935
279 280
175 176
328 329
679 680
424 425
873 874
377 378
622 623
247 248
560 561
952 953
958 959
685 686
448 449
923 924
2 3
865 866
883 884
729 730
879 880
525 526
435 436
537 538
528 529
856 857
317 318
392 393
25 26
556 557
877 878
295 296
998 999
403 404
23 24
764 765
928 929
339 340
905 906
380 381
712 713
136 137
953 954
824 825
751 752
638 639
630 631
513 514
135 136
660 661
569 570
523 524
309 310
951 952
142 143
46 47
24 25
854 855
239 240
445 446
331 332
492 493
127 128
918 919
128 129
475 476
227 228
312 313
259 260
322 323
596 597
900 901
416 417
709 710
299 300
654 655
721 722
218 219
534 535
541 542
722 723
515 516
538 539
536 537
340 341
544 545
62 63
283 284
123 124
840 841
770 771
522 523
325 326
614 615
583 584
272 273
603 604
673 674
126 127
9 10
686 687
96 97
825 826
948 949
986 987
759 760
379 380
621 622
157 158
370 371
807 808
436 437
598 599
718 719
992 993
439 440
33 34
995 996
853 854
365 366
85 86
468 469
59 60
858 859
318 319
425 426
205 206
174 175
838 839
15 16
204 205
276 277
989 990
1 2
164 165
597 598
894 895
970 971
438 439
406 407
794 795
49 50
955 956
717 718
198 199
773 774
333 334
681 682
404 405
921 922
594 595
739 740
343 344
963 964
588 589
927 928
941 942
363 364
700 701
152 153
563 564
823 824
595 596
296 297
781 782
942 943
830 831
483 484
562 563
695 696
12 13
65 66
116 117
871 872
866 867
506 507
86 87
58 59
467 468
121 122
493 494
364 365
154 155
767 768
388 389
850 851
674 675
954 955
967 968
697 698
97 98
361 362
566 567
747 748
335 336
320 321
860 861
615 616
374 375
145 146
946 947
776 777
182 183
639 640
226 227
316 317
347 348
505 506
507 508
287 288
839 840
907 908
310 311
648 649
521 522
799 800
265 266
874 875
585 586
655 656
100 101
532 533
760 761
728 729
131 132
94 95
6 7
911 912
189 190
353 354
398 399
64 65
993 994
530 531
210 211
26 27
83 84
779 780
326 327
402 403
772 773
217 218
710 711
931 932
201 202
101 102
405 406
185 186
444 445
37 38
422 423
582 583
720 721
592 593
41 42
341 342
690 691
852 853
230 231
607 608
495 496
463 464
567 568
453 454
754 755
488 489
401 402
303 304
801 802
620 621
199 200
432 433
886 887
280 281
593 594
627 628
273 274
480 481
943 944
766 767
305 306
278 279
950 951
587 588
336 337
354 355
356 357
109 110
968 969
202 203
735 736
219 220
260 261
111 112
688 689
613 614
564 565
509 510
282 283
120 121
581 582
980 981
167 168
0 1
542 543
929 930
68 69
805 806
809 810
395 396
228 229
902 903
368 369
520 521
18 19
138 139
575 576
552 553
693 694
743 744
930 931
517 518
19 20
242 243
383 384
800 801
769 770
314 315
795 796
352 353
756 757
170 171
103 104
245 246
251 252
286 287
437 438
307 308
289 290
133 134
430 431
479 480
516 517
914 915
994 995
77 78
731 732
777 778
456 457
485 486
732 733
169 170
122 123
658 659
680 681
429 430
381 382
808 809
54 55
8 9
489 490
45 46
266 267
389 390
253 254
503 504
611 612
629 630
554 555
411 412
78 79
633 634
792 793
650 651
81 82
452 453
367 368
191 192
208 209
828 829
939 940
350 351
543 544
119 120
870 871
851 852
734 735
985 986
749 750
618 619
763 764
768 769
652 653
73 74
221 222
786 787
214 215
676 677
557 558
738 739
698 699
904 905
920 921
297 298
137 138
788 789
43 44
846 847
916 917
755 756
645 646
711 712
539 540
640 641
393 394
21 22
130 131
258 259
804 805
244 245
269 270
143 144
653 654
893 894
177 178
236 237
323 324
518 519
924 925
84 85
936 937
937 938
796 797
360 361
822 823
965 966
159 160
793 794
262 263
194 195
332 333
819 820
434 435
421 422
683 684
891 892
703 704
460 461
249 250
16 17
106 107
98 99
337 338
499 500
625 626
887 888
664 665
17 18
56 57
69 70
494 495
771 772
178 179
179 180
414 415
834 835
229 230
166 167
256 257
324 325
889 890
257 258
745 746
906 907
290 291
319 320
744 745
842 843
52 53
349 350
558 559
708 709
184 185
481 482
144 145
192 193
997 998
134 135
814 815
36 37
491 492
925 926
570 571
487 488
983 984
79 80
815 816
500 501
670 671
234 235
932 933
150 151
511 512
553 554
66 67
647 648
898 899
857 858
885 886
470 471
935 936
60 61
471 472
4 5
531 532
508 509
549 550
224 225
225 226
196 197
848 849
369 370
559 560
188 189
93 94
791 792
351 352
810 811
171 172
635 636
733 734
477 478
107 108
624 625
682 683
48 49
165 166
890 891
926 927
617 618
753 754
833 834
813 814
956 957
161 162
118 119
344 345
510 511
95 96
855 856
387 388
14 15
399 400
829 830
447 448
971 972
308 309
960 961
862 863
255 256
362 363
616 617
663 664
197 198
222 223
498 499
969 970
113 114
619 620
973 974
20 21
240 241
859 860
861 862
284 285
577 578
241 242
482 483
687 688
382 383
996 997
684 685
459 460
71 72
223 224
841 842
642 643
599 600
715 716
110 111
915 916
39 40
872 873
881 882
527 528
248 249
677 678
327 328
578 579
67 68
901 902
661 662
29 30
737 738
984 985
812 813
765 766
264 265
396 397
576 577
972 973
895 896
148 149
32 33
321 322
91 92
292 293
692 693
153 154
816 817
180 181
254 255
803 804
843 844
844 845
535 536
945 946
863 864
108 109
909 910
478 479
176 177
917 918
345 346
868 869
725 726
446 447
908 909
675 676
72 73
394 395
125 126
87 88
964 965
231 232
644 645
626 627
209 210
74 75
713 714
903 904
203 204
589 590
724 725
99 100
132 133
183 184
609 610
512 513
102 103
250 251
659 660
216 217
451 452
342 343
608 609
172 173
584 585
338 339
476 477
912 913
526 527
572 573
76 77
304 305
637 638
442 443
376 377
88 89
373 374
961 962
158 159
213 214
752 753
701 702
782 783
357 358
474 475
53 54
612 613
237 238
410 411
440 441
672 673
547 548
821 822
669 670
82 83
882 883
484 485
730 731
27 28
780 781
938 939
140 141
151 152
348 349
243 244
466 467
50 51
75 76
837 838
845 846
329 330
104 105
426 427
455 456
514 515
573 574
35 36
832 833
933 934
579 580
802 803
790 791
778 779
775 776
454 455
651 652
975 976
571 572
420 421
949 950
524 525
798 799
988 989
397 398
880 881
271 272
979 980
671 672
215 216
105 106
147 148
849 850
246 247
486 487
281 282
550 551
604 605
746 747
63 64
656 657
602 603
741 742
407 408
252 253
89 90
92 93
156 157
787 788
529 530
649 650
390 391
944 945
300 301
657 658
31 32
114 115
641 642
740 741
762 763
457 458
193 194
727 728
386 387
817 818
473 474
34 35
888 889
847 848
293 294
540 541
10 11
22 23
785 786
601 602
441 442
330 331
716 717
702 703
899 900
449 450
469 470
428 429
315 316
274 275
