0
1000
175 176
936 937
275 276
708 709
147 148
868 869
489 490
100 101
886 887
5 6
220 221
453 454
332 333
564 565
645 646
268 269
399 400
890 891
907 908
440 441
49 50
956 957
357 358
827 828
144 145
986 987
261 262
588 589
306 307
29 30
609 610
244 245
542 543
322 323
686 687
953 954
327 328
204 205
12 13
675 676
314 315
551 552
421 422
466 467
271 272
26 27
628 629
793 794
191 192
976 977
595 596
432 433
238 239
130 131
755 756
799 800
316 317
900 901
715 716
529 530
835 836
817 818
768 769
285 286
441 442
119 120
863 864
307 308
296 297
543 544
943 944
329 330
392 393
644 645
574 575
618 619
741 742
640 641
41 42
229 230
570 571
424 425
199 200
213 214
840 841
786 787
76 77
221 222
498 499
661 662
393 394
156 157
492 493
523 524
787 788
850 851
674 675
145 146
367 368
365 366
174 175
494 495
150 151
400 401
837 838
235 236
136 137
122 123
23 24
804 805
97 98
66 67
190 191
778 779
446 447
677 678
816 817
731 732
669 670
533 534
761 762
500 501
540 541
47 48
484 485
294 295
502 503
597 598
959 960
733 734
335 336
123 124
120 121
842 843
133 134
809 810
807 808
469 470
462 463
395 396
50 51
517 518
783 784
270 271
85 86
264 265
160 161
663 664
408 409
982 983
146 147
904 905
972 973
283 284
416 417
52 53
461 462
62 63
194 195
931 932
208 209
246 247
24 25
352 353
762 763
832 833
742 743
673 674
321 322
586 587
866 867
473 474
622 623
978 979
902 903
596 597
456 457
4 5
638 639
535 536
864 865
901 902
224 225
607 608
485 486
670 671
511 512
279 280
747 748
829 830
782 783
514 515
380 381
721 722
946 947
690 691
374 375
748 749
632 633
105 106
925 926
812 813
371 372
443 444
624 625
558 559
745 746
560 561
949 950
860 861
383 384
33 34
521 522
772 773
819 820
277 278
369 370
74 75
605 606
256 257
743 744
209 210
546 547
95 96
635 636
77 78
738 739
11 12
18 19
184 185
554 555
64 65
439 440
312 313
825 826
344 345
818 819
735 736
550 551
102 103
788 789
231 232
390 391
791 792
559 560
340 341
967 968
409 410
565 566
770 771
143 144
404 405
465 466
35 36
549 550
954 955
63 64
171 172
520 521
869 870
940 941
598 599
797 798
697 698
179 180
98 99
36 37
599 600
56 57
950 951
445 446
293 294
987 988
496 497
350 351
769 770
197 198
54 55
573 574
370 371
913 914
216 217
888 889
875 876
610 611
617 618
227 228
110 111
631 632
295 296
915 916
301 302
210 211
476 477
851 852
212 213
848 849
151 152
217 218
475 476
732 733
272 273
604 605
79 80
707 708
556 557
402 403
42 43
243 244
288 289
323 324
994 995
855 856
458 459
359 360
507 508
111 112
899 900
241 242
578 579
754 755
811 812
750 751
60 61
101 102
759 760
914 915
808 809
977 978
518 519
222 223
684 685
929 930
562 563
482 483
274 275
922 923
856 857
934 935
582 583
858 859
297 298
366 367
704 705
96 97
68 69
839 840
724 725
528 529
155 156
61 62
918 919
355 356
356 357
172 173
497 498
153 154
315 316
129 130
698 699
429 430
488 489
203 204
876 877
861 862
643 644
729 730
706 707
893 894
219 220
699 700
667 668
991 992
642 643
273 274
44 45
539 540
603 604
968 969
815 816
192 193
665 666
960 961
188 189
87 88
278 279
91 92
526 527
575 576
378 379
919 920
693 694
420 421
477 478
0 1
882 883
790 791
997 998
906 907
376 377
910 911
22 23
435 436
629 630
230 231
83 84
947 948
128 129
401 402
710 711
239 240
75 76
519 520
360 361
223 224
237 238
923 924
2 3
989 990
99 100
234 235
387 388
13 14
606 607
78 79
536 537
921 922
884 885
552 553
734 735
382 383
337 338
65 66
422 423
620 621
467 468
806 807
341 342
580 581
361 362
537 538
813 814
538 539
148 149
324 325
183 184
107 108
20 21
173 174
828 829
678 679
389 390
970 971
349 350
845 846
103 104
883 884
853 854
894 895
411 412
859 860
289 290
774 775
666 667
717 718
525 526
725 726
326 327
763 764
630 631
784 785
777 778
109 110
249 250
426 427
625 626
700 701
178 179
427 428
372 373
276 277
579 580
613 614
847 848
590 591
703 704
656 657
16 17
455 456
611 612
225 226
895 896
992 993
593 594
647 648
694 695
939 940
253 254
530 531
207 208
973 974
873 874
585 586
403 404
974 975
334 335
952 953
449 450
965 966
291 292
141 142
510 511
509 510
362 363
486 487
373 374
889 890
186 187
714 715
657 658
201 202
302 303
679 680
571 572
608 609
814 815
781 782
544 545
581 582
969 970
347 348
589 590
524 525
737 738
211 212
189 190
553 554
601 602
320 321
363 364
407 408
780 781
463 464
236 237
695 696
935 936
870 871
664 665
457 458
34 35
328 329
591 592
214 215
138 139
157 158
59 60
470 471
375 376
716 717
135 136
377 378
149 150
345 346
668 669
142 143
871 872
981 982
522 523
878 879
637 638
124 125
266 267
140 141
410 411
460 461
3 4
757 758
198 199
506 507
215 216
152 153
10 11
27 28
641 642
468 469
862 863
849 850
681 682
311 312
396 397
430 431
547 548
696 697
576 577
872 873
233 234
933 934
985 986
561 562
975 976
709 710
358 359
200 201
577 578
348 349
917 918
600 601
685 686
897 898
803 804
636 637
660 661
298 299
428 429
857 858
1 2
831 832
912 913
251 252
662 663
15 16
920 921
93 94
672 673
263 264
478 479
801 802
823 824
712 713
385 386
267 268
333 334
614 615
21 22
177 178
826 827
623 624
773 774
879 880
258 259
58 59
937 938
499 999
988 989
182 183
438 439
94 95
232 233
687 688
824 825
830 831
168 169
722 723
112 113
305 306
805 806
720 721
206 207
615 616
795 796
908 909
764 765
995 996
299 300
240 241
838 839
84 85
633 634
252 253
746 747
46 47
165 166
28 29
419 420
67 68
90 91
563 564
30 31
557 558
205 206
911 912
513 514
412 413
159 160
479 480
572 573
909 910
196 197
161 162
117 118
583 584
971 972
963 964
304 305
592 593
310 311
800 801
749 750
671 672
654 655
425 426
354 355
257 258
481 482
726 727
501 502
391 392
594 595
531 532
867 868
961 962
162 163
228 229
450 451
701 702
25 26
137 138
70 71
313 314
319 320
309 310
55 56
250 251
290 291
394 395
541 542
844 845
260 261
82 83
483 484
877 878
945 946
713 714
170 171
639 640
480 481
751 752
874 875
53 54
834 835
568 569
983 984
433 434
423 424
652 653
820 821
431 432
626 627
785 786
955 956
471 472
903 904
503 504
980 981
69 70
418 419
758 759
287 288
436 437
89 90
822 823
116 117
72 73
928 929
397 398
798 799
659 660
650 651
121 122
627 628
447 448
88 89
723 724
905 906
727 728
452 453
730 731
516 517
836 837
619 620
104 105
292 293
127 128
434 435
718 719
508 509
163 164
451 452
941 942
944 945
343 344
990 991
464 465
32 33
996 997
711 712
527 528
760 761
792 793
38 39
413 414
938 939
683 684
676 677
406 407
779 780
342 343
487 488
548 549
993 994
740 741
51 52
86 87
885 886
114 115
176 177
833 834
682 683
776 777
505 506
185 186
566 567
45 46
702 703
6 7
379 380
80 81
381 382
417 418
689 690
493 494
218 219
865 866
775 776
106 107
692 693
115 116
495 496
474 475
284 285
126 127
193 194
957 958
852 853
125 126
739 740
247 248
48 49
930 931
942 943
964 965
43 44
658 659
767 768
346 347
634 635
881 882
846 847
515 516
951 952
245 246
158 159
131 132
242 243
584 585
248 249
512 513
821 822
728 729
414 415
680 681
37 38
490 491
415 416
405 406
898 899
491 492
134 135
300 301
649 650
39 40
9 10
653 654
318 319
646 647
555 556
448 449
794 795
854 855
81 82
691 692
887 888
926 927
602 603
154 155
388 389
948 949
364 365
180 181
71 72
655 656
132 133
317 318
187 188
454 455
353 354
73 74
616 617
927 928
896 897
195 196
166 167
924 925
688 689
118 119
339 340
303 304
442 443
719 720
444 445
753 754
534 535
167 168
202 203
843 844
282 283
331 332
7 8
269 270
621 622
139 140
308 309
612 613
752 753
765 766
40 41
841 842
368 369
979 980
459 460
569 570
281 282
796 797
57 58
181 182
810 811
384 385
286 287
705 706
892 893
472 473
255 256
736 737
962 963
766 767
164 165
169 170
880 881
966 967
336 337
325 326
756 757
259 260
916 917
891 892
437 438
398 399
567 568
532 533
504 505
998 999
587 588
17 18
226 227
545 546
648 649
984 985
265 266
262 263
651 652
386 387
92 93
338 339
19 20
8 9
789 790
351 352
14 15
744 745
31 32
280 281
771 772
932 933
254 255
330 331
958 959
108 109
113 114
802 803
