0
1000
291 292
303 304
731 732
120 121
696 697
389 390
665 666
553 554
314 315
855 856
623 624
373 374
149 150
791 792
344 345
549 550
675 676
796 797
326 327
989 990
465 466
289 290
761 762
701 702
305 306
875 876
483 484
987 988
458 459
39 40
430 431
375 376
856 857
460 461
906 907
435 436
41 42
533 534
14 15
429 430
376 377
854 855
642 643
10 11
827 828
596 597
649 650
414 415
614 615
720 721
690 691
622 623
320 321
188 189
372 373
347 348
471 472
426 427
993 994
930 931
164 165
489 490
752 753
199 200
988 989
485 486
598 599
203 204
975 976
741 742
849 850
525 526
940 941
627 628
22 23
262 263
539 540
327 328
857 858
913 914
570 571
433 434
973 974
141 142
278 279
91 92
653 654
124 125
253 254
951 952
518 519
194 195
904 905
379 380
382 383
425 426
580 581
191 192
765 766
360 361
808 809
509 510
864 865
400 401
424 425
439 440
980 981
825 826
115 116
692 693
118 119
296 297
836 837
60 61
616 617
819 820
93 94
794 795
411 412
8 9
651 652
374 375
144 145
528 529
678 679
944 945
996 997
928 929
101 102
214 215
230 231
286 287
885 886
507 508
561 562
421 422
516 517
355 356
42 43
521 522
338 339
174 175
387 388
130 131
300 301
708 709
280 281
790 791
351 352
962 963
807 808
850 851
948 949
905 906
290 291
432 433
284 285
654 655
345 346
397 398
538 539
309 310
263 264
405 406
577 578
894 895
299 300
151 152
137 138
579 580
72 73
510 511
664 665
698 699
746 747
552 553
563 564
208 209
658 659
315 316
143 144
125 126
117 118
466 467
109 110
893 894
252 253
959 960
383 384
35 36
148 149
73 74
557 558
727 728
445 446
892 893
307 308
287 288
991 992
394 395
161 162
31 32
331 332
461 462
737 738
757 758
40 41
371 372
218 219
647 648
441 442
36 37
494 495
455 456
776 777
717 718
866 867
582 583
59 60
663 664
217 218
992 993
851 852
644 645
106 107
470 471
666 667
173 174
88 89
157 158
476 477
356 357
488 489
444 445
123 124
62 63
618 619
919 920
334 335
100 101
729 730
898 899
384 385
7 8
766 767
970 971
740 741
726 727
591 592
205 206
302 303
224 225
823 824
646 647
332 333
317 318
514 515
511 512
677 678
786 787
239 240
903 904
154 155
119 120
167 168
184 185
667 668
779 780
38 39
812 813
544 545
957 958
108 109
261 262
597 598
686 687
490 491
861 862
764 765
843 844
413 414
269 270
343 344
615 616
600 601
301 302
377 378
428 429
639 640
978 979
732 733
946 947
407 408
257 258
981 982
612 613
588 589
311 312
112 113
902 903
221 222
150 151
842 843
264 265
418 419
442 443
571 572
952 953
767 768
873 874
560 561
602 603
200 201
820 821
454 455
196 197
352 353
245 246
464 465
578 579
450 451
453 454
281 282
723 724
0 1
5 6
606 607
685 686
631 632
845 846
515 516
824 825
129 130
330 331
274 275
255 256
393 394
463 464
734 735
111 112
526 527
683 684
750 751
635 636
324 325
963 964
687 688
947 948
410 411
228 229
620 621
66 67
881 882
126 127
652 653
17 18
722 723
872 873
759 760
416 417
924 925
704 705
950 951
29 30
566 567
113 114
206 207
500 501
711 712
24 25
688 689
738 739
131 132
369 370
954 955
446 447
716 717
349 350
914 915
997 998
558 559
584 585
498 499
671 672
197 198
142 143
712 713
932 933
648 649
918 919
576 577
871 872
504 505
858 859
502 503
883 884
625 626
75 76
147 148
628 629
817 818
601 602
135 136
961 962
225 226
350 351
15 16
803 804
773 774
998 999
182 183
925 926
277 278
469 470
56 57
337 338
931 932
556 557
770 771
385 386
97 98
391 392
231 232
238 239
547 548
495 496
139 140
636 637
417 418
838 839
427 428
23 24
204 205
775 776
949 950
175 176
6 7
830 831
848 849
706 707
448 449
964 965
37 38
985 986
171 172
226 227
207 208
246 247
781 782
127 128
423 424
762 763
102 103
312 313
74 75
568 569
912 913
9 10
179 180
859 860
839 840
95 96
753 754
437 438
936 937
569 570
155 156
395 396
530 531
599 600
609 610
282 283
751 752
232 233
695 696
682 683
325 326
608 609
813 814
798 799
34 35
702 703
420 421
784 785
84 85
328 329
472 473
267 268
133 134
574 575
846 847
882 883
874 875
542 543
159 160
367 368
210 211
880 881
681 682
295 296
457 458
783 784
974 975
907 908
585 586
467 468
613 614
901 902
832 833
192 193
643 644
166 167
995 996
860 861
409 410
805 806
833 834
847 848
748 749
419 420
313 314
793 794
28 29
162 163
888 889
78 79
392 393
876 877
520 521
53 54
250 251
316 317
54 55
656 657
589 590
468 469
942 943
4 5
57 58
3 4
573 574
456 457
522 523
799 800
13 14
308 309
61 62
116 117
668 669
475 476
774 775
177 178
626 627
630 631
977 978
550 551
272 273
896 897
275 276
436 437
183 184
69 70
370 371
810 811
390 391
915 916
593 594
879 880
966 967
785 786
559 560
811 812
747 748
366 367
128 129
806 807
517 518
715 716
979 980
943 944
293 294
679 680
744 745
641 642
186 187
826 827
581 582
47 48
802 803
587 588
707 708
110 111
227 228
103 104
83 84
869 870
339 340
728 729
254 255
220 221
840 841
185 186
527 528
512 513
640 641
710 711
749 750
972 973
240 241
443 444
153 154
452 453
603 604
895 896
386 387
956 957
362 363
48 49
193 194
909 910
624 625
44 45
45 46
661 662
104 105
877 878
501 502
336 337
32 33
94 95
659 660
412 413
11 12
341 342
440 441
0 500
422 423
697 698
229 230
363 364
321 322
364 365
176 177
136 137
270 271
674 675
297 298
772 773
908 909
256 257
900 901
953 954
611 612
829 830
699 700
797 798
958 959
721 722
434 435
265 266
524 525
335 336
481 482
724 725
33 34
318 319
342 343
822 823
920 921
586 587
89 90
415 416
555 556
30 31
610 611
680 681
219 220
730 731
965 966
170 171
480 481
248 249
368 369
487 488
594 595
51 52
16 17
181 182
283 284
27 28
247 248
899 900
844 845
760 761
212 213
994 995
329 330
916 917
921 922
863 864
451 452
195 196
152 153
503 504
982 983
114 115
705 706
789 790
546 547
20 21
233 234
523 524
388 389
288 289
138 139
508 509
202 203
700 701
505 506
462 463
554 555
887 888
788 789
736 737
816 817
828 829
473 474
743 744
853 854
604 605
535 536
348 349
96 97
889 890
298 299
531 532
780 781
718 719
754 755
292 293
1 2
86 87
380 381
477 478
927 928
160 161
259 260
809 810
886 887
493 494
46 47
497 498
399 400
862 863
884 885
223 224
408 409
725 726
213 214
244 245
447 448
910 911
814 815
968 969
955 956
361 362
657 658
756 757
934 935
590 591
378 379
771 772
187 188
532 533
645 646
271 272
818 819
619 620
713 714
742 743
340 341
868 869
80 81
90 91
662 663
180 181
986 987
132 133
897 898
941 942
865 866
145 146
25 26
304 305
323 324
353 354
165 166
638 639
357 358
545 546
629 630
841 842
929 930
401 402
98 99
923 924
87 88
800 801
67 68
684 685
714 715
926 927
222 223
273 274
260 261
146 147
358 359
333 334
365 366
583 584
396 397
189 190
403 404
474 475
26 27
459 460
310 311
976 977
739 740
234 235
285 286
689 690
960 961
492 493
50 51
158 159
939 940
735 736
890 891
565 566
792 793
745 746
551 552
634 635
209 210
693 694
82 83
984 985
933 934
673 674
216 217
870 871
491 492
777 778
172 173
215 216
107 108
537 538
782 783
65 66
709 710
650 651
346 347
68 69
156 157
548 549
279 280
660 661
821 822
703 704
562 563
122 123
758 759
243 244
178 179
354 355
242 243
251 252
77 78
605 606
169 170
621 622
536 537
76 77
567 568
406 407
482 483
938 939
852 853
543 544
105 106
575 576
359 360
236 237
669 670
276 277
990 991
99 100
967 968
778 779
815 816
564 565
58 59
306 307
190 191
733 734
541 542
484 485
438 439
55 56
637 638
534 535
140 141
322 323
694 695
506 507
795 796
837 838
971 972
787 788
479 480
937 938
237 238
2 3
922 923
201 202
294 295
595 596
70 71
513 514
632 633
945 946
198 199
496 497
134 135
691 692
52 53
867 868
655 656
769 770
211 212
755 756
617 618
633 634
64 65
607 608
592 593
540 541
529 530
670 671
519 520
404 405
835 836
763 764
676 677
431 432
241 242
478 479
81 82
719 720
449 450
92 93
43 44
672 673
121 122
935 936
911 912
917 918
891 892
12 13
168 169
831 832
21 22
486 487
19 20
983 984
804 805
258 259
398 399
18 19
878 879
235 236
768 769
85 86
163 164
268 269
969 970
79 80
319 320
49 50
249 250
402 403
71 72
801 802
834 835
266 267
381 382
63 64
572 573
