0
1000
786 787
81 82
805 806
242 243
344 345
579 580
287 288
319 320
829 830
558 559
57 58
674 675
769 770
76 77
395 396
781 782
892 893
235 236
565 566
340 341
61 62
60 61
705 706
63 64
816 817
222 223
1 2
12 13
680 681
841 842
854 855
69 70
436 437
973 974
945 946
418 419
166 167
149 150
861 862
514 515
291 292
432 433
230 231
876 877
806 807
685 686
853 854
5 6
996 997
978 979
808 809
435 436
137 138
936 937
161 162
843 844
989 990
958 959
458 459
868 869
376 377
251 252
100 101
23 24
289 290
245 246
568 569
407 408
932 933
116 117
898 899
995 996
521 522
656 657
505 506
461 462
72 73
933 934
424 425
212 213
687 688
955 956
108 109
62 63
337 338
421 422
254 255
755 756
528 529
652 653
627 628
256 257
292 293
976 977
561 562
888 889
770 771
914 915
370 371
740 741
678 679
947 948
587 588
323 324
567 568
145 146
721 722
730 731
490 491
415 416
82 83
879 880
111 112
102 103
488 489
44 45
352 353
751 752
249 250
154 155
146 147
412 413
96 97
503 504
438 439
132 133
413 414
125 126
74 75
679 680
783 784
595 596
19 20
263 264
696 697
616 617
21 22
92 93
862 863
583 584
798 799
201 202
454 455
271 272
174 175
286 287
551 552
430 431
214 215
541 542
75 76
857 858
386 387
164 165
262 263
375 376
264 265
961 962
985 986
676 677
726 727
501 502
216 217
134 135
277 278
544 545
637 638
51 52
807 808
512 513
631 632
548 549
686 687
300 301
851 852
437 438
312 313
612 613
7 8
566 567
98 99
602 603
908 909
389 390
200 201
518 519
156 157
191 192
419 420
213 214
582 583
41 42
875 876
728 729
318 319
308 309
258 259
280 281
825 826
433 434
894 895
553 554
811 812
241 242
468 469
243 244
915 916
921 922
536 537
423 424
699 700
489 490
93 94
634 635
101 102
628 629
580 581
446 447
193 194
221 222
672 673
73 74
117 118
187 188
644 645
52 53
956 957
402 403
122 123
622 623
701 702
789 790
26 27
632 633
657 658
426 427
972 973
442 443
962 963
218 219
874 875
229 230
883 884
959 960
882 883
739 740
905 906
846 847
604 605
774 775
208 209
382 383
928 929
790 791
661 662
910 911
274 275
95 96
353 354
422 423
348 349
782 783
42 43
71 72
49 50
937 938
474 475
270 271
663 664
380 381
167 168
359 360
68 69
543 544
766 767
130 131
316 317
946 947
165 166
858 859
969 970
65 66
162 163
610 611
747 748
2 3
887 888
742 743
282 283
223 224
434 435
261 262
658 659
897 898
334 335
718 719
25 26
588 589
872 873
362 363
906 907
509 510
427 428
388 389
983 984
440 441
237 238
651 652
850 851
315 316
384 385
417 418
836 837
374 375
227 228
43 44
314 315
160 161
510 511
762 763
369 370
709 710
89 90
206 207
698 699
724 725
497 498
733 734
196 197
356 357
878 879
732 733
708 709
0 1
689 690
207 208
404 405
343 344
470 471
694 695
372 373
797 798
916 917
355 356
767 768
85 86
692 693
572 573
649 650
979 980
176 177
617 618
183 184
142 143
706 707
182 183
891 892
416 417
714 715
547 548
4 5
741 742
88 89
814 815
785 786
269 270
911 912
703 704
722 723
695 696
248 249
638 639
746 747
796 797
232 233
975 976
870 871
310 311
326 327
532 533
0 999
54 55
865 866
255 256
238 239
513 514
529 530
473 474
147 148
938 939
197 198
538 539
250 251
472 473
827 828
233 234
693 694
493 494
760 761
522 523
511 512
332 333
537 538
697 698
835 836
483 484
954 955
463 464
931 932
702 703
757 758
139 140
67 68
734 735
172 173
298 299
127 128
935 936
157 158
840 841
179 180
913 914
188 189
460 461
715 716
325 326
303 304
189 190
393 394
831 832
34 35
109 110
852 853
335 336
16 17
848 849
91 92
752 753
530 531
346 347
217 218
981 982
420 421
592 593
477 478
787 788
445 446
673 674
508 509
550 551
712 713
408 409
927 928
178 179
295 296
8 9
828 829
625 626
893 894
305 306
812 813
324 325
717 718
150 151
113 114
707 708
838 839
748 749
9 10
80 81
832 833
198 199
590 591
225 226
366 367
871 872
354 355
18 19
331 332
414 415
877 878
409 410
391 392
967 968
177 178
941 942
516 517
379 380
535 536
293 294
330 331
339 340
299 300
585 586
531 532
284 285
199 200
151 152
540 541
645 646
844 845
158 159
890 891
29 30
601 602
562 563
322 323
600 601
226 227
772 773
186 187
283 284
837 838
465 466
439 440
780 781
14 15
159 160
10 11
78 79
180 181
444 445
456 457
994 995
121 122
276 277
957 958
524 525
653 654
621 622
181 182
758 759
475 476
909 910
903 904
986 987
304 305
94 95
336 337
889 890
341 342
683 684
453 454
79 80
720 721
881 882
367 368
192 193
922 923
268 269
745 746
309 310
660 661
236 237
279 280
619 620
860 861
598 599
448 449
11 12
38 39
586 587
952 953
533 534
240 241
992 993
682 683
723 724
53 54
756 757
431 432
205 206
163 164
863 864
727 728
338 339
387 388
24 25
554 555
700 701
494 495
859 860
925 926
912 913
804 805
224 225
506 507
272 273
647 648
577 578
22 23
618 619
90 91
441 442
624 625
539 540
970 971
128 129
809 810
934 935
643 644
443 444
880 881
449 450
642 643
575 576
971 972
106 107
478 479
549 550
260 261
466 467
793 794
784 785
184 185
58 59
738 739
607 608
815 816
135 136
633 634
939 940
823 824
429 430
736 737
773 774
390 391
763 764
450 451
368 369
641 642
428 429
576 577
97 98
556 557
743 744
297 298
555 556
84 85
819 820
401 402
103 104
629 630
124 125
671 672
118 119
578 579
725 726
771 772
998 999
482 483
317 318
296 297
646 647
486 487
467 468
515 516
394 395
665 666
977 978
267 268
459 460
327 328
194 195
821 822
99 100
398 399
639 640
737 738
670 671
824 825
13 14
126 127
987 988
148 149
185 186
856 857
373 374
33 34
481 482
400 401
570 571
265 266
990 991
123 124
30 31
761 762
749 750
144 145
20 21
175 176
820 821
520 521
982 983
281 282
77 78
919 920
480 481
968 969
654 655
668 669
681 682
321 322
209 210
924 925
776 777
944 945
64 65
405 406
228 229
902 903
613 614
765 766
105 106
397 398
795 796
949 950
833 834
599 600
399 400
885 886
611 612
650 651
623 624
778 779
608 609
974 975
455 456
753 754
411 412
764 765
47 48
320 321
951 952
801 802
392 393
138 139
152 153
278 279
306 307
239 240
675 676
104 105
953 954
259 260
864 865
779 780
285 286
744 745
275 276
50 51
17 18
169 170
83 84
984 985
609 610
136 137
923 924
114 115
593 594
803 804
357 358
684 685
273 274
425 426
775 776
234 235
220 221
655 656
471 472
564 565
716 717
993 994
667 668
498 499
552 553
834 835
907 908
802 803
45 46
929 930
55 56
247 248
27 28
614 615
636 637
328 329
171 172
46 47
713 714
691 692
704 705
202 203
563 564
980 981
48 49
557 558
507 508
170 171
791 792
534 535
527 528
363 364
464 465
253 254
39 40
365 366
496 497
32 33
452 453
690 691
560 561
107 108
219 220
777 778
485 486
143 144
86 87
523 524
596 597
813 814
847 848
504 505
735 736
866 867
210 211
940 941
904 905
403 404
40 41
606 607
342 343
901 902
66 67
333 334
659 660
361 362
569 570
347 348
635 636
37 38
788 789
869 870
589 590
70 71
500 501
845 846
519 520
360 361
59 60
640 641
964 965
351 352
31 32
942 943
603 604
559 560
495 496
492 493
313 314
195 196
895 896
288 289
257 258
886 887
605 606
867 868
997 998
190 191
822 823
525 526
168 169
479 480
155 156
203 204
15 16
211 212
502 503
666 667
710 711
792 793
584 585
484 485
731 732
396 397
948 949
371 372
349 350
3 4
244 245
378 379
302 303
573 574
311 312
87 88
36 37
711 712
849 850
517 518
669 670
630 631
581 582
246 247
215 216
817 818
991 992
963 964
129 130
826 827
900 901
768 769
810 811
451 452
754 755
800 801
950 951
406 407
818 819
120 121
56 57
491 492
140 141
115 116
35 36
462 463
231 232
266 267
307 308
252 253
358 359
487 488
345 346
476 477
526 527
943 944
615 616
545 546
141 142
794 795
677 678
364 365
896 897
546 547
290 291
750 751
591 592
119 120
855 856
447 448
574 575
729 730
918 919
899 900
469 470
965 966
960 961
799 800
385 386
542 543
648 649
294 295
626 627
884 885
930 931
381 382
759 760
597 598
917 918
383 384
112 113
988 989
110 111
830 831
662 663
350 351
719 720
410 411
842 843
301 302
688 689
839 840
133 134
594 595
620 621
571 572
873 874
966 967
377 378
920 921
329 330
457 458
173 174
28 29
131 132
664 665
204 205
926 927
153 154
6 7
