0
1000
375 423
782 933
415 753
397 664
319 490
153 398
349 652
602 913
358 758
299 677
181 232
394 594
11 718
67 397
580 915
513 802
781 976
298 836
124 831
615 943
820 970
691 840
481 543
766 786
77 742
3 472
195 448
109 968
810 872
92 486
188 839
48 111
343 442
72 101
799 985
1 155
280 382
331 758
320 721
13 392
383 885
378 613
674 795
201 206
405 554
102 895
871 971
635 734
830 939
16 623
214 887
313 421
484 843
141 630
504 759
226 520
266 644
475 881
260 458
785 980
814 882
560 704
268 641
562 738
167 769
449 952
624 846
841 894
11 969
794 857
217 718
79 449
240 539
160 803
87 628
748 930
310 830
482 692
0 204
238 739
844 848
25 524
23 146
52 691
383 534
509 521
100 301
440 525
61 590
48 86
61 860
186 923
36 783
366 445
239 521
947 992
571 910
98 842
528 761
228 805
47 176
183 687
212 632
735 922
136 697
354 883
647 994
922 995
246 997
70 572
212 498
170 621
147 410
618 885
460 796
469 527
367 850
276 321
304 341
5 378
54 743
224 264
85 860
195 356
17 249
346 625
285 434
9 406
436 557
516 677
500 982
429 939
280 889
253 334
114 118
236 463
191 563
78 471
245 712
532 720
318 519
62 547
410 891
193 293
51 91
203 855
400 412
187 744
332 587
317 568
548 669
297 611
113 466
341 454
373 968
286 784
106 442
27 313
189 379
58 479
49 681
584 854
223 388
147 620
651 757
792 889
150 344
192 966
232 900
67 971
115 970
213 323
650 865
14 294
144 980
271 927
620 974
651 678
640 763
303 454
645 958
39 983
161 953
507 526
36 782
225 849
157 510
98 371
64 685
0 530
331 858
168 810
75 581
181 455
316 673
878 879
77 504
291 368
218 492
235 344
201 472
447 672
281 953
625 973
405 565
780 963
58 798
13 612
190 808
479 542
665 858
6 703
706 974
338 710
5 876
12 793
569 689
57 496
376 777
355 411
162 800
391 603
277 986
438 732
394 692
248 381
81 243
609 815
855 989
726 904
827 946
265 755
627 807
617 752
114 602
247 646
861 900
294 854
768 848
122 400
318 928
622 791
817 878
491 993
569 587
589 690
499 937
376 925
302 506
419 824
668 723
487 956
302 424
150 271
196 699
306 906
675 994
96 720
781 961
139 749
225 259
215 497
369 420
456 605
337 826
713 803
24 648
238 955
357 541
93 963
59 631
907 951
507 599
663 693
40 307
326 770
556 740
438 935
207 211
180 767
69 123
53 788
244 604
262 787
595 790
73 451
591 957
169 607
538 716
495 871
133 167
356 762
71 783
511 517
65 687
22 185
634 750
263 844
193 615
408 859
350 696
242 279
63 430
1 572
467 629
577 816
8 926
257 283
614 710
779 820
512 676
379 586
97 175
184 978
292 760
38 736
505 981
311 792
622 914
408 717
713 905
266 422
16 249
105 443
95 128
135 818
836 901
21 964
20 829
530 872
8 282
47 679
355 734
354 510
45 213
424 896
43 773
456 897
2 590
244 531
459 653
73 372
20 363
523 906
85 656
348 413
619 775
190 432
218 639
274 660
144 682
117 884
898 935
111 334
697 902
88 582
874 924
83 813
794 985
777 931
246 960
342 952
199 351
283 402
372 940
177 930
50 746
285 642
540 834
242 638
291 444
643 727
415 688
774 868
173 411
223 933
470 562
6 250
84 267
679 975
546 690
312 548
539 874
88 531
523 667
76 555
207 789
76 172
120 993
598 755
342 733
373 627
289 759
163 646
547 884
418 500
255 764
7 40
261 352
486 960
255 981
148 669
115 684
529 796
725 908
134 596
135 670
418 977
404 955
222 728
831 902
33 926
461 557
570 937
451 682
78 948
462 686
488 756
744 880
315 929
592 954
353 833
607 875
26 529
24 826
35 478
270 292
453 709
112 492
15 478
298 819
893 910
7 865
390 664
34 148
461 751
21 217
489 868
316 835
310 666
145 361
315 558
83 90
100 256
262 912
231 864
15 428
317 880
407 817
138 843
137 466
129 431
623 947
268 917
626 708
332 593
28 811
247 433
649 932
18 133
559 596
362 770
92 892
70 882
821 984
96 693
59 258
306 329
224 263
130 495
386 853
27 384
578 990
320 616
384 588
52 942
253 962
267 386
104 128
630 667
103 533
363 474
209 407
37 867
252 436
350 638
535 592
370 888
274 658
149 470
498 852
174 422
359 811
208 537
95 662
12 381
608 611
601 736
628 911
22 593
278 634
172 446
579 838
558 774
45 406
37 863
149 883
10 545
434 747
182 851
151 183
427 468
448 745
635 799
121 345
818 992
919 979
535 753
273 737
772 806
527 967
99 105
657 890
66 474
23 252
123 499
370 597
583 866
241 675
180 640
512 715
571 852
359 797
365 494
240 838
300 567
846 972
624 790
347 984
145 377
272 282
707 711
221 819
403 800
131 154
151 270
714 801
38 295
41 417
324 518
158 385
361 639
724 948
540 585
617 989
814 875
60 647
74 269
124 987
654 876
325 637
345 616
729 886
32 227
68 211
621 650
700 748
94 670
230 998
444 972
220 300
237 473
99 336
475 598
322 608
490 516
439 566
215 374
72 231
366 987
175 683
156 732
156 853
304 816
261 619
566 719
275 301
471 752
404 932
733 760
433 452
46 127
165 936
222 887
385 655
290 730
423 588
132 924
102 913
414 743
65 537
339 772
719 739
457 467
49 326
79 791
166 576
60 725
153 501
29 416
321 999
536 919
188 233
699 757
352 809
525 742
643 798
554 927
873 961
234 945
46 309
779 915
574 839
239 941
56 957
305 395
701 705
513 728
327 518
335 517
358 931
39 763
53 491
654 668
702 813
116 795
30 174
26 582
395 700
396 564
258 281
606 678
43 515
574 904
549 828
159 393
69 965
393 920
493 891
127 659
375 399
146 243
178 338
488 544
684 899
30 776
163 997
152 427
296 322
702 765
610 914
722 787
575 832
353 999
578 804
856 941
441 477
142 325
228 293
197 595
112 771
216 295
432 543
329 946
766 892
260 413
187 465
110 380
501 649
307 769
136 988
103 614
335 978
227 229
152 655
159 269
545 903
786 890
402 412
31 464
256 923
168 452
542 716
609 909
9 845
347 672
202 205
189 284
284 446
118 555
703 998
94 806
477 821
173 694
116 765
426 556
642 969
169 251
221 660
328 339
272 991
126 680
369 439
157 812
259 401
440 485
357 392
125 323
585 761
604 916
476 828
340 996
568 840
74 754
430 784
676 920
138 958
428 464
626 977
519 780
330 544
429 841
387 483
35 508
64 489
552 612
278 724
254 951
139 216
600 888
119 520
91 328
4 41
879 975
311 921
108 324
553 698
465 709
538 950
618 764
396 561
154 673
534 551
108 305
28 815
4 563
107 837
514 949
209 750
219 371
276 536
29 508
312 870
210 482
463 601
738 917
771 893
19 480
140 940
712 805
32 861
827 916
248 901
179 991
192 599
198 949
126 573
731 825
343 938
287 401
364 851
351 594
171 287
155 561
570 726
864 945
308 835
337 775
141 823
288 741
194 197
704 842
33 457
62 164
443 778
200 575
89 685
503 809
245 644
106 934
97 688
198 362
104 747
75 84
319 589
696 866
584 613
191 793
110 694
435 597
279 586
161 707
204 701
485 658
237 938
695 973
503 683
286 437
453 896
447 962
164 899
202 959
445 773
44 308
580 837
17 576
226 409
550 567
600 610
807 921
480 553
450 579
55 257
552 711
745 943
333 416
565 637
71 845
273 802
605 918
509 869
25 414
93 388
481 550
729 944
336 863
367 909
629 735
82 132
90 199
377 847
455 908
756 877
185 374
171 996
533 823
18 142
399 982
34 50
82 382
468 723
81 220
778 928
641 789
177 502
254 737
235 532
583 849
265 873
437 483
86 936
741 895
546 833
31 419
297 665
229 808
473 661
107 648
289 487
881 965
184 666
44 303
314 656
497 541
160 671
122 990
459 522
89 869
3 330
170 236
633 730
804 898
57 80
441 862
140 674
636 751
66 484
389 460
591 632
340 528
349 425
749 762
797 867
380 560
502 822
360 551
178 462
56 101
10 822
200 680
663 847
389 403
689 959
390 785
51 950
633 966
686 856
309 746
387 458
251 964
314 662
2 134
214 657
19 850
55 801
158 705
360 825
234 425
862 986
166 420
859 912
364 767
494 645
176 522
327 911
469 776
120 162
288 409
431 954
206 812
119 346
68 652
203 695
129 894
476 564
296 365
143 903
515 929
63 983
526 606
182 886
131 421
877 976
42 511
577 659
219 631
121 653
727 788
277 967
603 834
210 581
241 506
130 205
348 988
333 829
290 944
264 435
186 715
143 299
493 573
42 524
179 708
250 706
417 754
230 995
559 722
87 117
125 925
714 942
109 717
137 368
113 450
14 870
275 398
514 824
671 956
740 979
194 636
698 897
391 505
196 918
54 721
208 934
661 905
681 857
80 731
426 832
165 768
233 907
