0
1000
477 523
307 691
494 504
18 980
266 734
373 627
378 622
248 752
172 828
131 867
418 582
180 820
289 709
157 843
70 930
475 523
170 830
491 507
413 585
84 914
337 661
308 692
235 765
474 524
339 661
15 985
415 585
350 650
478 522
456 544
260 738
114 886
79 919
338 660
430 568
331 667
381 617
168 830
6 994
108 890
138 860
480 518
223 775
236 764
419 581
172 826
251 749
323 677
406 594
429 571
278 722
83 915
63 937
422 576
129 871
336 662
96 902
437 561
311 687
424 574
45 953
492 506
246 754
297 701
466 534
66 932
310 690
338 662
93 907
360 640
32 968
343 657
132 866
313 685
158 840
67 933
163 835
321 677
233 765
220 778
270 728
349 651
483 517
367 633
325 675
117 881
69 929
194 804
202 796
285 715
377 621
356 644
118 880
246 752
15 983
477 521
247 751
212 786
198 800
162 836
78 922
310 688
13 987
3 995
431 567
452 546
129 869
130 870
489 511
187 811
333 667
340 658
134 864
215 785
112 888
5 993
176 822
221 777
272 728
318 680
36 962
287 711
169 831
149 849
412 586
267 731
312 686
140 858
495 503
221 779
22 978
346 652
487 511
9 991
191 809
185 813
234 764
245 755
175 823
488 510
206 792
136 862
254 744
179 819
414 584
416 584
26 972
99 901
498 500
464 534
90 910
288 712
498 502
105 895
438 560
204 796
280 720
72 926
389 611
328 670
104 894
91 907
409 591
352 646
327 671
219 779
467 531
307 693
445 553
111 889
286 714
286 712
408 592
300 700
293 707
374 626
405 595
8 990
462 538
380 620
241 757
141 857
48 952
83 917
417 581
351 647
29 971
279 719
499 501
103 895
333 665
120 878
10 988
18 982
398 600
74 924
485 513
282 718
109 891
495 505
49 949
185 815
269 731
236 762
104 896
319 681
233 767
199 801
147 853
39 961
266 732
195 803
421 579
250 748
283 717
9 989
258 742
247 753
54 944
160 840
201 799
366 632
50 950
479 519
49 951
238 762
376 624
485 515
73 925
26 974
409 589
368 632
17 983
17 981
270 730
365 635
341 659
299 701
492 508
124 876
164 834
361 639
51 947
116 884
488 512
217 783
215 783
469 531
350 648
37 963
70 928
268 732
432 568
425 575
469 529
401 599
385 615
76 924
370 630
377 623
228 772
407 593
218 780
458 540
189 811
64 934
274 726
28 972
101 899
125 873
197 801
28 970
411 587
400 600
167 831
289 711
346 654
127 871
285 713
342 658
304 694
335 665
63 935
138 862
81 917
411 589
421 577
197 803
315 685
330 670
480 520
244 756
144 854
462 536
110 890
227 771
483 515
458 542
214 784
386 614
186 814
60 938
102 896
44 956
29 969
163 837
249 749
92 906
53 945
381 619
262 738
98 902
317 681
27 971
382 616
7 991
94 906
207 793
36 964
173 825
441 557
356 642
296 704
156 842
444 554
77 923
351 649
38 962
143 857
190 810
117 883
375 625
368 630
230 770
287 713
476 522
397 603
225 773
298 700
45 955
46 952
460 538
222 778
82 918
61 939
203 797
145 855
61 937
193 805
162 838
232 768
306 692
460 540
359 639
58 942
159 839
176 824
481 517
40 960
299 699
249 751
444 556
225 775
344 656
111 887
256 742
97 903
219 781
309 689
122 878
424 576
159 841
12 988
73 927
59 939
103 897
253 747
445 555
101 897
454 546
166 834
102 898
211 787
410 590
423 575
348 652
30 970
364 636
446 552
30 968
258 740
99 899
349 649
390 610
280 718
499 500
397 601
4 994
164 836
476 524
67 931
372 626
52 946
142 858
231 769
144 856
152 846
35 963
320 680
386 612
274 724
383 617
345 653
473 527
38 960
57 943
112 886
302 698
399 599
303 697
320 678
255 743
65 935
123 877
426 572
468 530
273 727
133 865
50 948
224 776
419 579
196 802
181 819
385 613
210 788
497 501
256 744
392 608
341 657
40 958
443 555
115 885
296 702
157 841
343 655
208 792
257 741
447 553
79 921
199 799
481 519
137 863
453 545
240 760
132 868
265 733
88 912
357 643
14 986
326 674
255 745
284 714
44 954
325 673
214 786
425 573
62 938
362 638
472 528
11 987
106 894
482 516
142 856
297 703
20 978
364 634
191 807
92 908
391 607
184 814
252 748
212 788
264 736
180 818
82 916
283 715
427 571
81 919
459 541
438 562
394 606
173 827
440 560
455 543
295 705
435 565
235 763
442 558
384 616
348 650
404 596
127 873
150 848
202 798
181 817
464 536
470 530
232 766
384 614
113 887
463 535
309 691
37 961
457 543
393 605
366 634
413 587
147 851
105 893
443 557
408 590
441 559
135 863
439 561
222 776
473 525
152 848
279 721
470 528
334 666
171 827
239 761
420 578
461 537
471 529
42 956
465 533
417 583
100 900
182 816
31 967
68 932
76 922
452 548
291 709
275 723
359 641
100 898
39 959
426 574
496 502
440 558
403 597
459 539
369 629
16 982
434 564
497 503
182 818
371 627
58 940
334 664
85 915
436 562
292 708
47 953
284 716
158 842
151 849
13 985
243 755
95 905
451 547
269 729
429 569
178 822
447 551
387 611
42 958
168 832
371 629
259 741
175 825
24 974
293 705
379 619
213 787
139 861
383 615
119 881
336 664
353 647
208 790
401 597
302 696
243 757
281 717
358 642
0 998
85 913
170 828
19 981
448 552
337 663
493 507
205 795
242 756
1 997
47 951
479 521
254 746
24 976
474 526
34 966
387 613
238 760
213 785
115 883
19 979
369 631
146 852
262 736
2 996
379 621
122 876
277 721
282 716
113 885
16 984
433 565
404 594
205 793
209 789
120 880
454 544
35 965
290 708
324 674
220 780
395 605
328 672
177 821
226 774
324 676
10 990
407 591
121 879
95 903
226 772
148 852
493 505
206 794
271 727
240 758
167 833
267 733
448 550
90 908
207 791
354 646
224 774
358 640
301 697
200 800
406 592
420 580
446 554
54 946
449 551
353 645
178 820
311 689
402 598
179 821
186 812
229 771
450 550
321 679
32 966
304 696
468 532
455 545
1 999
143 855
292 706
11 989
312 688
263 735
150 850
344 654
331 669
449 549
43 955
433 567
475 525
5 995
153 845
260 740
88 910
316 682
136 864
315 683
326 672
145 853
123 875
415 583
275 725
378 620
183 815
75 925
352 648
64 936
316 684
436 564
471 527
55 945
154 844
490 508
237 761
125 875
71 927
151 847
130 868
171 829
432 566
486 512
354 644
363 637
184 816
217 781
345 655
301 699
314 684
237 763
174 824
174 826
161 839
355 643
57 941
139 859
165 833
177 823
4 996
490 510
231 767
128 870
391 609
370 628
306 694
305 693
463 537
80 918
414 586
87 913
277 723
7 993
453 547
478 520
298 702
148 850
166 832
357 641
194 806
450 548
33 965
21 977
395 603
294 706
66 934
319 679
435 563
218 782
376 622
339 659
244 754
466 532
41 959
403 595
494 506
484 516
423 577
97 901
62 936
109 889
389 609
305 695
261 737
294 704
329 671
465 535
69 931
388 612
86 912
456 542
347 653
34 964
276 724
118 882
94 904
268 730
196 804
428 572
259 739
342 656
322 676
80 920
437 563
210 790
56 944
263 737
96 904
422 578
84 916
434 566
25 975
399 601
416 582
71 929
229 769
48 950
303 695
241 759
141 859
227 773
161 837
89 911
355 645
363 635
461 539
253 745
405 593
322 678
165 835
3 997
52 948
201 797
390 608
22 976
209 791
250 750
431 569
396 602
482 518
239 759
457 541
272 726
398 602
332 666
216 784
116 882
396 604
273 725
234 766
31 969
56 942
288 710
251 747
33 967
160 838
192 806
418 580
93 905
23 977
91 909
281 719
335 663
467 533
388 610
439 559
107 893
314 686
14 984
74 926
193 807
153 847
317 683
332 668
313 687
223 777
187 813
365 633
230 768
106 892
228 770
87 911
8 992
323 675
124 874
491 509
362 636
327 673
242 758
20 980
78 920
367 631
430 570
203 795
330 668
126 872
183 817
300 698
72 928
402 596
204 794
486 514
59 941
400 598
46 954
2 998
278 720
55 943
329 669
487 513
264 734
347 651
340 660
133 867
119 879
428 570
216 782
190 808
107 891
361 637
245 753
43 957
496 504
110 888
98 900
149 851
252 746
25 973
77 921
169 829
380 618
290 710
372 628
65 933
295 703
291 707
126 874
114 884
393 607
140 860
128 872
156 844
410 588
68 930
121 877
360 638
188 812
373 625
198 802
484 514
41 957
489 509
451 549
412 588
21 979
108 892
265 735
154 846
211 789
394 604
89 909
374 624
155 845
271 729
137 861
392 606
192 808
382 618
60 940
188 810
308 690
155 843
131 869
51 949
53 947
135 865
472 526
200 798
318 682
427 573
276 722
27 973
146 854
12 986
189 809
134 866
195 805
375 623
442 556
261 739
75 923
6 992
257 743
86 914
248 750
23 975
