12 13 14 15 16 17 18 19 20 21 22 23
12 13 14 15 16 17 18 19 20 24 25 26
12 13 14 15 16 17 18 19 20 27 28 29
12 13 14 15 16 17 18 19 20 30 31 32
12 13 14 15 16 17 21 22 23 24 25 26
12 13 14 15 16 17 21 22 23 27 28 29
12 13 14 15 16 17 21 22 23 30 31 32
12 13 14 15 16 17 24 25 26 27 28 29
12 13 14 15 16 17 24 25 26 30 31 32
12 13 14 15 16 17 27 28 29 30 31 32
12 13 14 18 19 20 21 22 23 24 25 26
12 13 14 18 19 20 21 22 23 27 28 29
12 13 14 18 19 20 21 22 23 30 31 32
12 13 14 18 19 20 24 25 26 27 28 29
12 13 14 18 19 20 24 25 26 30 31 32
12 13 14 18 19 20 27 28 29 30 31 32
12 13 14 21 22 23 24 25 26 27 28 29
12 13 14 21 22 23 24 25 26 30 31 32
12 13 14 21 22 23 27 28 29 30 31 32
12 13 14 24 25 26 27 28 29 30 31 32
15 16 17 18 19 20 21 22 23 24 25 26
15 16 17 18 19 20 21 22 23 27 28 29
15 16 17 18 19 20 21 22 23 30 31 32
15 16 17 18 19 20 24 25 26 27 28 29
15 16 17 18 19 20 24 25 26 30 31 32
15 16 17 18 19 20 27 28 29 30 31 32
15 16 17 21 22 23 24 25 26 27 28 29
15 16 17 21 22 23 24 25 26 30 31 32
15 16 17 21 22 23 27 28 29 30 31 32
15 16 17 24 25 26 27 28 29 30 31 32
18 19 20 21 22 23 24 25 26 27 28 29
18 19 20 21 22 23 24 25 26 30 31 32
18 19 20 21 22 23 27 28 29 30 31 32
18 19 20 24 25 26 27 28 29 30 31 32
21 22 23 24 25 26 27 28 29 30 31 32
0 1 2 3 4 5 6 7 8 9 10 11
