25 26 27 28 29 30 31 32 33 34 35 36
25 26 27 28 29 30 31 32 33 37 38 39
25 26 27 28 29 30 31 32 33 40 41 42
25 26 27 28 29 30 31 32 33 43 44 45
25 26 27 28 29 30 34 35 36 37 38 39
25 26 27 28 29 30 34 35 36 40 41 42
25 26 27 28 29 30 34 35 36 43 44 45
25 26 27 28 29 30 37 38 39 40 41 42
25 26 27 28 29 30 37 38 39 43 44 45
25 26 27 28 29 30 40 41 42 43 44 45
25 26 27 31 32 33 34 35 36 37 38 39
25 26 27 31 32 33 34 35 36 40 41 42
25 26 27 31 32 33 34 35 36 43 44 45
25 26 27 31 32 33 37 38 39 40 41 42
25 26 27 31 32 33 37 38 39 43 44 45
25 26 27 31 32 33 40 41 42 43 44 45
25 26 27 34 35 36 37 38 39 40 41 42
25 26 27 34 35 36 37 38 39 43 44 45
25 26 27 34 35 36 40 41 42 43 44 45
25 26 27 37 38 39 40 41 42 43 44 45
28 29 30 31 32 33 34 35 36 37 38 39
28 29 30 31 32 33 34 35 36 40 41 42
28 29 30 31 32 33 34 35 36 43 44 45
28 29 30 31 32 33 37 38 39 40 41 42
28 29 30 31 32 33 37 38 39 43 44 45
28 29 30 31 32 33 40 41 42 43 44 45
28 29 30 34 35 36 37 38 39 40 41 42
28 29 30 34 35 36 37 38 39 43 44 45
28 29 30 34 35 36 40 41 42 43 44 45
28 29 30 37 38 39 40 41 42 43 44 45
31 32 33 34 35 36 37 38 39 40 41 42
31 32 33 34 35 36 37 38 39 43 44 45
31 32 33 34 35 36 40 41 42 43 44 45
31 32 33 37 38 39 40 41 42 43 44 45
34 35 36 37 38 39 40 41 42 43 44 45
12 13 14 15 16 17 18 19 20 21 22 23
12 13 14 15 16 17 18 19 20 21 22 24
12 13 14 15 16 17 18 19 20 21 23 24
12 13 14 15 16 17 18 19 20 22 23 24
12 13 14 15 16 17 18 19 21 22 23 24
12 13 14 15 16 17 18 20 21 22 23 24
12 13 14 15 16 17 19 20 21 22 23 24
12 13 14 15 16 18 19 20 21 22 23 24
12 13 14 15 17 18 19 20 21 22 23 24
12 13 14 16 17 18 19 20 21 22 23 24
12 13 15 16 17 18 19 20 21 22 23 24
12 14 15 16 17 18 19 20 21 22 23 24
13 14 15 16 17 18 19 20 21 22 23 24
0 1 2 3 4 5 6 7 8 9 10 11
