0
1000
347 908
543 568
307 466
181 826
316 556
780 858
45 484
716 905
97 415
726 862
672 718
76 342
398 977
548 962
456 949
83 706
851 966
255 852
526 949
795 891
147 519
366 573
439 648
509 927
324 339
744 789
145 712
428 892
361 950
933 988
395 865
293 645
173 612
643 985
602 846
406 487
19 776
687 821
539 862
34 997
279 985
870 946
505 649
440 882
338 661
46 884
141 335
6 508
165 537
149 821
788 926
604 615
257 499
163 486
238 784
136 916
363 992
587 859
24 838
267 952
278 920
271 632
372 823
547 778
639 822
162 627
642 962
775 938
140 603
577 890
148 174
212 529
114 516
616 848
15 396
152 171
177 813
180 413
581 642
271 390
45 231
242 374
350 664
139 322
343 439
301 465
460 890
155 905
105 223
182 765
572 667
31 535
264 489
799 892
298 855
698 889
282 340
4 70
422 843
805 808
89 103
330 361
754 907
430 592
405 572
414 565
802 880
73 965
59 402
697 769
712 956
269 647
464 721
85 819
400 791
222 315
21 262
560 729
48 506
72 732
55 413
109 795
201 458
132 630
96 468
71 610
771 995
2 774
270 540
394 918
30 860
414 438
471 472
198 355
169 935
295 929
273 450
483 698
77 302
638 979
172 428
818 889
122 785
206 612
112 899
532 697
124 376
832 904
192 495
528 896
23 504
42 737
457 803
26 689
763 956
820 932
401 942
656 747
381 500
299 925
636 813
475 549
226 434
131 994
344 707
17 346
714 996
65 827
554 996
608 965
240 952
263 627
476 620
580 650
365 772
446 746
126 998
133 742
375 455
284 522
33 208
384 748
337 578
251 358
360 898
224 449
41 793
50 408
884 963
590 930
43 272
138 660
722 782
266 284
347 916
760 878
323 869
457 901
794 873
95 808
203 675
870 973
210 397
710 846
370 539
67 673
407 582
411 875
89 576
187 490
738 867
352 842
50 182
386 501
781 951
156 246
345 855
219 316
513 957
349 722
55 436
306 749
421 564
730 927
837 917
128 417
85 224
144 628
281 536
362 550
195 850
424 681
545 579
810 834
302 703
655 801
28 70
237 503
550 703
854 928
20 412
247 970
74 967
354 364
426 873
204 843
88 113
557 950
604 871
176 606
502 990
134 367
267 775
385 495
812 939
207 664
476 971
204 869
93 924
467 630
119 880
217 538
227 231
406 669
779 893
54 849
8 93
811 866
187 380
184 926
615 833
643 695
674 909
175 392
312 724
92 727
518 673
649 830
213 597
327 708
179 514
366 871
329 978
653 807
652 670
598 739
443 731
249 841
208 254
921 972
159 410
139 772
356 704
106 613
77 390
12 913
507 737
232 993
107 976
2 75
63 581
191 669
601 961
329 908
716 797
137 719
511 881
300 489
244 380
504 837
106 692
96 960
340 562
392 530
298 459
625 755
440 814
626 714
240 665
736 923
700 919
22 429
200 740
679 816
33 912
186 727
151 783
141 720
546 913
544 980
651 900
287 292
193 764
11 947
5 265
15 941
88 638
25 710
1 553
91 168
650 762
145 431
23 52
478 907
566 947
146 229
334 934
257 400
78 853
94 333
61 809
108 778
179 250
482 624
256 402
97 388
609 660
992 995
75 194
132 828
637 960
522 868
80 264
404 895
100 652
789 796
236 953
104 435
792 810
227 333
46 634
605 771
117 260
49 883
201 432
885 975
906 981
370 409
64 216
174 244
155 170
378 470
103 429
462 741
499 951
309 532
646 879
573 783
184 217
569 709
136 193
196 831
620 912
253 309
202 558
255 275
437 696
135 637
688 847
408 540
17 691
181 375
142 682
322 490
72 337
336 902
617 942
331 752
115 834
251 510
228 346
589 858
110 596
932 968
64 553
617 653
81 292
118 679
571 606
479 845
276 600
194 512
16 232
325 657
510 692
116 296
87 449
122 552
488 563
295 786
57 809
188 305
153 258
262 308
332 718
334 589
527 731
575 988
206 690
432 564
58 151
29 37
459 515
382 825
365 896
757 840
74 355
723 780
403 667
525 991
299 538
22 71
348 641
273 602
202 740
635 689
393 563
256 405
32 199
541 963
315 761
121 237
717 801
84 200
265 705
382 453
294 436
561 683
702 806
644 902
319 592
383 474
551 991
239 730
349 678
719 994
269 313
209 662
685 797
235 455
197 464
861 979
549 901
526 983
189 654
252 433
233 423
40 940
39 699
53 76
36 704
533 872
792 886
503 594
398 829
348 897
415 711
34 980
212 338
357 609
6 73
241 840
373 473
764 914
57 717
114 304
107 894
508 833
663 848
272 534
270 699
497 765
277 618
125 611
35 595
102 688
471 597
656 796
92 875
285 761
537 872
568 959
430 981
274 276
289 529
121 203
485 857
369 851
670 827
67 395
542 733
108 686
311 924
463 812
198 523
28 49
165 249
79 971
707 903
335 631
164 863
117 891
374 804
472 782
87 149
158 598
66 101
31 69
388 828
261 410
666 838
248 356
684 773
253 701
124 751
90 497
560 910
844 958
35 790
246 362
403 776
0 930
511 585
158 911
188 454
420 742
133 442
590 863
214 677
190 622
491 982
126 178
659 766
384 566
280 906
211 999
762 850
368 562
291 448
100 435
260 655
377 386
431 753
162 419
243 427
466 931
41 506
502 557
13 185
548 804
211 658
628 898
213 830
629 856
225 523
326 635
368 605
447 958
544 686
3 694
359 885
536 683
814 986
373 442
475 571
879 975
215 353
321 509
607 847
128 735
336 525
66 379
18 364
569 579
164 500
225 427
567 944
191 911
881 894
281 672
7 376
480 922
63 354
473 815
831 955
130 591
463 777
238 254
583 676
56 918
242 806
99 921
857 915
542 677
708 937
290 412
205 941
10 345
229 591
266 970
38 441
513 603
486 741
423 702
10 961
214 341
391 770
468 899
61 252
161 460
26 734
623 882
84 700
150 826
209 948
176 744
283 751
297 379
1 668
433 599
888 936
378 632
19 943
461 496
186 234
444 777
319 517
835 966
303 501
250 725
524 893
713 852
69 977
321 641
68 585
574 577
484 824
323 811
27 593
14 480
30 586
687 726
351 928
283 948
693 766
94 661
461 558
82 856
11 236
52 275
314 496
593 758
448 479
305 934
945 987
556 644
154 318
671 859
618 723
172 282
7 420
458 793
83 651
320 425
567 666
444 465
32 773
183 199
339 878
160 819
332 401
324 622
44 631
111 756
344 498
680 746
709 749
230 574
234 438
175 583
241 587
626 973
16 419
148 678
665 691
469 800
60 142
263 287
36 233
146 274
541 696
62 779
294 360
616 886
143 219
554 781
680 682
621 774
210 614
82 839
580 739
735 750
167 919
279 483
535 820
343 434
756 763
215 634
220 261
65 161
20 836
127 451
482 565
330 519
623 915
143 721
101 993
404 701
359 925
169 578
180 920
78 613
327 575
594 728
715 800
125 399
3 129
512 853
105 815
286 493
663 715
559 865
134 798
317 978
38 968
310 998
409 866
68 363
29 112
86 887
552 923
192 693
426 477
42 277
492 555
301 824
531 829
51 120
259 943
51 614
47 170
118 416
228 640
43 601
369 445
137 326
561 876
111 411
268 953
487 976
289 861
794 876
748 768
639 753
485 684
668 874
223 371
462 967
24 674
759 954
12 713
318 397
418 910
445 743
285 619
8 768
520 645
515 818
288 854
545 933
218 743
14 969
303 546
86 453
156 521
736 874
235 530
383 984
358 443
897 940
328 935
494 732
282 387
467 987
189 393
157 983
9 418
286 659
421 825
317 425
98 842
570 860
0 308
451 938
195 964
131 570
306 694
95 844
59 904
582 724
280 608
183 786
109 291
129 888
48 492
437 588
90 491
221 521
647 757
559 887
39 173
79 135
864 909
300 690
520 790
877 974
456 989
313 648
44 929
770 900
239 785
47 787
596 944
478 654
25 533
185 738
507 624
494 989
98 706
524 982
394 817
230 297
167 955
341 734
758 917
18 190
371 629
5 676
705 835
166 178
160 527
752 823
102 314
441 822
259 454
447 528
633 745
138 633
166 972
268 964
351 551
733 759
385 516
123 534
60 769
469 787
576 681
481 488
342 531
296 729
725 883
153 945
352 745
543 662
446 505
152 849
422 754
130 154
110 658
377 474
311 895
91 946
477 595
40 517
81 939
695 799
584 922
586 791
27 547
221 969
119 205
120 307
140 999
391 450
207 416
588 767
247 954
99 498
123 389
357 610
56 115
312 760
248 621
399 903
288 424
9 877
177 984
584 675
218 788
226 711
514 845
157 997
353 839
481 555
144 841
116 807
931 937
657 959
310 389
54 625
80 805
163 350
607 640
13 197
518 646
619 914
150 328
104 957
53 147
685 936
196 452
168 220
21 600
62 407
4 728
258 493
367 720
636 816
784 832
243 990
245 599
611 802
113 755
747 817
171 320
222 867
293 372
127 325
290 974
37 864
245 304
159 331
58 868
216 396
417 986
381 836
750 767
278 452
470 803
