0
1000
365 852
365 575
365 989
365 437
31 365
365 646
253 365
150 365
365 660
226 365
365 609
365 848
365 449
365 751
79 365
365 807
365 678
65 365
336 365
365 894
112 365
365 617
365 733
365 670
234 365
365 788
365 577
365 495
59 365
365 640
365 627
73 365
365 423
200 365
136 365
365 407
365 948
224 365
2 365
293 365
365 908
49 365
247 365
155 365
365 725
227 365
365 446
365 934
365 510
365 612
176 365
365 744
365 385
365 507
365 556
341 365
158 365
365 417
365 372
365 827
181 365
365 467
365 545
365 800
365 797
93 365
365 401
365 910
365 565
229 365
365 516
365 891
233 365
365 675
365 579
54 365
365 905
365 739
365 953
47 365
365 538
365 954
365 544
365 951
365 509
365 969
260 365
365 701
365 765
365 964
365 708
365 745
152 365
286 365
365 641
365 455
282 365
365 478
365 955
39 365
365 614
365 370
365 377
365 738
19 365
108 365
365 623
365 682
365 730
365 830
365 378
365 767
365 791
365 866
55 365
103 365
365 772
365 382
365 737
365 613
254 365
365 962
365 861
365 572
365 666
317 365
365 984
365 580
365 676
87 365
365 450
365 434
365 813
365 722
365 714
56 365
365 380
365 391
365 918
198 365
125 365
365 539
365 468
365 691
365 718
365 576
365 595
365 938
365 834
365 602
365 605
365 761
365 379
279 365
137 365
344 365
148 365
365 904
195 365
365 651
204 365
365 966
365 704
365 970
365 799
365 932
365 637
92 365
365 844
365 558
365 673
364 365
277 365
216 365
365 563
167 365
365 439
99 365
365 850
365 995
365 424
187 365
365 869
365 663
365 841
16 365
365 782
365 639
365 564
142 365
365 494
365 720
365 492
365 838
365 819
207 365
365 842
365 689
177 365
360 365
156 365
365 732
365 472
365 798
363 365
365 946
82 365
365 756
365 960
365 466
365 950
365 817
365 752
194 365
365 501
365 711
34 365
171 365
365 471
365 524
365 621
352 365
365 687
365 418
365 601
365 425
97 365
265 365
320 365
365 845
365 746
365 697
111 365
172 365
134 365
95 365
41 365
365 628
264 365
351 365
365 924
8 365
365 603
365 550
118 365
250 365
365 535
365 498
365 431
221 365
365 903
53 365
3 365
258 365
365 849
365 596
365 527
365 390
365 973
18 365
115 365
365 487
365 416
318 365
365 654
365 740
276 365
365 760
5 365
104 365
365 823
178 365
275 365
365 826
90 365
193 365
36 365
361 365
365 795
324 365
365 785
365 899
365 477
365 659
91 365
339 365
365 454
174 365
365 626
365 986
365 912
365 769
365 770
28 365
40 365
365 898
365 573
132 365
365 514
354 365
365 685
175 365
365 606
365 470
15 365
365 952
365 438
21 365
365 587
365 413
365 444
334 365
328 365
365 787
184 365
365 428
218 365
365 831
365 590
365 929
365 815
315 365
52 365
365 376
365 773
101 365
213 365
303 365
365 754
365 448
240 365
365 860
365 755
197 365
343 365
365 983
365 588
365 699
105 365
241 365
365 442
365 977
269 365
37 365
365 971
365 811
300 365
365 759
365 710
365 655
100 365
365 835
365 518
365 927
365 901
211 365
362 365
365 713
60 365
145 365
14 365
179 365
365 880
149 365
365 647
365 381
365 781
340 365
365 763
365 928
365 634
237 365
196 365
365 680
365 552
267 365
23 365
365 414
365 949
365 982
365 994
365 521
365 567
365 810
189 365
365 665
70 365
365 694
365 520
365 562
243 365
120 365
296 365
185 365
365 460
365 987
365 833
365 988
363 974
217 365
365 862
365 400
153 365
365 560
365 825
208 365
365 597
365 790
365 706
215 365
180 365
365 851
365 622
236 365
365 931
0 365
365 506
365 410
239 365
365 793
365 394
259 365
130 365
33 365
365 490
121 365
365 529
345 365
365 571
365 652
365 686
365 526
365 816
109 365
365 473
64 365
365 943
365 554
365 658
365 570
365 736
83 365
365 409
1 365
190 365
350 365
365 486
365 747
365 600
365 644
235 365
365 412
147 365
143 365
84 365
290 365
332 365
353 365
365 367
365 499
342 365
272 365
333 365
365 483
365 742
308 365
365 961
365 985
365 972
365 768
365 610
365 784
168 365
30 365
295 365
365 777
10 365
365 727
365 991
365 700
263 365
188 365
248 365
365 709
365 837
228 365
68 365
232 365
365 479
356 365
86 365
365 373
365 445
365 792
12 365
365 519
365 469
292 365
365 679
316 365
365 531
301 365
365 820
58 365
365 794
151 365
173 365
365 411
365 822
169 365
365 465
262 365
365 433
359 365
133 365
365 942
365 693
365 371
327 365
365 443
365 515
365 504
297 365
307 365
365 919
365 734
365 452
365 712
365 724
365 728
365 638
81 365
365 441
69 365
365 956
281 365
251 365
45 365
88 365
106 365
365 620
365 818
365 616
44 365
365 917
4 365
365 805
365 598
365 857
22 365
365 537
43 365
349 365
365 916
365 703
365 534
127 365
42 365
365 683
365 868
365 668
365 593
365 976
71 365
67 365
365 945
365 937
365 992
116 365
365 843
365 635
365 702
365 723
365 420
365 481
365 867
365 574
365 749
114 365
365 375
51 365
365 959
365 881
365 806
123 365
365 482
365 568
365 405
365 715
365 758
365 594
365 939
365 895
186 365
162 365
245 365
365 871
74 365
135 365
94 365
182 365
365 662
365 402
365 404
365 677
365 474
365 876
365 999
365 608
242 365
46 365
365 440
365 664
365 489
365 619
306 365
365 429
365 432
222 365
365 436
57 365
365 369
347 365
365 505
129 365
365 584
365 707
365 525
365 388
17 365
238 365
131 365
365 632
365 684
48 365
365 396
310 365
365 786
365 555
365 393
365 884
365 771
365 532
365 814
365 645
365 801
365 502
365 909
365 389
365 719
365 887
191 365
305 365
220 365
365 485
365 808
256 365
365 717
365 947
365 398
365 840
365 865
7 365
271 365
365 809
365 578
160 365
365 882
365 633
365 853
294 365
25 365
365 536
98 365
225 365
321 365
365 426
365 921
365 957
291 365
6 365
32 365
280 365
365 557
38 365
365 965
35 365
365 547
365 384
161 365
230 365
365 859
365 941
365 940
365 636
365 624
319 365
365 757
365 864
302 365
365 397
85 365
128 365
365 888
203 365
365 642
326 365
365 387
365 599
252 365
365 846
365 589
278 365
313 365
365 896
365 981
348 365
365 511
146 365
365 780
288 365
365 930
365 463
335 365
365 533
365 874
365 383
309 365
205 365
365 935
89 365
76 365
170 365
365 913
365 604
122 365
365 451
312 365
365 530
365 936
331 365
365 366
365 978
365 726
223 365
365 496
365 649
365 674
365 569
365 900
365 878
365 512
365 741
365 629
274 365
66 365
283 365
289 365
199 365
365 886
365 688
273 365
365 671
257 365
365 892
365 774
355 365
365 779
365 998
365 491
165 365
365 625
365 408
144 365
141 365
365 762
365 476
365 764
24 365
154 365
201 365
365 750
365 783
365 549
365 920
231 365
365 855
365 656
102 365
365 551
365 692
126 365
365 766
13 365
365 753
365 775
365 475
365 695
365 993
266 365
311 365
285 365
365 392
62 365
365 803
365 716
365 581
365 559
365 812
365 879
365 546
138 365
209 365
365 828
365 897
365 858
139 365
365 368
365 863
365 503
365 890
117 365
365 731
96 365
365 374
365 996
365 911
365 925
365 430
365 804
365 870
365 721
365 631
365 944
365 643
365 607
157 365
365 847
244 365
304 365
365 399
365 522
365 922
365 419
365 778
365 885
329 365
365 648
61 365
75 365
365 729
365 548
365 933
80 365
365 877
268 365
325 365
365 789
124 365
365 488
338 365
365 968
365 583
323 365
219 365
365 395
365 457
261 365
365 902
365 484
365 776
365 839
365 650
365 464
365 829
77 365
20 365
365 447
119 365
365 403
365 500
365 592
365 415
78 365
113 365
365 667
365 997
365 907
365 523
337 365
365 458
183 365
365 422
365 926
365 705
365 653
365 453
365 963
365 517
365 566
11 365
365 542
365 836
365 661
365 672
26 365
365 824
365 743
365 508
330 365
365 915
365 875
298 365
365 630
365 690
50 365
365 796
365 735
365 923
365 553
365 872
365 541
365 461
63 365
287 365
210 365
365 854
365 681
365 821
357 365
365 456
365 540
365 696
270 365
365 582
163 365
365 883
365 528
365 698
365 513
365 958
358 365
365 979
27 365
365 669
365 975
365 386
9 365
365 618
192 365
365 615
72 365
365 914
365 657
166 365
365 591
365 873
346 365
29 365
365 802
365 832
365 967
365 585
299 365
255 365
249 365
365 459
365 462
365 586
159 365
365 748
206 365
107 365
365 493
164 365
246 365
322 365
365 427
365 611
365 406
365 421
365 480
365 990
365 856
365 497
365 889
212 365
202 365
365 893
365 561
365 435
214 365
314 365
365 543
284 365
140 365
365 980
365 906
110 365
