0
1000
575 722
272 669
977 994
13 142
273 465
467 561
399 827
68 790
175 542
869 884
238 371
235 662
355 671
653 824
624 932
406 753
224 808
138 374
460 813
287 930
188 843
91 706
190 978
418 761
285 927
398 632
10 773
511 595
527 563
48 940
385 908
712 950
612 691
143 603
32 891
345 459
370 593
718 957
281 964
811 935
192 415
229 612
450 488
602 998
55 636
508 547
69 841
521 673
67 895
111 968
28 883
154 284
298 888
59 359
53 429
759 980
136 834
106 372
348 711
165 670
83 729
681 796
93 563
502 623
249 854
260 990
523 605
531 544
77 331
501 976
323 837
164 257
644 663
608 919
762 768
819 872
276 707
54 439
631 776
142 684
197 375
84 500
135 435
424 559
43 623
624 648
715 940
441 484
664 914
158 933
511 935
698 860
608 663
654 885
938 969
334 597
178 497
580 684
310 971
141 846
0 775
44 221
90 610
168 553
477 822
576 941
24 344
127 268
694 702
571 706
358 886
201 515
246 761
362 388
300 573
0 410
671 717
212 560
462 546
445 566
533 814
520 617
261 853
394 821
350 614
95 679
302 352
58 482
12 692
231 256
88 384
547 581
53 505
126 407
361 921
2 620
122 382
771 772
179 825
686 866
458 633
234 836
113 849
555 977
364 470
217 882
88 108
196 369
733 816
4 963
589 777
23 946
721 892
286 749
122 610
666 896
85 226
689 800
500 828
182 512
525 736
253 893
199 419
73 153
370 913
202 538
238 867
138 943
386 662
626 745
661 923
87 980
535 570
658 931
493 737
51 86
867 925
716 962
99 205
672 708
186 695
133 405
218 689
157 516
209 774
448 937
697 922
237 357
423 956
379 476
518 739
194 392
132 169
143 902
97 295
541 946
18 215
96 775
727 928
288 369
206 859
696 855
38 793
177 585
536 640
368 484
283 864
208 924
255 674
231 613
262 680
94 234
45 101
102 203
145 245
449 453
346 739
474 848
333 703
271 312
467 572
120 996
264 704
426 574
114 207
292 632
76 499
247 685
461 861
797 950
132 475
411 607
72 78
24 422
287 308
383 957
658 804
558 655
365 908
783 832
77 251
213 747
584 751
180 251
319 985
32 809
909 921
339 634
694 798
764 838
627 811
286 745
471 821
58 936
54 356
548 699
433 964
874 916
315 544
70 833
81 353
490 748
235 755
70 320
828 876
318 772
487 941
61 464
246 958
223 918
456 779
225 307
117 420
93 491
342 994
163 656
128 200
45 691
253 269
922 926
763 890
263 270
291 773
155 720
469 812
29 853
9 469
368 987
723 961
405 789
98 583
654 693
103 973
437 483
526 752
191 518
532 650
312 635
212 360
169 545
650 978
600 780
824 857
496 696
514 942
129 304
577 901
115 840
611 845
35 893
506 633
236 910
152 844
332 416
385 970
486 744
606 924
19 976
304 494
13 216
326 417
530 565
652 802
14 261
189 573
621 877
274 965
887 952
277 998
39 898
56 504
788 802
430 606
167 982
36 740
149 787
601 805
341 593
784 963
403 534
168 982
73 354
224 625
135 329
463 481
473 642
538 936
442 988
395 711
215 969
505 580
33 339
71 987
350 816
434 858
18 463
317 519
106 404
517 721
599 722
799 852
40 172
133 509
180 611
310 479
278 590
604 681
387 823
170 752
161 558
347 898
82 576
210 352
426 478
174 794
377 981
861 991
226 713
447 668
724 807
455 707
134 258
587 996
3 863
116 150
635 829
173 374
295 786
220 779
646 900
153 418
37 347
323 975
297 665
22 277
659 849
539 685
130 545
302 955
771 888
43 959
139 642
97 882
630 782
590 879
222 585
201 728
265 356
123 557
507 602
129 395
92 320
248 457
198 814
864 866
41 98
203 579
158 724
447 474
280 601
31 868
282 336
530 757
541 591
917 962
787 902
615 919
503 637
102 321
485 947
255 588
520 646
82 536
481 886
274 656
183 796
639 715
340 954
459 917
111 348
381 618
137 741
403 515
510 647
195 630
81 652
2 569
387 529
46 361
114 974
750 763
629 968
159 760
57 792
144 749
431 840
300 617
588 594
710 797
22 873
683 989
49 528
308 571
34 973
268 595
371 402
159 742
507 673
266 860
718 858
10 401
41 429
99 393
217 391
80 913
80 519
94 944
836 928
409 432
74 803
288 757
161 744
292 986
378 539
795 943
48 424
524 910
343 503
572 790
349 653
817 856
267 675
140 934
758 788
436 442
7 618
5 999
157 622
105 820
462 680
124 551
89 815
592 953
452 807
232 717
314 687
712 909
496 643
179 966
301 376
20 584
78 540
485 780
250 835
703 735
729 890
230 397
648 999
826 951
12 126
325 961
30 388
631 953
294 820
273 730
164 411
524 747
604 803
351 760
344 406
154 193
79 127
523 960
227 531
20 974
21 847
241 493
622 906
90 777
144 582
101 789
185 260
589 698
394 468
228 315
354 750
285 616
221 410
407 464
609 829
318 340
280 818
446 881
100 537
26 561
351 534
230 736
269 439
725 782
214 290
228 906
486 540
115 899
701 756
813 897
263 981
956 966
279 979
330 616
252 473
627 912
240 549
198 719
871 881
472 708
107 678
367 615
396 903
213 421
112 293
732 823
232 427
638 958
296 337
552 990
139 207
173 425
873 984
338 865
390 402
92 412
441 465
754 912
183 605
704 948
15 332
254 444
487 952
108 210
87 229
363 755
301 470
513 847
692 844
619 904
502 562
107 185
65 508
655 831
240 314
103 676
298 770
581 664
282 296
7 156
311 769
843 856
19 542
335 373
34 457
489 565
211 874
637 830
219 660
256 647
495 841
398 933
15 425
110 868
341 345
349 900
75 726
756 945
171 799
309 364
303 817
878 938
227 659
265 800
104 468
38 313
284 433
390 862
52 148
36 550
35 758
690 701
66 84
313 682
383 678
400 889
451 461
290 625
170 381
236 408
638 778
599 985
219 965
325 596
526 810
408 586
112 665
621 714
245 737
596 795
477 754
373 967
194 220
123 731
716 746
244 389
688 765
568 979
695 851
753 825
607 818
466 603
17 552
148 688
200 582
242 343
592 672
397 810
199 702
244 725
317 337
427 492
121 186
171 948
42 546
16 600
49 934
86 440
445 944
569 676
475 988
237 926
393 815
709 930
72 839
577 911
141 495
11 939
264 842
329 970
517 535
91 328
306 396
431 793
190 661
389 700
306 668
591 885
239 327
556 903
528 570
554 792
432 806
649 720
619 905
769 983
222 649
61 728
211 675
116 920
283 887
537 742
26 767
113 833
147 710
57 783
151 449
366 440
740 989
259 437
355 384
51 705
67 641
50 422
372 899
683 905
727 827
11 916
448 480
23 436
677 918
303 492
667 972
71 494
548 738
379 791
89 872
415 428
670 997
1 335
60 553
204 413
566 567
522 915
669 781
125 848
63 258
322 342
46 767
743 838
128 920
182 478
8 386
380 891
730 748
68 939
155 846
85 651
456 554
489 734
289 804
690 854
543 776
452 471
37 551
119 660
59 762
305 466
76 443
47 166
197 309
117 527
95 766
297 451
559 738
731 850
328 826
564 876
79 904
47 214
458 967
239 272
187 991
50 483
294 657
150 699
726 869
8 31
365 993
33 233
27 119
156 759
278 568
768 959
709 852
529 822
66 666
562 954
162 490
56 812
181 430
480 516
187 764
60 785
598 986
178 443
499 587
130 146
30 894
64 884
333 875
498 786
160 279
104 801
247 307
375 620
522 743
510 513
100 334
641 809
281 322
359 960
305 889
176 778
44 460
223 455
450 509
165 851
700 713
435 645
316 444
550 862
177 413
324 391
218 992
25 357
254 331
257 883
5 96
409 765
131 267
791 894
865 878
28 416
291 564
629 636
324 785
40 118
262 609
512 549
202 639
64 131
719 877
176 947
249 501
225 586
275 360
196 472
175 362
835 880
634 834
192 819
421 794
401 806
63 556
62 167
336 574
74 412
188 346
174 243
6 476
299 892
120 266
316 839
118 423
27 488
55 871
146 191
270 321
895 907
271 521
250 657
417 454
242 504
29 434
338 560
4 205
136 831
134 682
14 741
105 911
145 259
83 533
319 897
75 181
216 594
497 937
353 414
859 992
392 923
204 206
1 975
193 945
781 798
367 453
162 955
149 644
233 363
399 723
16 140
137 845
208 273
645 971
479 697
667 774
160 243
733 842
69 252
248 330
855 983
929 984
39 438
21 532
579 735
575 896
514 875
124 751
62 555
326 732
6 184
152 766
166 714
299 628
482 830
172 942
404 901
52 377
420 614
275 932
651 784
414 498
65 693
327 857
189 870
850 929
241 995
583 837
289 734
613 863
25 995
121 578
832 880
125 679
382 543
209 674
163 931
879 915
376 428
454 677
567 705
293 598
687 805
400 438
640 949
311 993
109 195
110 525
380 972
42 147
17 378
578 626
643 870
907 914
109 366
491 506
628 770
419 951
597 746
801 997
9 358
3 184
151 808
446 925
927 949
