0
1000
431 967
275 856
388 521
0 216
412 457
54 989
2 903
520 736
445 819
752 837
164 489
720 816
67 496
490 767
429 970
422 718
66 845
200 926
761 914
502 528
225 336
670 924
834 854
718 995
775 834
268 930
188 774
189 947
191 845
93 102
222 969
590 847
559 564
787 795
476 873
45 393
371 495
44 383
603 735
294 649
192 690
340 913
317 739
142 573
206 397
567 939
193 445
306 958
69 524
222 358
350 895
642 905
251 571
26 619
4 154
269 395
155 372
391 648
318 677
113 529
83 786
574 899
447 781
485 885
278 898
95 198
233 691
803 930
35 43
550 986
339 386
791 971
574 828
12 752
620 871
338 750
119 309
658 785
450 672
395 869
37 650
436 804
432 935
153 817
76 398
212 537
79 454
62 936
42 374
448 550
635 850
673 786
143 291
181 341
592 879
170 230
425 576
396 553
172 347
732 761
471 945
198 825
46 327
495 797
568 573
760 849
498 973
52 98
461 861
286 583
136 897
636 676
59 823
14 497
116 329
80 245
16 239
601 811
181 196
435 779
380 886
248 846
470 540
207 966
693 763
417 564
35 89
315 644
742 881
490 628
479 680
379 714
500 728
131 543
483 962
49 362
256 578
36 85
249 653
127 321
19 129
875 904
22 235
10 224
784 948
590 839
292 778
29 452
166 345
137 462
359 984
264 507
332 856
262 392
55 925
173 286
295 554
112 449
31 166
62 179
320 874
480 530
106 304
7 874
844 908
59 782
131 369
81 742
433 753
621 977
68 365
755 924
128 910
312 777
20 492
126 377
8 237
773 802
518 572
40 304
794 888
194 314
442 976
239 958
847 917
271 645
424 864
430 713
254 391
173 368
440 616
130 297
309 589
234 331
767 857
622 799
438 665
213 980
7 745
77 614
346 453
64 716
335 353
37 242
240 382
24 907
349 581
444 763
143 353
210 213
642 719
457 523
140 779
247 756
481 806
399 933
303 831
189 738
593 596
746 853
337 852
826 841
68 949
602 956
256 272
822 912
115 207
15 195
127 197
63 412
751 992
250 887
628 716
452 537
108 772
598 827
171 822
538 848
645 984
148 876
388 836
93 916
639 684
366 540
114 959
361 955
217 694
670 960
477 530
562 706
30 583
237 541
769 934
42 147
169 704
416 552
552 889
326 731
134 986
694 754
557 701
100 978
360 870
711 759
308 356
233 656
94 613
48 97
32 863
204 906
453 749
911 982
281 596
802 892
639 880
664 780
48 405
10 219
174 506
289 547
249 920
201 368
307 381
24 97
481 501
203 647
73 695
725 812
95 903
229 477
723 999
197 896
289 876
83 438
187 586
674 823
125 748
50 654
801 967
100 187
9 328
78 533
14 926
109 138
290 865
373 913
130 332
13 337
404 922
729 758
455 894
288 852
320 470
614 992
649 974
465 514
133 183
516 736
17 371
841 929
129 808
74 510
484 697
264 385
113 407
60 724
20 461
386 496
168 580
178 361
376 618
184 689
398 555
343 593
257 803
90 358
788 827
678 698
30 401
757 809
637 733
69 565
214 402
28 793
87 519
546 671
675 693
821 882
585 950
270 446
218 415
271 528
557 656
525 959
157 829
1 292
248 725
523 762
178 927
124 354
88 425
176 351
57 416
600 944
33 78
32 549
82 355
177 201
72 907
456 972
605 700
508 965
691 987
536 828
282 582
665 675
123 275
28 70
194 615
185 929
52 497
459 638
150 630
53 864
380 739
217 882
487 621
419 855
420 646
316 686
849 886
406 830
34 410
482 620
413 698
818 922
153 682
293 921
91 428
25 437
558 637
118 830
443 963
831 957
297 426
120 186
107 300
330 764
810 931
51 556
374 711
234 316
333 522
263 394
458 792
324 825
687 968
2 377
777 896
179 942
92 661
415 663
162 943
221 746
205 749
255 948
243 509
478 923
317 630
314 443
170 837
226 334
390 474
351 667
492 677
296 989
99 934
782 790
110 363
84 640
224 893
3 990
80 943
599 778
541 805
18 302
84 798
291 867
91 807
507 570
307 587
676 869
158 585
743 889
411 705
8 885
169 534
367 632
466 661
117 560
243 531
64 688
229 793
39 667
504 738
521 692
76 839
241 680
643 843
551 783
167 964
669 991
109 298
293 547
5 594
659 776
56 632
232 933
55 603
135 312
185 854
114 815
259 940
622 893
424 794
277 923
241 598
464 604
555 824
141 172
65 504
787 938
278 610
6 456
890 925
340 360
867 897
627 760
743 879
56 262
72 467
437 720
103 605
714 861
474 708
862 909
423 946
274 659
717 807
266 328
384 994
324 957
57 440
63 919
74 715
795 897
138 952
527 710
467 503
120 475
96 884
513 589
110 741
65 650
606 696
104 369
379 810
354 448
510 993
531 697
53 211
434 681
139 951
273 462
151 875
310 400
657 769
548 755
45 838
15 979
186 394
708 728
294 664
105 809
717 730
225 244
508 813
161 228
132 405
208 411
429 591
284 883
870 996
40 260
112 643
3 246
223 909
321 421
228 480
619 977
141 459
156 653
695 995
269 370
11 617
858 971
208 299
604 911
43 302
255 808
560 772
762 891
568 780
61 455
60 696
216 325
529 908
345 532
209 652
210 840
658 774
343 533
184 447
257 282
366 905
517 891
71 226
902 975
364 570
47 300
333 965
126 860
518 783
94 352
227 566
335 556
145 516
432 538
44 451
357 941
318 685
435 446
218 486
338 935
902 945
505 709
387 961
402 469
499 641
482 707
192 789
54 732
539 747
49 741
955 963
147 964
71 685
230 956
219 242
626 978
616 857
359 468
205 634
418 868
140 980
6 27
633 996
586 904
73 679
18 811
159 932
475 974
313 633
433 641
479 927
285 450
299 842
101 385
733 973
399 558
334 912
164 918
182 387
617 997
311 662
66 506
509 949
144 565
85 182
142 562
365 972
96 122
430 436
503 850
342 512
263 575
209 463
174 961
280 319
158 818
572 575
721 897
840 866
92 877
375 954
160 921
196 279
134 526
31 668
439 709
859 915
288 595
384 919
342 393
871 916
190 252
400 546
647 668
214 254
451 981
473 545
515 655
341 790
29 526
215 880
267 608
355 363
211 631
336 679
176 348
150 960
151 276
67 666
21 910
428 607
107 434
357 988
212 404
33 276
231 699
206 339
704 983
615 906
46 601
426 817
146 423
609 918
791 968
666 838
356 917
283 853
38 770
719 938
348 654
542 937
442 476
551 932
99 427
118 855
389 765
319 931
731 997
561 820
629 712
985 991
303 759
274 545
51 501
500 901
588 863
34 744
493 890
408 612
149 165
70 599
587 970
410 835
165 878
382 567
542 901
240 750
306 524
27 618
465 536
444 796
308 835
220 367
117 128
726 756
86 514
258 417
597 851
376 681
581 591
5 832
252 313
268 962
61 768
148 792
236 414
829 966
705 999
624 703
119 407
329 982
325 498
579 648
259 296
602 757
12 634
159 471
41 577
23 579
439 939
646 764
569 833
703 969
58 895
287 323
105 326
135 372
408 673
469 488
488 606
392 582
261 273
121 723
232 626
848 942
766 868
478 740
798 877
884 953
712 715
494 928
77 629
406 631
152 801
652 771
177 844
700 872
104 527
156 483
682 775
270 753
144 460
137 940
284 655
580 692
491 816
737 812
378 486
17 983
115 797
330 535
347 499
804 915
25 553
238 502
75 460
409 941
162 862
215 250
245 785
611 800
414 520
657 888
672 990
819 873
231 607
265 975
157 729
75 420
13 403
561 627
534 624
569 660
152 301
238 832
441 944
195 776
23 39
900 928
768 947
370 578
246 701
323 625
651 747
22 625
190 979
413 737
745 826
295 493
532 702
441 799
11 515
872 993
193 610
258 512
163 310
635 988
16 663
421 644
163 473
79 199
180 298
123 758
89 505
236 721
513 559
86 898
19 260
21 106
511 824
305 449
50 203
132 987
253 401
683 771
111 724
418 734
277 722
204 472
272 315
0 998
111 613
543 950
221 584
103 800
489 707
674 920
669 858
108 290
81 146
90 592
487 899
409 690
362 389
121 350
244 535
38 846
1 784
686 706
640 994
124 638
47 595
279 937
544 806
544 588
381 688
522 773
464 689
26 765
403 894
419 814
815 900
168 735
364 699
251 651
390 866
491 740
287 322
139 722
396 813
280 612
149 285
98 375
136 431
484 892
485 788
125 373
422 554
235 266
200 202
199 223
253 519
687 887
122 730
102 116
202 247
511 549
41 748
352 566
349 517
58 160
383 954
472 836
751 914
577 754
191 727
220 563
571 781
865 952
4 161
36 766
671 936
563 770
9 734
702 946
227 466
327 331
539 953
145 175
88 683
600 623
346 494
684 981
175 662
171 833
87 155
265 843
594 998
820 842
188 951
397 859
283 548
82 427
133 713
678 796
727 814
468 851
167 305
623 821
378 597
301 463
101 611
281 322
267 883
183 584
636 726
344 881
311 660
261 458
805 860
180 609
744 878
576 976
154 789
608 710
