0
1000
442 478
510 923
575 996
629 816
15 497
101 125
421 820
291 801
155 662
332 679
164 639
404 444
764 785
229 287
189 975
143 473
305 800
296 707
54 509
355 852
190 224
178 497
810 811
385 932
106 723
460 824
905 943
196 397
21 327
42 733
95 817
586 762
360 619
859 983
378 961
780 782
56 826
252 760
393 889
344 709
75 473
30 628
16 186
751 951
354 505
314 414
44 148
100 625
35 372
350 984
25 316
325 555
419 430
219 937
349 647
916 975
332 911
57 967
94 963
139 141
58 87
124 900
560 921
574 820
309 715
495 500
761 797
410 962
170 712
289 636
2 970
223 635
24 32
398 657
679 830
426 885
353 425
133 812
434 947
338 945
566 853
95 588
252 560
734 988
26 590
246 632
106 633
114 285
620 842
573 650
176 523
158 299
81 194
126 391
324 718
670 875
55 406
7 227
129 909
506 710
423 712
17 952
44 340
550 583
451 534
605 654
602 749
212 927
739 827
199 442
355 755
474 917
22 230
147 576
38 413
290 627
519 652
137 246
558 567
310 468
276 659
91 854
315 661
94 593
788 995
84 791
185 851
238 426
404 884
489 622
256 897
582 769
342 772
551 600
56 878
550 769
388 808
343 597
13 979
75 885
37 143
244 854
209 341
738 914
121 305
515 818
453 770
232 374
62 313
110 458
939 969
263 493
488 985
492 629
199 403
221 612
170 282
375 396
85 778
464 725
634 931
10 757
676 691
405 972
68 516
286 660
636 876
119 561
27 309
412 607
469 554
829 839
156 789
541 559
136 731
467 973
76 928
354 842
36 336
84 718
492 545
822 936
4 38
261 640
295 335
604 913
216 823
12 390
433 549
379 722
15 903
619 668
47 833
58 530
153 888
437 694
157 388
194 692
268 751
98 520
429 485
796 807
506 852
728 886
372 886
568 907
468 484
24 922
420 946
261 756
571 833
395 563
443 445
527 694
54 161
210 745
603 677
347 606
901 950
377 761
425 476
61 711
311 887
242 571
409 946
894 904
767 994
79 649
658 794
168 409
219 704
623 823
626 817
97 149
108 118
22 450
33 256
208 475
464 764
110 564
462 486
258 364
690 935
86 917
167 936
131 267
612 893
586 980
3 115
871 938
160 182
166 857
104 431
533 825
373 436
402 904
101 911
275 678
424 720
10 832
168 218
376 592
337 685
269 587
323 352
656 693
45 377
152 526
172 280
448 533
441 779
184 543
89 109
132 645
51 600
460 664
57 234
255 330
159 912
518 844
493 632
806 809
177 240
183 471
46 841
457 596
240 519
758 906
253 720
35 845
666 952
253 960
682 811
635 814
36 259
317 472
835 877
234 725
446 893
124 454
759 883
660 825
131 880
668 790
14 940
102 971
595 819
775 942
62 461
737 827
815 878
28 686
368 552
191 539
295 365
40 289
501 780
6 988
524 736
731 861
381 855
87 877
407 465
326 505
470 943
105 674
511 528
297 618
287 576
116 230
45 118
565 984
39 411
356 740
218 303
796 925
92 132
5 976
361 759
111 899
228 470
366 546
700 968
408 547
193 333
82 778
585 957
974 997
278 531
466 806
734 756
329 446
91 701
157 368
297 858
50 928
513 858
389 455
689 832
570 589
8 527
331 599
129 429
237 710
587 786
322 794
540 930
41 699
272 963
156 343
483 491
126 278
59 273
750 925
405 502
224 768
11 836
389 874
487 534
49 673
267 362
189 279
198 575
430 775
624 702
359 369
197 578
578 986
97 950
702 758
18 883
77 402
176 556
494 522
367 650
142 165
585 953
116 665
46 812
307 815
271 391
433 981
162 921
382 422
613 995
113 613
31 200
197 834
159 958
49 367
581 722
703 865
583 699
293 294
457 733
529 879
128 532
521 724
334 456
357 594
452 681
472 618
149 187
144 381
317 604
80 394
573 808
637 962
458 657
20 292
349 748
306 523
648 705
192 440
140 873
729 980
207 713
265 684
427 440
484 968
475 630
342 711
767 779
299 669
375 689
608 919
127 860
537 744
514 595
72 418
503 838
420 486
641 682
747 849
490 977
852 971
100 127
621 754
301 955
64 476
787 935
264 369
434 439
187 896
799 902
535 831
172 538
220 867
148 298
173 987
214 536
304 726
547 633
413 996
339 805
541 686
70 504
308 757
191 202
96 923
104 865
848 906
474 605
850 857
163 771
507 644
435 469
453 598
122 642
311 599
226 435
88 584
93 903
180 616
164 706
171 529
328 860
89 277
445 543
499 675
477 813
481 663
303 530
671 909
175 672
60 776
125 889
500 642
264 719
449 652
745 930
302 341
318 447
196 358
150 821
48 669
324 850
203 462
92 461
279 713
43 566
567 876
2 542
401 863
292 340
28 746
411 643
23 65
26 255
315 905
667 969
245 274
333 938
1 358
518 803
494 608
531 644
463 753
507 864
471 979
512 941
206 482
498 655
302 851
480 721
362 992
9 653
307 927
290 556
653 918
574 846
280 394
283 437
428 665
136 552
59 882
13 270
53 361
656 895
610 872
163 670
879 887
216 397
71 284
12 690
392 491
223 739
705 919
150 316
380 631
275 283
31 312
111 466
830 910
536 777
99 809
241 532
213 582
272 762
866 931
96 244
88 750
206 837
957 985
400 481
852 990
8 647
50 716
765 892
121 251
266 941
114 942
200 849
102 249
178 579
211 320
366 790
152 915
6 675
73 948
205 593
399 929
210 715
107 353
558 783
680 706
20 338
555 614
85 511
33 651
217 245
380 709
288 680
146 186
123 822
86 137
169 736
18 525
247 617
177 179
443 655
133 522
856 915
77 415
671 848
498 557
609 755
40 190
235 802
175 365
273 416
158 792
382 645
154 640
526 828
301 592
419 700
395 853
215 314
588 981
572 852
327 637
139 479
243 504
562 630
262 786
61 735
119 692
236 360
120 916
120 408
784 828
678 824
572 863
960 991
948 997
144 490
336 502
32 376
68 787
67 964
0 974
399 727
648 742
71 698
254 455
730 961
174 884
257 345
892 932
277 459
610 782
351 788
417 698
370 797
352 379
233 602
325 791
615 744
83 207
449 516
373 639
266 949
752 920
392 913
167 843
215 271
403 896
622 847
548 836
5 870
432 708
487 798
540 546
611 867
243 785
496 687
34 902
321 463
708 989
14 520
577 973
584 805
416 793
784 882
752 869
553 977
281 406
135 296
208 561
792 875
134 683
871 958
107 151
248 537
64 912
82 548
225 627
350 589
387 677
666 898
52 719
78 345
485 814
205 949
609 978
414 621
171 695
514 966
334 841
69 356
250 978
480 914
880 999
770 959
772 773
203 691
198 964
591 693
331 444
300 510
155 239
180 524
250 697
42 51
220 538
76 947
93 845
226 862
123 616
181 251
777 986
551 617
174 479
112 874
688 895
740 959
438 688
9 590
285 319
254 628
284 364
231 467
856 982
222 282
262 840
438 864
29 268
328 623
201 716
169 654
286 503
521 672
401 834
259 697
161 330
384 696
542 894
288 535
423 994
257 544
182 545
508 966
60 606
714 873
614 945
39 549
115 862
322 899
73 580
418 829
81 308
19 831
337 800
993 998
141 799
568 580
374 781
662 999
684 804
142 801
103 109
326 371
601 891
67 233
643 681
122 209
339 495
37 732
410 965
27 99
249 625
564 804
138 239
276 956
447 901
335 793
65 569
517 839
821 918
140 260
596 737
421 908
151 265
378 450
489 900
763 898
23 659
291 753
185 431
183 707
195 321
363 810
195 683
563 908
63 746
465 816
774 926
393 956
351 601
160 201
134 554
3 704
74 933
214 359
74 293
517 685
344 371
726 727
105 130
188 513
412 730
108 565
721 838
90 146
509 991
166 318
400 724
145 732
717 993
451 667
221 478
553 972
248 294
229 237
661 673
448 765
646 868
52 258
16 436
270 603
117 795
55 798
117 929
4 910
112 557
488 663
103 742
407 924
428 843
579 631
738 855
138 281
204 982
766 870
483 649
482 594
145 976
192 989
41 310
90 998
113 934
217 383
306 783
714 920
211 383
615 743
452 813
181 247
427 577
298 357
559 570
260 508
43 232
304 954
741 760
238 954
47 274
98 385
202 346
477 591
422 944
313 743
154 695
153 922
363 940
515 890
881 965
312 992
525 807
597 701
501 624
78 611
347 837
607 741
7 840
323 638
763 888
70 771
242 456
179 933
620 937
21 826
300 735
717 868
386 953
66 213
676 881
432 658
641 781
417 766
415 861
723 747
63 983
626 774
66 439
773 844
80 130
19 970
147 386
72 424
847 926
0 499
748 818
703 819
188 664
869 987
162 955
1 581
269 459
348 496
83 346
204 227
193 441
754 951
562 944
69 729
728 907
320 776
390 803
569 990
11 934
25 184
539 866
53 222
891 897
17 228
30 329
544 846
454 802
29 651
79 939
768 872
348 398
128 749
231 241
638 924
384 387
135 634
598 835
173 212
235 646
165 528
225 859
512 789
34 687
396 674
48 263
370 890
