0
1000
25 720
629 704
320 526
342 976
738 930
509 694
668 785
85 974
230 406
0 60
365 412
98 943
467 632
188 748
82 294
470 585
480 674
407 507
13 534
222 631
379 722
398 983
118 903
484 678
785 979
779 850
346 460
461 665
170 363
277 949
263 713
389 587
599 855
752 985
624 959
256 723
934 969
137 609
344 988
445 559
38 507
140 834
172 689
92 498
126 836
464 779
501 729
101 190
520 815
682 697
111 395
274 496
111 418
532 788
398 744
362 625
366 979
358 921
236 554
169 626
353 591
264 281
548 551
898 998
289 985
57 931
123 794
529 787
712 796
273 733
22 439
47 315
589 813
571 811
33 507
108 925
19 842
124 699
484 580
157 831
299 650
170 239
30 129
672 978
109 197
31 966
512 867
905 977
144 603
267 953
447 516
40 708
182 466
535 759
564 683
189 806
399 870
9 647
546 856
214 800
619 659
266 517
448 962
440 450
244 507
487 537
191 690
128 556
235 456
81 384
789 901
638 862
311 444
1 866
192 885
201 591
387 419
797 894
114 921
259 915
596 777
1 774
47 165
408 741
438 698
392 906
44 485
196 400
265 414
21 565
394 830
469 520
600 770
48 313
799 999
276 720
662 819
636 978
311 761
676 889
350 515
56 686
729 865
302 880
74 592
301 383
127 210
502 802
285 562
653 938
56 857
266 392
30 765
477 972
730 918
833 865
809 935
112 775
396 455
650 770
15 71
4 354
438 839
312 362
199 304
230 443
132 987
405 506
366 707
351 881
3 441
286 317
637 850
26 141
282 361
507 724
536 922
229 775
401 749
606 844
63 151
409 544
345 545
198 563
331 863
330 459
24 363
82 616
116 512
397 904
180 731
38 445
523 950
688 757
200 641
59 344
208 416
287 314
162 168
558 705
97 375
35 853
760 988
891 947
303 475
624 761
402 972
337 451
654 932
430 677
763 863
774 861
17 756
76 409
303 574
829 871
340 349
213 557
302 321
380 424
275 801
125 404
148 372
310 766
439 507
68 566
569 657
319 714
318 889
212 739
155 773
486 895
503 897
892 956
326 388
308 826
325 980
137 486
244 360
258 873
62 805
681 813
147 523
232 837
273 373
28 327
164 942
430 541
48 189
92 555
177 856
378 608
544 914
784 849
91 943
377 540
95 916
572 652
159 607
466 468
108 819
479 965
379 517
595 814
112 851
120 667
434 824
731 925
390 594
703 911
186 515
105 763
119 298
283 809
634 675
180 967
155 684
288 858
288 625
825 964
456 463
343 955
400 526
76 561
23 69
356 548
384 453
151 585
50 840
149 483
657 735
51 136
110 560
633 834
617 798
160 368
884 939
601 632
507 755
666 738
18 583
316 758
711 873
53 872
157 923
80 449
376 963
142 519
11 87
3 614
184 435
54 504
481 905
318 473
715 732
8 684
84 618
600 706
313 683
651 912
37 570
169 365
7 798
855 986
644 651
495 704
163 298
393 887
86 756
368 871
96 640
307 556
44 817
113 391
97 325
475 928
306 885
462 469
204 636
500 713
58 397
158 688
166 951
150 514
235 932
183 629
156 348
364 552
179 721
83 712
305 567
84 532
278 336
260 663
238 488
333 667
675 771
639 795
415 584
87 468
234 293
29 737
316 898
11 637
206 265
209 341
423 966
620 981
161 635
540 853
563 685
417 745
736 743
346 589
331 882
735 812
507 656
124 992
263 436
163 866
389 867
883 908
120 670
415 452
507 839
426 615
20 27
449 692
341 814
255 277
297 615
190 707
102 672
329 768
207 479
831 930
42 659
648 894
31 295
237 608
71 192
312 880
776 937
842 876
197 750
290 828
387 977
217 494
352 828
41 690
562 835
275 412
437 528
12 530
373 499
199 292
370 658
840 973
181 908
118 154
656 754
16 133
10 547
630 783
14 781
36 249
85 436
660 875
143 808
309 542
286 778
677 955
470 682
39 104
627 995
846 852
361 427
60 285
115 429
272 513
382 497
254 347
693 941
321 727
504 961
62 947
34 407
538 586
147 557
829 942
49 539
270 542
75 949
628 830
4 301
352 719
150 485
140 518
67 841
576 673
20 457
533 561
182 525
507 696
478 634
42 862
571 790
635 680
216 508
965 993
90 699
332 695
70 619
209 222
103 158
492 645
73 844
252 611
41 490
152 270
185 227
579 936
788 802
243 888
582 716
160 911
143 994
138 375
434 981
495 994
564 961
823 890
565 984
34 413
284 530
130 274
685 698
280 289
546 902
202 753
221 569
148 429
167 419
381 748
58 106
622 744
380 416
462 511
72 132
17 432
51 931
103 390
661 893
478 838
95 724
25 229
237 689
179 841
154 453
287 810
339 859
307 803
75 503
360 576
238 300
241 821
621 970
500 646
61 609
126 514
99 847
917 950
9 394
335 697
452 923
824 859
605 793
654 851
705 896
721 990
291 913
428 518
322 710
642 811
65 467
262 370
39 872
29 541
617 739
539 612
476 954
271 709
14 245
177 606
43 638
65 740
402 928
421 996
101 693
260 573
778 899
554 795
74 294
425 507
356 805
153 482
218 507
296 666
80 736
359 505
875 938
0 574
349 498
915 951
173 324
355 832
271 395
864 959
359 843
900 975
8 49
257 433
254 883
231 602
306 472
376 791
754 794
66 740
193 226
404 417
106 476
845 869
173 669
220 822
191 927
205 803
572 891
489 742
247 582
799 876
207 717
23 446
447 982
83 290
125 869
776 877
61 879
714 773
910 962
145 692
327 471
37 968
210 612
342 732
427 658
299 940
45 219
215 762
32 559
36 473
663 687
377 975
146 701
183 334
347 567
172 948
45 918
195 383
220 766
339 696
410 502
281 924
100 142
647 933
374 827
594 816
680 837
422 793
296 968
444 533
68 920
335 835
441 726
752 998
315 646
214 358
69 131
184 499
104 194
655 937
604 618
553 892
59 509
259 783
231 491
310 767
577 593
212 371
269 927
519 929
581 815
545 598
269 902
715 755
255 879
167 226
295 700
93 218
912 924
247 681
156 385
718 818
233 248
343 960
88 494
592 628
175 854
121 668
450 601
451 578
55 185
616 852
367 459
13 993
135 868
250 781
116 780
96 225
223 939
745 861
531 888
166 886
787 945
584 786
261 907
355 906
308 405
223 521
33 99
91 314
446 660
153 653
702 916
604 857
506 590
597 664
133 351
93 280
282 340
178 806
328 711
109 178
737 878
777 782
418 719
100 510
233 552
128 764
386 926
145 599
159 678
162 204
174 836
353 457
607 610
792 870
676 784
176 507
492 631
590 952
333 623
105 323
144 537
431 543
645 922
543 579
201 472
242 431
267 971
521 703
243 818
98 420
19 175
90 371
780 846
448 746
232 534
570 909
194 234
10 219
174 665
549 920
493 992
250 769
195 702
516 578
323 338
253 884
139 914
716 838
305 726
15 117
297 917
7 21
568 639
550 662
386 936
348 718
262 566
751 944
242 627
89 807
369 746
268 782
728 997
22 568
63 874
385 443
437 596
324 820
253 279
73 641
507 797
507 997
455 633
129 239
332 477
257 440
272 329
758 822
86 854
6 605
493 760
300 322
586 749
164 202
643 686
121 524
848 958
399 620
337 471
804 900
406 642
652 772
832 913
139 849
671 825
734 948
35 264
251 391
613 812
734 941
94 203
507 987
114 480
919 946
268 489
320 575
134 193
16 279
403 730
367 708
217 691
421 524
205 413
119 432
935 996
168 252
382 527
580 804
131 176
328 597
249 764
454 687
50 240
115 401
64 757
228 422
338 442
621 974
261 991
789 790
558 588
733 907
26 293
330 945
32 940
136 983
70 350
463 630
424 971
198 529
283 946
152 411
215 664
12 474
560 725
772 956
602 622
123 989
326 369
291 461
24 425
555 896
393 709
141 378
725 969
46 796
644 899
187 958
79 547
583 926
224 670
603 897
88 999
428 765
89 817
751 878
122 909
527 919
414 944
510 823
575 673
372 723
396 769
2 196
528 991
256 490
117 248
251 964
130 357
423 464
52 890
550 743
319 525
276 722
507 710
28 700
81 895
40 149
816 847
728 742
465 874
505 953
807 963
208 952
46 771
694 701
27 881
507 934
531 976
211 433
593 762
454 598
171 581
381 551
225 577
258 706
246 458
66 747
138 679
573 768
278 741
649 910
507 820
511 858
481 808
357 810
186 791
211 410
107 587
821 833
6 292
43 345
420 877
674 747
206 717
364 458
228 929
522 792
67 79
750 957
669 967
507 643
102 236
5 508
491 973
146 989
134 845
408 886
613 801
317 483
245 786
72 497
336 671
535 655
864 995
901 990
107 957
354 904
640 759
411 903
240 246
538 984
388 893
94 800
110 887
513 661
171 553
536 610
18 187
374 649
52 181
241 843
284 611
227 827
2 753
221 435
54 868
77 588
200 623
188 860
496 695
213 826
334 614
442 474
135 882
122 970
78 487
304 501
309 954
403 426
55 460
216 727
161 980
53 679
127 848
77 482
113 860
