0
1000
18 311
238 469
168 208
161 965
878 960
0 712
495 802
345 976
739 885
239 388
335 825
135 525
406 748
671 769
37 755
449 927
119 197
26 219
138 478
91 363
454 958
93 701
112 641
220 896
47 497
427 727
241 532
346 431
29 89
6 55
380 715
108 819
616 987
105 720
232 869
148 701
133 833
192 403
105 424
0 227
46 459
244 828
667 674
273 805
480 645
135 566
149 982
199 937
531 593
51 765
314 787
38 779
505 574
22 507
197 307
52 971
147 617
148 214
35 233
461 676
646 650
361 962
777 920
414 858
559 766
99 714
690 772
367 769
399 754
262 544
438 768
208 421
317 776
206 867
250 827
407 696
474 699
189 470
106 506
615 640
771 798
268 520
159 166
151 251
557 618
334 793
433 726
681 973
569 764
152 523
72 682
590 995
246 921
816 954
163 325
205 293
722 886
695 847
20 980
256 330
364 514
327 713
149 348
202 290
74 203
534 811
223 736
19 57
57 626
308 334
49 237
112 943
321 923
716 764
873 952
703 744
140 329
27 914
31 450
902 968
10 98
882 883
389 838
515 735
214 818
448 734
864 953
115 267
570 673
60 258
75 320
594 810
713 850
488 777
347 817
4 516
901 907
623 632
213 228
675 778
541 990
290 692
487 659
95 444
394 868
335 884
418 648
282 598
265 945
157 581
522 919
560 875
91 911
527 939
456 611
367 585
85 382
16 90
30 900
166 960
923 935
486 958
691 936
285 949
173 191
70 795
276 319
483 811
231 789
36 637
402 596
967 968
503 725
232 857
222 280
787 938
43 908
59 359
550 763
75 711
375 660
129 607
431 848
468 653
624 987
201 495
249 323
607 783
602 882
193 931
643 844
274 854
861 970
448 700
779 984
178 286
260 783
930 961
351 732
516 871
421 947
313 353
87 347
569 871
424 530
447 785
1 240
339 397
221 836
145 171
257 359
737 759
169 259
454 874
797 909
343 553
80 276
240 662
38 718
174 913
190 565
505 820
137 180
899 950
95 998
688 919
283 391
183 188
676 829
213 754
517 539
238 956
118 422
337 479
98 843
36 41
284 797
58 888
477 520
232 562
232 631
408 876
270 851
275 950
121 435
24 804
485 870
309 365
357 995
272 985
56 966
69 559
493 750
746 823
468 839
102 306
352 697
609 859
371 886
302 312
71 672
122 621
34 551
233 939
369 589
496 748
482 554
479 880
497 788
340 893
201 416
74 620
12 458
122 989
200 360
381 427
385 526
501 948
884 915
87 536
383 852
874 957
232 732
266 999
31 68
219 682
243 821
162 232
603 918
65 263
827 872
73 591
306 906
282 295
752 776
186 264
572 710
566 867
417 528
346 668
134 925
13 653
254 861
232 931
365 853
171 661
449 833
107 398
106 577
110 880
27 817
406 731
97 441
8 232
114 996
168 975
142 234
622 799
217 892
92 941
160 636
432 824
212 749
81 111
597 742
156 384
249 657
694 961
232 436
910 937
455 832
184 693
217 904
77 661
47 519
291 654
162 978
206 846
684 916
496 694
499 944
310 737
232 526
586 804
356 637
413 687
331 588
53 332
517 655
460 855
586 917
228 428
579 633
150 740
288 763
831 889
211 584
123 294
297 674
376 883
224 533
251 574
332 474
7 232
222 329
200 780
56 146
464 826
264 654
683 839
253 647
411 978
412 441
127 717
338 426
39 49
202 564
160 295
504 800
475 518
141 529
182 724
685 955
28 728
271 300
33 58
37 790
464 932
48 52
806 988
751 791
621 680
490 887
959 982
127 472
677 786
583 595
410 573
668 993
170 813
156 396
543 774
502 815
576 580
659 825
581 889
150 425
244 969
801 933
183 938
708 741
130 232
382 437
278 929
100 469
195 243
232 597
807 856
652 711
371 404
847 905
518 780
573 773
384 712
73 717
152 899
216 484
247 452
196 598
455 563
531 895
41 838
344 800
438 568
386 390
246 356
460 723
14 440
63 89
82 801
515 602
267 532
6 14
182 794
165 980
409 934
538 690
28 591
34 361
324 662
724 988
33 313
80 375
419 639
132 511
913 977
235 915
457 972
465 525
706 750
857 897
450 921
439 786
114 231
50 333
232 876
304 483
32 436
232 953
123 545
207 977
328 549
12 673
211 794
275 405
189 285
2 32
395 956
104 170
484 658
204 604
35 524
695 842
350 660
62 629
627 837
434 730
153 193
62 83
187 225
94 555
107 352
327 499
196 557
218 894
379 462
589 834
390 774
101 326
571 916
664 994
372 456
102 578
437 700
392 753
563 903
1 803
351 503
59 619
381 877
248 699
639 766
68 250
266 678
466 928
608 910
63 307
7 488
224 727
92 209
941 967
44 622
324 638
308 652
636 691
255 395
292 638
731 896
82 429
529 600
844 928
542 808
350 946
94 362
13 535
21 765
587 635
116 692
605 834
257 947
86 795
593 903
229 411
626 707
501 865
55 948
513 627
198 453
303 744
689 741
500 619
268 299
223 986
256 720
835 981
296 649
279 778
64 169
3 679
315 933
325 739
510 560
232 650
376 533
225 614
815 999
485 609
704 887
446 498
187 544
161 429
453 561
398 890
388 733
387 792
475 632
20 190
45 667
232 354
130 855
370 686
452 842
446 972
510 814
259 963
5 728
242 318
486 878
141 725
642 851
177 879
467 585
232 932
66 133
26 140
232 339
124 631
681 772
408 535
126 840
237 686
277 852
858 870
245 624
69 537
471 912
791 881
644 924
684 911
663 696
274 357
298 702
128 862
60 596
378 592
280 554
575 760
227 605
188 524
386 897
493 846
158 649
248 415
328 651
10 128
101 451
71 84
22 110
890 906
45 926
242 900
67 625
297 580
556 942
252 749
103 760
172 975
616 924
623 862
8 997
410 997
132 996
389 951
374 807
337 341
355 669
108 461
120 310
260 812
599 648
548 992
781 974
482 735
83 612
608 945
309 393
134 136
705 719
265 868
42 194
117 521
592 775
121 643
76 991
617 670
158 184
44 552
232 311
321 702
545 736
216 940
15 120
481 726
19 111
299 509
401 582
340 740
473 745
854 962
261 466
279 319
236 342
379 442
417 989
368 669
457 467
345 473
349 443
634 796
118 757
97 481
677 745
104 220
232 762
179 463
50 341
642 742
698 848
434 756
601 646
167 925
537 641
693 759
738 955
78 873
96 338
157 730
492 994
822 879
698 782
261 430
232 914
173 610
355 798
164 403
420 620
199 397
146 849
245 606
294 907
806 828
615 715
611 680
865 934
145 912
556 863
40 470
366 835
304 672
232 541
413 719
232 318
588 841
272 894
471 721
767 813
232 550
235 373
207 860
25 415
21 180
16 992
61 232
509 633
204 998
129 888
358 949
577 746
558 604
176 263
218 504
4 210
143 582
548 601
494 625
790 821
278 281
407 567
671 812
9 964
508 519
23 42
409 819
344 784
230 850
322 547
405 836
587 929
298 767
670 758
489 530
116 416
463 707
494 986
48 191
368 536
527 551
301 315
167 255
270 979
301 558
761 820
43 964
540 610
805 922
387 976
234 336
305 963
546 562
614 751
39 333
15 18
61 126
402 578
2 378
287 651
212 394
124 634
178 210
380 881
9 289
195 630
88 147
144 853
17 155
139 944
86 803
802 984
177 353
666 789
362 603
399 433
349 547
40 85
513 885
79 902
678 905
743 845
100 771
115 703
443 922
445 709
253 860
53 755
656 841
142 809
316 974
697 957
768 773
412 714
447 706
657 869
109 289
630 875
404 930
570 645
830 891
175 729
514 685
576 901
423 951
487 512
84 131
221 687
291 990
30 420
414 491
29 521
718 864
635 954
254 918
303 675
125 689
76 174
644 743
236 849
11 491
99 762
185 492
330 936
164 358
561 583
788 856
198 476
549 893
232 571
79 829
401 908
153 425
288 465
155 859
824 959
226 262
230 814
5 342
70 606
543 892
151 629
239 444
302 688
54 891
139 546
247 430
143 439
540 991
131 663
269 983
25 973
721 747
113 775
511 758
722 733
590 704
528 831
716 985
343 952
584 904
459 843
226 442
418 422
125 553
435 809
523 969
11 613
205 372
136 830
658 738
17 538
489 826
512 784
138 432
612 665
273 943
539 935
185 782
377 472
374 428
391 508
229 502
209 451
172 756
655 920
296 440
305 781
144 194
293 534
175 640
600 866
647 877
478 866
400 628
215 281
215 679
579 895
898 927
67 366
51 369
241 383
708 823
78 354
808 966
331 940
154 799
46 232
286 628
822 979
322 705
232 572
24 816
81 314
385 926
54 400
837 970
96 993
271 840
317 377
734 965
312 599
565 568
72 163
683 810
3 575
363 983
336 666
477 729
370 792
490 917
137 872
88 863
426 613
364 761
419 476
192 770
154 818
458 909
507 942
232 284
360 567
77 665
119 522
165 747
269 445
316 753
542 971
176 498
832 898
203 277
320 348
181 793
93 396
179 796
66 785
373 392
552 709
159 656
564 757
664 752
23 506
181 845
