0
1000
2 308
607 622
672 681
17 73
290 873
67 710
105 924
511 550
478 713
341 419
199 383
149 304
412 414
454 591
65 639
417 524
513 621
432 478
553 892
95 828
323 826
345 365
230 660
170 527
367 840
139 906
294 598
371 977
256 561
916 948
393 456
406 722
548 668
803 809
860 919
478 648
587 620
424 942
226 684
370 387
460 912
43 375
173 505
218 785
358 878
381 652
488 654
26 399
388 641
18 699
21 778
363 980
449 958
209 926
210 788
643 728
121 350
332 884
444 642
217 555
135 497
244 306
285 961
56 861
635 981
0 737
94 859
32 486
385 610
78 352
516 781
201 971
450 563
91 233
597 931
743 817
430 693
908 923
84 478
313 528
549 696
393 492
205 309
629 640
363 441
698 786
451 639
1 791
116 776
256 772
929 944
572 655
422 573
689 845
412 714
262 557
688 820
52 478
419 592
115 134
35 919
142 466
68 319
602 926
717 891
257 662
82 224
613 842
183 796
187 374
28 260
465 554
769 817
360 744
179 278
173 287
644 847
109 954
185 397
72 141
22 228
85 707
611 703
390 489
79 756
16 816
65 562
682 888
478 793
31 827
451 740
356 478
372 644
89 433
76 397
12 99
13 843
481 935
304 592
87 115
4 766
678 952
566 725
76 452
237 819
624 673
459 976
116 625
78 992
465 714
543 936
56 407
952 962
434 627
234 403
376 480
196 346
789 850
19 985
15 99
478 899
2 683
113 684
272 319
509 588
386 967
41 71
533 736
145 193
206 401
190 255
198 298
15 440
37 866
299 720
187 927
494 856
181 797
553 734
136 897
445 634
170 349
267 814
278 953
14 646
46 346
445 581
603 787
715 799
69 767
310 662
161 903
87 974
538 911
446 586
455 469
263 334
599 904
254 985
128 158
426 879
129 402
58 934
745 834
950 955
21 872
120 583
243 300
43 110
326 495
389 571
58 748
434 801
215 431
195 860
104 572
160 823
344 933
601 712
254 545
730 929
627 750
437 659
92 764
147 340
478 617
436 980
320 837
494 701
609 834
7 448
32 792
439 762
370 889
791 930
240 383
655 690
51 691
411 520
0 685
154 812
122 323
966 973
88 741
647 859
193 941
172 674
27 473
103 556
158 344
464 473
292 876
816 972
265 765
90 476
318 478
169 414
124 260
585 988
182 663
454 692
197 881
485 526
199 913
612 699
787 989
264 478
358 395
421 733
318 636
666 680
435 746
327 421
670 965
44 761
120 204
124 633
83 874
142 997
4 957
784 889
311 954
131 984
478 722
64 589
190 416
104 322
331 771
50 823
102 623
138 582
830 969
517 585
146 229
449 853
55 478
106 749
637 984
210 625
156 213
6 313
425 580
297 696
151 807
894 960
262 951
132 983
310 993
62 281
697 864
560 689
510 759
576 738
347 499
718 754
347 727
221 312
702 912
467 719
394 922
705 713
80 484
88 288
261 436
295 739
581 990
134 975
245 686
630 648
270 637
785 855
243 605
809 991
66 261
163 973
129 872
557 564
132 871
50 845
266 600
249 327
418 587
250 856
155 634
131 680
479 773
337 968
457 532
269 584
469 579
376 766
349 569
384 640
760 963
215 462
420 726
478 909
172 647
355 574
202 849
657 928
280 478
17 864
435 448
63 289
586 898
369 442
453 867
123 661
61 171
596 878
108 803
460 844
222 746
59 353
371 949
443 829
732 821
536 832
359 959
652 687
524 989
159 650
439 771
514 782
149 857
567 770
478 543
102 698
207 354
571 597
5 157
94 548
100 656
447 453
36 176
560 763
641 851
654 798
117 119
118 242
200 877
114 491
138 265
478 541
209 478
507 589
768 901
208 759
498 819
135 216
348 606
198 373
531 690
267 496
303 604
246 351
671 846
40 389
470 545
248 478
311 332
119 735
61 629
478 832
303 467
496 665
504 667
23 153
763 937
66 704
530 748
274 282
663 970
343 994
105 691
264 707
866 941
322 331
337 366
636 724
164 905
613 753
34 333
452 578
801 906
392 455
126 245
679 716
288 377
59 301
339 540
385 478
357 896
186 207
277 478
456 736
6 290
77 672
110 353
411 481
47 928
529 682
155 338
276 799
133 986
287 422
712 911
478 526
779 898
314 619
542 890
880 995
154 649
516 938
334 729
425 804
508 626
64 961
552 968
273 300
462 886
642 921
57 920
35 144
98 211
475 502
174 966
669 708
317 879
747 924
551 677
95 783
499 943
165 902
623 765
212 993
478 854
307 882
775 784
751 908
83 635
37 271
218 646
97 806
508 735
26 870
101 849
229 987
246 948
754 769
296 649
85 523
415 584
257 835
463 631
732 740
55 739
205 500
112 608
93 197
441 478
521 755
25 865
10 320
614 998
253 986
651 708
247 530
44 240
706 922
12 731
282 999
208 251
366 946
532 822
272 598
268 651
54 811
795 895
232 729
329 891
164 742
345 619
225 983
378 472
111 887
409 478
9 468
45 540
400 907
339 342
81 918
235 858
410 427
196 815
236 359
75 252
143 223
552 701
384 607
48 753
541 566
677 972
762 847
286 610
291 569
96 904
285 369
413 656
307 786
503 638
764 790
630 915
20 561
289 415
536 703
298 330
186 884
137 964
306 969
429 471
351 374
181 316
140 382
931 957
106 996
461 611
273 482
28 917
443 685
39 200
71 251
478 726
428 778
546 938
41 910
174 695
130 877
410 478
45 430
177 779
920 967
542 777
141 241
53 335
818 870
57 875
160 844
368 605
113 687
47 403
752 755
742 824
31 180
386 628
492 862
191 828
362 886
316 573
336 768
247 555
798 843
493 501
224 772
521 594
758 813
381 464
203 399
72 81
429 962
27 263
326 554
305 631
157 990
70 935
258 950
103 695
266 544
235 825
180 767
478 744
805 997
547 862
204 794
220 409
268 466
145 721
168 805
420 590
315 822
281 721
283 913
503 511
60 100
42 206
773 837
242 916
700 727
547 777
188 709
645 758
293 416
747 876
20 146
706 812
570 650
177 905
463 835
361 895
498 667
579 756
477 539
24 360
633 681
228 408
593 978
182 562
493 518
230 749
468 900
653 838
517 890
478 674
236 863
626 757
676 715
23 596
617 716
163 599
107 869
544 711
231 600
718 978
478 902
98 970
836 840
217 535
390 982
192 725
534 793
774 888
479 811
293 338
478 981
388 666
10 231
836 933
114 873
324 529
723 730
330 391
657 944
271 537
510 728
151 568
335 874
258 850
483 946
233 780
478 486
49 505
539 839
606 761
24 559
400 693
348 807
179 512
512 638
350 893
398 992
506 839
883 893
395 565
818 869
546 841
62 86
897 942
752 965
84 852
30 249
364 665
162 738
136 871
14 18
253 863
471 979
275 750
226 622
130 601
731 810
165 901
427 438
478 782
77 783
219 591
25 270
317 417
507 618
470 487
34 46
29 855
221 277
80 279
192 808
478 565
483 915
275 842
167 515
283 387
810 971
150 490
38 222
123 274
279 808
407 423
405 776
54 143
167 324
297 831
127 918
608 616
5 875
549 853
252 575
175 185
269 299
457 774
238 491
624 802
150 720
194 537
504 741
184 478
340 854
74 936
846 999
86 250
315 830
137 219
237 595
325 478
751 796
396 923
241 737
162 868
534 880
96 618
379 568
563 914
939 987
29 519
621 780
688 719
612 947
669 959
527 813
379 459
531 824
8 309
69 676
194 820
203 378
438 500
295 827
90 956
401 593
122 227
328 852
38 355
214 489
848 998
178 506
128 148
325 515
301 903
294 979
364 988
33 148
578 930
39 413
404 963
48 212
82 523
211 704
74 314
428 458
111 833
40 67
8 994
487 664
284 490
723 833
259 461
73 117
169 404
577 795
49 418
380 892
564 671
538 709
321 433
126 147
321 937
52 112
166 907
477 953
101 995
93 940
472 788
497 881
91 458
13 792
559 947
431 934
16 36
446 575
312 408
11 851
502 848
474 609
396 478
152 202
188 686
615 932
213 882
574 858
398 632
356 896
653 857
658 661
675 939
125 139
308 814
259 392
107 195
551 800
125 509
166 867
296 520
643 982
885 958
178 733
354 484
660 802
7 239
109 234
227 380
580 883
829 927
70 745
329 556
522 949
223 921
42 478
357 550
184 475
790 841
391 951
440 570
394 909
159 525
216 760
519 673
367 800
447 775
700 865
51 821
365 797
97 424
152 815
191 444
426 594
79 558
89 161
175 214
153 960
694 956
33 92
590 975
405 887
518 804
168 244
68 945
373 577
108 342
121 694
616 683
3 932
678 789
382 482
480 525
3 133
156 670
914 955
280 361
305 377
144 284
734 757
118 675
238 910
442 501
302 333
372 838
341 514
595 770
239 567
189 697
513 582
352 705
868 917
522 659
1 11
603 900
702 826
19 478
899 925
291 861
476 604
140 894
75 943
302 628
375 495
558 692
711 825
406 423
171 945
991 996
232 255
437 885
30 794
60 189
368 402
176 220
201 614
53 806
535 632
292 831
576 717
