0
1000
239 515
338 986
8 57
64 844
162 603
491 843
889 973
208 229
220 961
212 361
202 978
336 360
164 402
67 315
400 426
501 567
687 973
128 786
163 801
33 903
198 891
425 893
447 539
802 894
381 661
617 961
6 961
238 380
677 965
777 886
29 590
114 401
219 311
433 757
804 961
167 654
777 782
368 701
487 961
255 371
157 770
363 895
458 956
358 508
595 890
600 849
584 748
505 877
24 610
6 561
129 911
263 601
123 898
73 603
191 848
445 745
854 961
864 961
626 941
754 872
91 112
471 513
297 961
172 631
609 735
130 336
132 999
829 994
456 640
647 651
455 589
10 989
735 822
500 779
829 852
387 737
370 508
324 436
729 940
780 857
361 800
132 744
340 816
318 537
291 907
151 359
576 909
76 480
233 384
431 802
781 961
2 413
882 961
31 645
542 775
156 948
146 635
367 744
637 958
110 619
210 317
441 687
152 961
236 923
91 667
615 961
129 315
288 581
7 969
502 650
281 482
961 975
105 578
817 961
206 533
343 837
461 880
135 522
604 971
719 975
4 743
30 769
792 847
207 750
176 310
617 835
205 704
222 842
184 371
579 790
246 929
937 961
149 663
75 906
514 808
545 924
159 377
711 874
363 416
185 927
160 391
386 747
324 506
393 858
534 656
160 415
192 749
396 573
150 454
209 519
402 673
472 674
121 984
540 776
618 881
291 997
16 961
22 49
399 960
104 796
101 846
93 782
497 567
414 422
709 757
121 171
810 951
153 892
593 821
14 314
846 883
36 237
398 961
875 930
521 664
528 702
181 922
169 611
636 733
179 354
344 770
328 599
76 858
479 803
260 928
3 804
83 760
168 565
840 892
178 592
208 748
451 511
194 691
287 961
88 870
413 572
225 355
356 913
551 704
70 144
293 446
644 724
669 756
25 62
272 502
117 470
7 462
626 742
417 935
456 961
308 972
309 994
60 305
379 699
73 253
13 30
451 548
114 546
597 951
391 532
379 768
474 800
141 550
258 983
952 954
27 961
54 961
793 816
48 298
547 789
790 961
265 974
241 950
279 988
43 731
449 918
365 487
714 765
321 540
119 614
463 741
1 998
71 961
403 445
590 961
549 916
256 525
211 805
173 815
351 372
242 328
283 503
206 986
351 475
390 495
228 696
15 891
187 861
262 303
278 571
851 961
549 734
697 976
19 672
438 666
423 428
214 483
204 968
216 961
79 884
42 967
117 692
148 430
304 505
354 372
139 595
46 689
81 335
562 862
346 888
313 675
222 904
166 629
401 929
98 438
225 568
61 632
467 992
761 902
144 593
210 722
49 859
651 662
231 496
284 813
186 778
193 526
68 897
32 504
262 647
211 850
204 666
362 953
220 853
190 441
20 44
740 817
597 723
473 866
227 422
261 533
1 583
264 665
196 620
40 535
142 527
345 375
23 292
28 272
67 325
269 811
644 961
221 649
302 931
774 824
203 698
356 797
358 865
412 964
79 947
102 501
223 668
376 848
82 828
112 947
646 657
169 633
775 836
552 573
681 977
145 431
300 742
469 541
961 977
739 926
444 699
575 945
226 509
885 903
252 598
31 364
606 959
418 961
599 834
608 631
332 385
219 827
21 270
620 769
440 961
0 872
216 999
296 933
146 477
33 341
113 867
334 998
917 961
430 700
4 345
46 674
32 201
612 961
384 386
154 734
796 825
181 987
131 751
826 961
517 961
486 787
736 861
109 660
236 683
342 527
151 234
596 972
625 961
520 701
12 449
82 628
484 656
521 961
544 852
245 574
40 52
55 948
692 905
28 299
569 621
326 938
728 877
771 961
803 961
320 424
212 780
63 761
335 758
90 404
99 170
671 815
195 961
299 961
38 528
380 763
45 214
507 955
343 905
72 961
198 678
680 727
615 847
281 510
92 876
313 670
408 890
95 133
357 411
277 293
50 310
24 915
561 942
751 946
89 830
753 841
105 738
323 949
437 943
474 924
42 570
606 607
147 961
65 578
90 961
426 813
123 912
439 961
491 809
498 669
705 809
285 581
165 774
577 845
172 331
327 961
654 855
708 923
453 522
78 876
275 596
629 886
726 987
78 602
276 676
369 900
658 896
486 535
937 982
455 638
773 835
604 949
300 446
159 694
92 991
414 916
139 961
340 694
186 429
62 773
374 716
685 856
605 961
562 628
556 722
423 484
736 906
398 991
425 613
556 939
437 767
932 996
251 910
702 765
175 245
116 247
489 853
235 710
167 530
96 791
394 536
509 961
227 493
720 921
684 936
137 839
246 366
476 523
421 499
104 348
34 420
478 901
255 721
745 980
805 884
164 583
251 275
602 627
440 553
68 812
703 830
97 642
397 961
83 165
353 655
168 818
252 779
81 860
622 749
566 833
284 344
737 739
5 492
307 880
282 961
100 447
194 611
330 930
851 897
17 856
224 887
295 961
125 965
635 974
201 795
496 795
636 978
436 531
244 550
36 331
102 613
86 94
624 625
264 407
500 643
120 934
738 961
333 563
248 754
755 908
537 594
161 825
304 831
415 691
197 683
382 961
35 961
35 128
285 941
232 961
717 904
183 544
140 713
259 840
55 289
265 958
25 799
47 685
789 913
5 588
350 409
498 989
622 710
150 565
709 843
26 586
563 961
189 640
230 289
799 889
203 979
355 807
435 899
294 434
218 243
2 466
190 992
898 925
394 828
548 833
577 855
41 707
58 320
278 788
443 463
630 797
834 961
571 655
274 961
18 908
26 740
621 812
555 911
215 870
318 961
686 955
185 403
200 961
302 791
442 479
541 716
75 234
111 317
118 598
439 443
271 312
175 405
243 940
338 868
61 127
259 703
465 627
432 482
956 961
263 961
465 516
217 936
66 658
166 724
480 693
12 551
254 961
253 707
750 961
389 792
155 610
374 814
152 670
223 390
51 224
435 634
706 888
458 523
85 283
174 727
267 878
15 87
768 914
772 961
17 554
732 747
741 921
961 990
39 257
365 971
520 771
395 821
266 392
16 19
301 961
494 785
759 961
118 182
517 536
106 134
113 481
494 784
100 383
230 985
837 961
142 961
37 961
591 875
434 838
612 954
74 957
178 564
215 787
539 867
74 910
202 961
69 793
96 961
191 316
695 907
47 127
512 682
99 961
233 359
746 970
122 928
756 980
80 177
240 518
760 788
111 864
173 819
559 983
58 529
526 772
143 557
337 677
0 662
369 638
54 432
107 513
806 961
249 624
452 490
649 981
454 555
675 997
406 559
514 686
180 868
288 926
110 136
457 762
362 885
43 518
256 337
247 758
60 652
126 831
588 726
134 995
56 84
38 711
464 568
287 481
179 466
554 798
182 712
605 873
39 645
248 472
242 938
616 714
368 966
569 946
632 981
268 808
44 882
71 689
395 755
122 582
107 138
199 450
671 862
158 319
580 752
729 871
381 639
183 311
103 399
428 967
130 693
743 874
103 495
309 859
411 961
148 352
156 961
427 705
995 996
101 334
524 993
322 516
614 641
587 920
297 560
421 766
360 814
292 933
80 274
10 665
213 927
97 961
161 901
653 719
231 357
469 942
124 668
98 646
766 842
209 990
353 418
373 600
177 869
377 698
373 932
184 688
785 945
85 708
63 239
319 720
448 728
29 84
585 963
197 382
404 943
88 499
473 925
18 961
630 634
241 543
273 962
51 820
339 579
207 312
450 985
836 961
205 448
155 807
286 934
478 532
375 493
637 781
13 108
352 412
187 261
346 863
433 961
534 676
126 753
189 407
471 818
420 764
170 725
53 887
116 316
459 684
485 733
260 661
396 902
270 660
452 730
21 470
497 653
125 511
572 944
330 682
832 961
295 909
37 531
460 962
137 490
48 706
506 993
217 961
41 866
715 776
213 258
322 763
681 900
296 961
69 850
8 70
94 475
119 961
574 939
11 960
806 950
257 961
140 822
133 984
268 894
50 57
642 919
341 648
553 570
510 529
329 798
871 961
250 609
713 783
196 410
339 575
457 919
238 857
199 462
109 171
143 576
115 349
9 717
667 820
721 879
228 267
679 827
149 957
11 387
376 589
86 87
188 618
468 759
145 286
865 961
163 525
20 587
400 854
347 453
250 294
66 633
280 350
690 961
961 964
409 545
77 650
959 961
557 584
566 944
953 979
298 388
477 648
416 623
308 688
468 678
461 899
188 459
120 914
9 306
552 607
592 594
664 895
108 538
77 838
639 784
580 961
419 601
321 408
277 695
370 878
530 752
467 970
392 961
397 507
89 931
476 810
585 844
512 982
154 961
158 922
290 680
64 306
138 841
378 503
333 823
332 961
244 718
141 254
619 961
608 746
301 659
342 918
174 279
59 367
558 961
794 860
725 883
623 963
276 329
488 504
131 811
417 679
657 961
389 915
460 935
845 849
764 961
237 538
157 663
235 564
723 731
53 643
325 778
23 273
519 732
45 819
195 863
547 786
106 839
135 794
305 349
483 697
314 869
115 485
65 988
896 961
366 543
832 912
