0
1000
542 557
344 723
723 734
533 585
242 723
172 432
255 267
364 833
232 770
112 723
512 729
620 726
161 404
80 198
292 414
101 783
496 723
390 840
110 723
723 922
719 926
336 477
221 508
71 594
176 723
234 823
395 819
723 982
561 634
885 955
299 723
211 542
225 561
493 981
464 671
599 680
141 352
204 723
24 345
537 723
43 88
68 192
67 723
303 723
700 845
810 914
428 452
707 826
62 209
319 731
239 723
651 911
723 987
399 546
163 416
173 828
172 723
76 723
619 850
397 965
723 978
175 521
638 811
22 771
274 723
474 900
787 938
426 723
499 723
604 723
881 937
77 422
516 723
802 985
177 392
225 723
320 633
243 723
672 948
412 545
61 723
548 550
248 657
289 725
230 936
460 731
150 401
121 723
448 960
88 723
205 723
11 457
9 723
492 894
723 889
55 723
249 452
736 910
661 942
133 450
571 723
229 723
602 621
695 895
247 504
272 297
30 973
82 723
236 605
16 454
409 704
682 757
531 891
723 860
58 419
317 756
316 986
703 723
90 868
437 754
208 368
723 862
351 598
613 723
178 509
667 952
645 723
779 838
514 735
853 932
755 912
85 155
852 941
451 753
300 865
371 437
342 657
333 836
527 756
210 723
160 705
96 641
146 723
829 911
237 723
810 945
682 723
127 501
420 723
428 447
0 715
68 723
75 723
328 672
492 628
457 711
151 723
723 827
260 612
473 933
84 723
563 723
234 669
19 573
310 800
480 980
404 723
38 730
66 859
435 478
78 513
382 431
439 787
145 891
79 581
935 938
207 982
227 600
629 814
166 821
372 723
213 723
592 773
169 218
241 723
187 508
104 488
157 980
670 723
723 993
315 723
449 497
310 553
624 816
250 617
785 876
159 942
910 961
308 723
375 703
878 883
578 621
369 645
623 897
618 818
723 778
506 899
235 723
288 355
98 562
35 706
45 122
461 775
167 737
141 500
145 723
2 874
723 844
363 559
386 975
132 723
81 541
892 921
53 736
174 464
32 524
723 905
723 811
97 231
354 540
377 990
723 738
515 723
383 723
91 640
346 432
132 665
311 558
337 496
243 748
364 367
261 694
676 944
784 812
138 690
52 655
33 614
522 978
615 847
619 660
723 733
64 961
148 601
722 723
723 759
5 317
723 803
859 906
545 646
588 723
699 723
217 271
59 164
552 946
273 548
89 943
48 550
324 384
485 805
292 813
549 723
3 996
653 950
723 932
905 936
537 691
723 951
57 462
300 370
399 723
455 723
723 808
126 458
169 723
543 761
249 469
368 529
313 857
130 512
340 804
723 998
367 745
309 842
579 723
253 539
343 577
209 723
41 723
131 224
666 723
294 723
858 871
795 893
90 656
407 556
144 719
723 964
115 851
433 850
118 693
151 259
335 723
177 741
723 903
215 521
723 997
724 909
598 744
688 837
566 790
99 723
717 999
42 964
591 642
240 934
192 885
551 707
356 708
189 759
701 723
39 723
603 723
214 581
35 538
72 290
202 602
334 723
629 909
117 723
858 924
637 879
723 739
17 529
671 723
593 808
424 697
152 228
245 954
517 649
904 957
113 510
321 439
723 743
158 350
611 882
557 723
380 544
14 227
264 385
86 105
197 350
877 930
433 468
579 583
87 994
487 821
277 699
21 692
595 832
163 929
83 683
239 640
559 723
540 723
563 690
418 723
173 723
482 723
204 907
723 977
422 723
685 723
723 967
92 323
178 761
190 587
854 967
275 951
265 816
150 181
201 296
203 631
547 841
506 881
406 612
430 989
580 927
635 869
135 772
100 294
723 899
250 723
164 723
140 723
244 914
276 798
576 723
615 723
723 824
20 471
476 723
191 930
217 570
191 675
254 376
681 683
283 803
709 873
723 933
489 991
344 497
480 723
52 825
387 596
244 723
698 702
438 565
423 613
258 477
45 723
421 879
663 723
471 718
111 398
269 539
257 586
166 956
63 313
86 994
503 780
407 673
223 969
632 681
556 822
233 485
37 792
64 199
361 530
723 749
519 723
96 981
51 214
723 774
510 710
720 723
427 723
194 370
136 331
0 723
184 793
309 723
484 828
338 908
94 669
807 931
49 796
501 892
119 203
361 639
723 855
760 903
327 940
123 705
483 751
171 723
390 584
511 649
124 378
133 486
709 723
438 853
305 723
316 677
481 723
577 939
154 341
723 829
393 922
219 723
66 280
687 723
374 723
491 706
652 920
456 528
708 742
536 713
341 723
114 127
130 792
87 491
531 882
721 940
44 723
723 765
274 921
500 712
459 723
650 723
582 723
723 995
24 116
33 778
469 723
135 723
212 379
451 654
734 805
47 200
723 730
263 555
65 93
153 723
723 767
374 554
599 817
179 890
723 919
723 752
95 366
694 760
188 220
487 555
643 947
206 363
376 723
38 101
29 104
54 723
475 723
371 976
152 723
463 739
562 970
325 362
373 505
616 754
890 960
56 605
62 664
676 723
115 588
696 723
616 723
455 779
655 723
458 502
648 934
723 968
193 723
723 979
837 974
84 966
143 762
514 969
723 877
398 723
403 715
532 959
26 286
119 896
295 723
360 489
674 723
287 931
78 868
824 865
182 723
522 608
321 534
75 627
520 875
205 596
196 723
620 716
401 623
609 723
50 110
463 799
723 946
713 723
498 530
30 405
10 723
394 453
820 928
509 723
53 723
474 475
723 943
15 312
553 732
29 564
181 723
2 58
59 526
304 723
723 963
692 723
208 723
417 723
32 73
549 610
347 600
297 916
436 723
568 632
162 838
155 223
658 723
490 962
14 674
41 747
272 732
396 448
723 820
564 723
442 593
15 723
137 723
723 869
445 689
46 663
187 957
77 567
741 784
444 700
389 809
573 775
472 801
411 723
723 848
103 479
723 901
498 798
65 723
586 806
840 876
206 574
106 827
723 925
601 751
278 723
60 896
79 723
23 666
264 723
18 261
723 959
723 753
723 972
136 626
263 392
636 939
121 281
723 984
773 918
27 400
199 809
301 305
128 137
113 628
442 746
357 484
330 966
618 789
74 383
252 495
6 421
262 276
6 901
723 866
465 711
229 238
246 723
493 723
794 814
466 723
142 723
16 723
723 737
812 926
168 440
254 302
251 255
60 886
488 533
535 723
1 723
349 409
98 216
57 473
446 917
149 953
378 723
212 723
70 972
835 949
684 723
336 352
265 532
723 776
162 815
786 913
298 776
156 935
20 723
472 659
19 723
373 983
258 851
704 727
345 889
282 507
592 723
95 454
379 381
648 723
120 723
213 745
723 965
453 456
504 723
698 717
723 758
11 971
446 900
293 723
566 839
251 723
622 862
128 807
523 627
196 992
184 233
183 554
465 723
665 989
659 797
289 870
831 836
658 728
342 723
647 749
200 381
91 541
791 920
340 527
323 800
140 782
13 949
70 434
36 636
210 443
872 898
435 723
202 898
414 777
109 664
5 74
575 723
285 799
26 654
365 971
139 525
702 723
332 735
118 864
22 25
134 571
723 906
103 430
639 723
387 589
333 369
888 947
226 644
476 679
73 286
578 723
449 958
723 763
63 738
534 650
339 854
222 723
494 597
695 723
505 630
710 723
609 902
40 43
852 958
271 772
129 727
257 441
179 992
680 796
8 687
560 723
547 755
572 874
131 723
410 867
114 198
176 652
318 723
408 723
427 768
215 723
678 861
507 902
575 912
723 974
201 626
610 846
440 918
170 723
108 723
515 714
768 913
144 723
165 643
386 723
780 823
400 723
723 794
765 843
377 986
221 804
12 335
723 985
322 723
237 729
303 429
419 864
291 641
301 388
723 742
606 813
117 953
483 883
124 591
107 245
662 723
185 218
262 270
267 693
48 723
503 723
148 436
644 723
256 723
102 327
384 723
111 520
479 762
158 188
697 956
107 723
647 740
788 915
348 843
723 845
637 795
406 723
34 331
269 723
353 886
750 941
781 924
723 880
195 834
380 723
359 634
314 720
326 723
165 168
231 723
590 963
34 617
219 849
343 723
306 723
391 818
322 494
567 785
402 723
329 723
159 304
149 358
307 526
268 723
56 723
513 723
320 662
92 723
338 723
551 916
723 983
783 871
1 490
597 797
394 880
470 723
180 723
31 116
413 723
129 402
606 723
459 725
83 723
360 429
726 806
318 569
366 766
830 954
28 468
723 771
125 952
689 833
426 856
721 723
646 766
447 525
266 950
415 723
197 723
37 835
673 955
283 988
51 186
723 884
4 728
72 846
28 375
266 358
147 993
252 388
558 746
69 743
686 723
154 405
826 929
460 716
722 861
288 608
595 962
247 391
395 723
764 817
937 970
723 948
788 979
7 382
723 790
315 325
279 770
281 486
232 723
723 863
105 443
410 723
85 279
170 502
80 667
582 587
319 528
668 872
123 604
425 723
517 927
228 769
189 284
195 207
723 990
332 631
17 594
389 887
580 723
625 718
42 923
7 977
280 607
670 764
3 723
467 723
55 744
273 518
