0
1000
70 536
157 579
157 409
88 941
369 431
822 855
258 750
157 736
157 239
157 267
221 843
157 162
105 353
157 808
157 698
16 157
499 812
195 495
740 994
157 231
157 430
42 157
157 989
116 157
157 652
117 157
328 476
157 774
3 218
53 139
642 926
157 876
102 157
157 296
339 694
157 763
157 350
21 76
157 527
145 157
157 973
207 531
157 245
157 227
330 609
157 407
230 331
478 498
157 585
101 157
157 678
157 438
791 995
157 889
157 522
307 440
445 608
157 212
157 831
157 916
157 565
610 735
157 270
228 362
56 157
157 569
43 112
165 693
157 758
334 383
157 945
157 507
157 174
157 247
217 698
157 618
157 976
157 337
402 866
259 849
157 858
628 721
171 890
85 157
395 755
157 633
157 870
87 157
32 293
15 157
52 157
157 786
157 911
157 397
432 729
157 342
48 403
146 157
157 610
108 992
65 167
157 426
141 157
157 236
59 881
157 654
809 956
157 631
157 809
605 625
157 660
501 932
140 223
85 126
616 761
424 589
157 732
12 898
157 196
577 844
387 583
157 184
526 712
454 609
157 896
157 612
168 340
157 542
77 666
60 123
197 326
250 276
9 441
574 993
157 578
157 241
138 157
157 552
148 788
157 704
402 475
145 978
157 640
204 308
157 192
172 850
157 549
30 157
68 997
154 603
157 413
157 425
26 233
455 561
520 871
157 751
468 944
124 157
247 702
137 157
766 869
677 903
427 881
46 834
157 185
157 300
835 953
157 434
157 681
157 650
38 162
157 183
28 639
379 544
195 803
157 902
389 824
143 157
157 668
157 731
157 743
157 190
157 545
157 655
584 659
157 194
157 308
551 992
157 515
157 797
157 321
74 157
93 157
651 767
447 740
131 157
59 157
157 408
172 494
72 157
411 783
595 748
3 567
157 444
0 515
405 688
6 501
114 157
448 853
715 767
241 903
157 901
128 831
157 529
271 369
657 779
63 157
157 815
157 990
35 863
47 294
157 299
50 674
130 157
144 157
416 588
157 862
157 938
43 56
157 614
138 396
312 601
157 980
157 988
206 547
157 674
157 979
157 697
157 622
166 998
79 157
329 746
157 982
157 228
984 990
157 940
553 696
835 836
150 273
157 256
157 784
157 562
153 157
157 170
7 160
157 860
157 199
366 630
157 659
157 284
157 914
147 730
157 388
371 736
157 252
134 381
307 543
639 920
142 524
23 323
309 408
81 157
87 423
7 157
525 680
157 224
157 327
435 635
157 821
157 248
157 215
407 823
490 621
807 919
69 569
370 582
157 289
157 207
157 514
157 528
157 566
88 943
157 832
157 772
157 818
157 158
157 705
386 513
219 977
157 623
157 891
157 319
157 344
846 912
157 947
157 923
352 584
157 882
103 157
929 962
325 638
157 840
199 669
40 448
132 323
741 776
62 240
249 784
121 157
157 202
798 894
157 826
157 577
57 204
461 507
157 892
157 728
157 760
115 901
684 805
157 218
157 812
560 817
157 553
157 749
157 908
446 619
157 473
24 157
125 746
157 495
157 871
157 581
716 907
568 874
535 769
652 824
50 120
157 850
157 969
157 827
157 646
157 847
157 452
157 367
122 225
166 348
559 964
952 994
78 739
157 872
157 260
8 752
157 470
157 375
157 667
157 955
58 265
71 482
157 782
157 437
253 579
157 558
392 912
157 707
263 274
210 818
157 343
157 675
46 283
157 715
691 996
157 182
365 884
73 248
28 263
463 759
157 756
157 506
704 843
157 833
479 851
500 939
222 265
167 634
157 744
153 665
420 801
157 748
54 157
317 373
156 157
104 602
75 463
157 285
159 541
134 157
157 372
158 281
157 717
214 357
157 363
79 838
295 738
360 563
157 366
157 680
44 157
157 512
764 816
157 898
157 691
157 946
157 428
84 537
183 625
157 719
550 909
157 539
198 587
157 508
895 977
286 476
91 445
449 561
209 766
231 615
157 477
157 900
157 272
178 423
111 399
242 608
86 957
157 225
80 171
710 791
157 450
157 653
157 516
598 798
157 925
290 711
157 159
517 684
157 357
695 705
102 505
157 700
82 547
191 722
427 726
157 727
157 875
358 802
157 775
157 540
157 666
157 764
864 891
620 734
742 781
229 301
157 906
787 820
572 761
157 314
110 180
9 232
865 939
157 734
164 606
157 394
157 292
157 399
157 745
724 906
157 517
20 702
157 324
157 661
157 161
157 467
227 753
157 687
382 744
157 683
469 521
157 951
350 930
136 857
592 800
316 488
348 658
481 692
157 163
500 897
576 592
51 198
472 884
157 521
157 972
157 641
53 295
318 883
157 335
157 621
22 934
11 758
157 235
157 406
118 157
157 436
149 823
492 525
479 747
155 157
233 368
157 606
157 447
347 879
272 924
157 580
25 157
381 451
150 676
157 671
157 583
41 645
60 157
157 546
157 400
157 820
239 582
31 71
384 917
157 316
376 522
506 998
465 723
157 673
157 800
157 487
288 416
157 258
157 637
157 449
157 556
157 305
45 157
534 699
157 386
157 830
157 948
144 312
210 418
275 446
792 964
511 910
157 486
303 799
157 788
157 443
157 462
49 588
157 915
35 157
848 905
168 943
62 157
322 612
558 810
573 813
49 338
255 330
404 453
157 986
188 297
297 493
29 109
157 211
1 967
157 722
837 861
400 729
157 780
157 466
548 737
230 657
77 533
78 157
157 694
156 985
619 750
157 298
866 993
2 377
157 238
157 229
564 771
806 885
8 157
713 997
200 773
502 594
208 380
373 926
157 682
97 897
157 644
421 830
203 720
157 519
157 412
328 916
600 724
133 157
237 690
157 778
398 516
458 701
157 571
844 883
19 157
157 597
120 643
5 651
10 533
572 678
262 482
157 498
302 450
768 882
157 706
409 712
707 757
92 496
893 933
753 933
106 157
157 888
157 689
157 974
503 919
311 852
113 157
157 390
351 973
329 528
157 189
474 658
157 334
157 271
51 157
157 511
157 433
94 157
917 980
863 885
157 280
157 852
385 430
665 819
251 375
96 177
332 851
55 113
440 603
921 935
552 611
472 760
157 613
80 466
68 585
157 550
151 157
157 604
709 931
157 282
626 856
157 262
937 963
157 504
356 439
157 663
157 555
406 785
310 428
354 778
556 944
157 636
157 554
157 457
457 491
47 157
542 551
157 965
152 157
273 415
147 497
157 846
41 157
157 259
157 779
157 361
281 647
540 634
598 789
301 422
815 961
157 880
360 668
125 234
157 958
157 411
157 175
305 693
895 986
711 953
37 173
157 497
157 483
157 279
484 738
157 918
157 920
733 929
607 899
12 220
157 999
55 66
349 575
157 264
157 460
157 377
139 157
157 662
201 520
240 670
526 656
90 157
136 151
355 873
311 586
157 765
157 276
188 825
157 510
216 275
36 313
42 599
142 793
318 594
347 523
157 246
127 808
716 848
157 928
278 467
129 319
39 289
266 804
157 213
154 987
157 442
91 945
27 581
157 970
157 627
589 925
176 858
352 391
99 816
518 519
157 801
288 346
157 877
739 813
379 462
157 632
617 786
157 685
157 927
109 119
157 789
269 538
762 814
157 481
157 243
380 394
157 303
245 355
157 293
368 555
437 825
337 759
325 421
157 975
157 395
157 429
152 790
456 991
157 954
157 983
157 209
155 187
157 471
157 536
37 157
157 878
157 624
157 349
157 405
157 960
98 673
36 157
286 404
157 410
157 708
503 696
157 829
157 950
250 936
157 699
157 358
331 839
300 710
157 635
83 157
211 845
157 607
157 232
157 922
64 868
157 754
157 287
157 971
333 951
157 904
92 201
89 817
718 776
417 796
741 780
118 794
157 269
157 340
351 672
837 965
157 642
157 480
157 315
157 509
157 570
11 879
48 157
13 83
419 623
34 745
586 981
514 836
33 157
317 937
1 217
61 414
64 389
157 277
205 822
189 968
374 675
157 401
157 770
282 867
157 459
18 157
157 811
157 602
96 935
378 453
280 957
795 966
179 648
58 332
6 157
157 560
320 629
23 298
140 157
222 688
344 596
14 112
26 186
119 157
157 268
98 853
261 392
100 157
157 842
157 485
157 393
181 890
505 792
527 949
74 345
237 254
76 205
244 888
157 887
436 686
557 867
157 709
157 320
157 464
157 913
266 595
361 721
157 828
157 679
157 341
141 942
105 157
107 157
157 456
157 364
796 862
14 626
283 512
157 664
268 733
110 123
157 854
226 433
562 593
690 703
290 648
292 703
22 157
346 661
157 771
184 701
67 157
489 969
194 203
157 865
157 359
157 530
157 649
363 921
246 532
336 425
157 465
21 984
157 304
157 814
539 886
157 714
95 697
157 475
157 524
157 725
737 902
157 169
157 907
257 370
193 336
157 795
157 206
99 591
114 590
157 255
157 987
197 742
157 568
157 769
157 306
327 859
234 439
135 157
157 841
157 777
157 415
149 781
291 559
157 959
17 299
157 773
537 949
4 127
157 414
