0
1000
54 615
54 367
54 298
54 854
54 85
49 54
54 768
54 393
255 859
54 507
54 451
54 127
54 660
54 746
54 590
54 139
54 265
54 189
54 260
54 921
54 153
54 358
54 273
54 499
54 142
54 313
54 724
54 560
54 266
54 496
54 442
54 121
54 737
54 281
54 321
54 149
54 674
54 312
54 251
54 100
54 355
54 156
546 766
54 519
54 636
54 184
54 980
54 208
54 514
54 630
54 612
54 550
54 91
54 884
54 704
54 641
54 351
54 547
54 774
125 740
54 600
54 278
54 700
54 840
54 999
54 905
54 345
54 186
54 823
54 120
54 344
54 666
54 349
54 793
54 512
54 155
54 772
54 836
464 916
54 458
522 830
54 296
54 386
54 728
54 399
54 555
54 334
22 54
54 577
54 687
789 845
54 272
54 217
54 207
54 958
54 801
54 589
54 104
54 223
54 332
54 907
54 413
54 130
54 508
54 972
54 839
54 662
54 239
54 146
354 968
54 315
54 959
54 569
54 848
54 407
54 291
558 559
54 118
131 363
54 96
54 832
8 54
54 870
54 163
54 268
54 643
44 54
54 565
54 433
54 435
54 606
54 406
54 627
54 320
54 635
54 305
54 552
54 579
54 776
54 621
54 76
54 928
41 54
54 881
148 951
543 821
127 799
54 122
54 769
54 663
54 743
54 262
54 628
54 374
54 573
54 570
54 798
54 574
54 377
54 824
54 943
54 672
54 677
54 817
54 895
54 446
54 212
54 60
54 337
54 381
54 279
54 871
54 342
54 486
54 248
54 484
54 770
54 716
54 195
54 158
227 641
6 157
54 95
54 915
54 736
54 754
54 638
54 322
54 274
54 855
54 476
54 619
54 618
54 617
54 340
54 402
54 363
54 123
54 75
54 685
29 54
506 521
54 154
54 673
54 376
54 553
54 170
54 626
54 256
54 578
54 888
54 385
54 763
54 317
72 86
54 277
54 415
54 206
391 935
54 365
632 694
54 896
54 861
54 366
30 54
54 649
54 903
54 361
54 148
54 414
54 472
37 54
418 507
54 392
54 701
54 637
54 548
54 221
54 971
42 54
54 341
54 859
54 424
250 776
54 129
54 369
54 985
54 271
54 979
54 581
54 108
54 922
54 540
54 231
838 958
54 708
304 328
54 631
54 126
54 425
54 73
54 554
54 494
54 493
54 503
54 300
54 876
54 918
54 267
54 968
54 509
54 412
26 54
54 965
54 192
54 238
54 863
54 69
54 159
54 88
408 739
54 864
54 489
54 625
770 844
54 879
54 967
54 983
54 203
54 947
54 79
54 229
576 894
54 835
54 738
54 994
54 742
54 259
54 74
54 228
54 404
54 110
54 676
54 287
54 633
54 70
54 111
54 603
308 321
54 919
54 688
50 54
54 185
54 948
54 534
54 474
54 105
54 575
4 54
54 912
54 966
54 908
54 430
54 904
111 651
54 691
16 54
54 92
54 182
34 54
448 756
54 434
54 671
54 670
54 998
54 931
54 997
54 900
54 744
136 717
54 945
54 310
54 781
54 71
54 956
54 957
54 856
54 173
54 164
198 693
54 852
54 558
630 924
18 54
409 928
54 443
54 661
54 219
54 362
54 257
54 470
54 944
54 771
54 757
54 898
54 816
567 621
54 210
54 731
54 191
54 680
54 679
54 806
20 54
54 371
54 533
54 520
412 445
54 72
54 78
54 664
54 352
54 297
70 235
54 549
45 83
54 538
12 54
54 814
54 152
54 128
146 709
54 168
38 54
54 253
54 303
54 350
54 596
54 517
54 232
54 939
54 825
54 815
54 616
54 693
54 436
36 54
54 678
54 521
54 518
54 811
514 902
410 515
54 655
54 800
51 54
54 667
54 706
15 54
54 505
54 293
54 491
54 178
54 67
54 469
54 292
54 543
54 202
54 718
54 721
27 54
54 620
406 654
46 54
54 753
54 309
54 929
9 923
54 432
54 162
54 475
54 644
263 516
54 144
54 703
54 243
54 961
54 224
54 220
54 640
54 454
54 730
54 665
54 584
480 556
54 807
54 571
54 114
54 282
54 568
32 54
179 886
54 795
54 933
501 635
189 190
54 98
758 777
54 996
54 187
54 544
803 973
54 773
54 955
54 784
1 54
54 165
54 917
54 783
54 346
54 99
54 240
33 54
54 408
54 286
54 960
122 834
54 602
54 438
54 592
54 488
54 301
54 423
54 468
54 899
54 101
54 762
54 887
54 81
54 857
54 426
54 964
54 532
54 188
54 172
330 994
54 646
54 936
54 398
54 522
54 892
54 794
359 565
54 213
54 594
54 872
179 559
54 597
54 384
54 749
54 311
54 580
54 920
54 319
25 54
54 734
54 992
54 767
54 258
197 891
54 427
54 735
54 764
602 995
54 827
54 942
54 975
354 604
54 339
54 712
586 792
21 54
121 161
54 891
54 527
54 80
54 719
54 196
54 94
54 747
54 614
54 536
54 193
54 745
54 645
54 909
54 452
28 54
54 788
54 422
54 204
54 720
54 910
54 952
54 624
54 364
54 866
54 116
54 490
54 790
54 242
23 54
54 314
54 397
54 205
54 529
54 181
54 59
54 914
54 150
39 103
54 307
54 545
54 136
261 898
54 294
54 890
54 360
54 183
54 535
54 441
54 850
54 923
54 370
54 796
54 813
54 880
54 935
54 978
54 707
54 368
54 112
54 117
54 194
54 523
54 583
54 283
54 479
54 755
54 969
158 726
54 613
54 375
54 68
226 673
54 837
54 380
54 761
54 598
411 501
254 419
54 166
14 416
54 648
54 809
54 689
40 54
54 230
54 137
178 883
54 582
54 860
54 222
54 867
54 893
54 657
54 605
43 54
54 90
54 607
54 658
54 66
54 157
54 787
54 388
54 846
54 65
54 705
54 199
54 845
554 675
54 988
54 962
54 495
54 485
2 54
499 889
54 938
54 812
54 174
54 723
147 758
54 937
54 759
54 841
54 797
62 379
54 58
54 588
54 819
54 102
52 54
54 284
54 974
54 963
17 54
646 710
54 276
504 729
54 622
54 151
54 200
54 135
54 336
54 831
432 751
54 64
524 651
54 752
54 989
54 115
54 785
54 563
54 457
0 638
54 275
54 750
54 694
54 982
54 201
54 805
54 480
54 941
90 175
54 810
54 394
54 455
54 498
54 57
225 836
54 462
54 109
54 420
54 252
54 383
54 585
54 725
54 502
54 209
54 463
54 169
54 106
54 576
54 647
54 562
54 335
54 950
54 775
54 842
54 977
54 147
54 405
54 211
54 233
165 329
54 778
54 949
54 713
54 911
54 461
54 138
54 141
54 681
54 473
54 353
54 453
54 87
54 264
54 124
54 954
54 847
54 327
474 732
54 714
54 280
608 779
54 331
54 429
54 449
54 356
54 561
54 437
54 395
54 270
54 466
54 421
54 611
54 382
54 970
54 802
54 868
107 247
54 697
54 236
54 171
54 885
54 715
54 820
54 247
54 539
54 428
54 865
54 440
54 551
54 668
54 318
54 652
54 459
54 338
54 729
54 639
302 511
54 853
54 779
54 822
54 804
54 93
54 684
54 690
54 696
54 595
54 133
54 541
54 557
54 682
54 302
54 63
54 741
54 410
54 916
54 61
439 777
54 460
145 896
54 299
54 537
54 849
54 401
54 77
54 873
54 528
54 400
54 566
54 878
757 986
54 765
345 542
54 808
54 591
54 695
54 610
54 295
54 934
54 216
54 792
54 372
54 245
103 652
54 237
54 926
54 378
54 113
54 702
54 62
54 328
54 244
54 143
54 531
54 629
54 669
54 711
54 396
54 389
54 993
54 416
54 324
54 593
48 54
54 760
54 882
54 483
54 897
325 599
54 482
340 478
54 289
54 510
54 456
54 357
19 54
54 829
54 254
54 177
54 858
54 833
54 431
545 925
54 869
54 497
3 54
54 976
54 241
54 288
54 160
54 492
154 444
54 481
54 55
54 877
325 683
417 981
54 818
54 634
124 306
54 609
54 733
54 650
54 786
54 601
10 54
54 316
54 546
54 125
54 874
54 906
54 348
54 176
13 54
54 525
24 54
54 471
54 333
946 982
54 97
54 875
54 180
54 467
54 269
54 901
54 826
54 843
54 347
54 487
47 213
54 699
54 323
54 780
54 140
54 940
53 54
54 692
54 623
167 346
54 373
54 249
54 953
54 686
54 526
54 84
54 851
54 599
403 428
54 642
54 722
54 828
54 477
54 89
54 447
54 987
54 572
54 246
54 973
54 990
54 465
54 218
54 450
54 500
54 656
5 54
54 991
54 513
31 54
45 54
54 653
54 756
54 727
54 930
54 748
54 387
54 343
54 215
54 132
54 927
7 54
119 604
54 214
54 862
54 56
54 782
54 134
54 659
54 516
54 984
54 791
54 82
452 698
54 913
54 932
54 285
54 326
35 54
54 290
54 390
54 234
11 54
54 530
54 564
54 587
54 417
