0
1000
395 778
395 755
395 726
395 740
358 395
395 616
86 395
395 545
395 518
148 395
395 834
177 395
41 395
395 762
395 960
395 765
287 395
139 395
395 843
395 438
20 395
395 880
395 440
395 398
395 473
395 638
395 719
395 988
395 575
103 395
114 395
395 780
395 914
395 594
306 395
313 395
80 395
395 597
379 395
395 783
120 395
395 634
138 395
395 508
395 823
395 941
395 940
356 395
395 494
395 847
395 553
395 879
274 395
395 417
188 395
395 424
395 613
395 747
266 395
328 395
395 435
83 395
395 426
395 503
395 955
133 395
395 853
395 915
395 669
82 395
395 943
395 753
173 395
395 523
395 775
395 929
52 395
57 395
333 395
272 395
395 893
395 895
395 590
395 595
208 395
9 395
395 506
395 697
395 409
141 395
395 707
395 563
395 421
395 698
395 986
395 587
395 472
395 722
395 615
395 942
395 812
42 395
395 796
395 652
238 395
395 635
395 802
161 395
395 560
395 873
395 428
395 833
31 395
395 772
340 395
395 596
395 425
395 938
395 516
395 981
395 520
395 912
223 395
395 731
25 395
253 395
214 395
395 848
395 790
395 614
395 750
63 395
395 584
155 395
247 395
156 395
292 395
395 399
104 395
271 395
158 395
187 395
395 835
395 791
395 414
395 579
395 889
395 462
298 395
395 680
395 721
395 492
395 806
231 395
395 528
71 395
395 869
395 995
312 395
395 532
395 886
395 993
395 891
10 395
395 925
395 404
112 395
395 829
395 569
395 742
395 402
395 818
395 490
395 956
218 395
209 395
395 947
329 395
395 617
107 395
131 395
395 685
193 395
395 972
365 395
142 395
128 395
395 923
395 901
132 395
320 395
395 479
395 676
395 406
32 395
395 651
395 933
172 395
176 395
395 954
395 922
302 395
395 735
211 395
242 395
395 781
23 395
36 395
269 395
17 395
395 854
301 395
389 395
395 488
395 849
395 776
66 395
395 969
395 907
395 487
395 633
395 824
395 693
290 395
395 537
395 713
395 744
395 662
395 521
395 846
395 632
357 395
395 797
395 768
395 655
268 395
395 572
395 683
395 939
395 585
204 395
395 936
51 395
395 930
395 817
395 586
395 733
395 510
395 640
395 724
395 968
8 395
395 451
342 395
118 395
395 723
297 395
318 395
235 395
395 979
395 653
94 395
395 453
300 395
361 395
108 395
395 725
282 395
395 670
395 505
395 692
15 395
395 589
395 718
395 732
395 539
395 832
395 798
395 546
395 927
395 870
395 568
288 395
395 919
395 888
395 963
395 766
240 395
386 395
395 822
395 810
349 395
395 868
251 395
395 706
395 702
255 395
395 603
395 825
395 499
124 395
395 787
16 395
395 593
395 682
395 792
395 935
326 395
123 395
395 601
73 395
395 917
347 395
395 730
127 395
225 395
395 602
55 395
395 405
395 470
234 395
395 675
93 395
186 395
395 743
126 395
395 588
395 564
352 395
395 459
395 436
395 739
395 482
395 605
89 395
285 395
315 395
395 576
219 395
346 395
395 946
65 395
395 967
395 577
395 903
338 395
395 918
395 529
395 788
307 395
366 395
34 395
395 757
395 837
395 656
229 395
395 826
395 760
395 908
395 805
395 904
395 821
395 684
395 496
395 517
395 996
395 531
395 465
395 924
395 552
395 756
395 758
395 784
395 949
143 395
395 548
395 641
257 395
395 909
81 395
153 395
395 977
22 395
284 395
309 395
395 704
395 660
395 650
28 395
339 395
395 875
183 395
395 727
395 442
53 395
279 395
395 461
395 504
200 395
395 401
395 709
29 395
194 395
395 677
395 767
395 486
395 945
185 395
395 578
395 607
277 395
395 658
395 741
18 395
395 734
395 444
395 913
395 720
395 600
395 422
395 855
376 395
395 877
395 897
35 395
395 411
77 395
56 395
265 395
395 994
395 609
395 562
395 574
395 468
154 395
395 491
395 456
294 395
344 395
382 395
395 657
395 625
395 515
174 395
395 654
324 395
395 786
395 864
395 688
115 395
336 395
380 395
395 599
395 561
395 449
62 395
395 612
395 403
395 630
395 984
354 395
395 998
395 524
395 862
233 395
259 395
33 395
387 395
395 840
316 395
395 573
395 746
395 809
395 550
395 902
395 611
395 646
395 648
395 463
395 476
395 779
149 395
395 813
165 395
395 671
227 395
395 636
395 793
395 881
332 395
146 395
395 959
19 395
395 916
175 395
190 395
395 964
395 501
325 395
395 534
364 395
395 464
206 395
395 745
262 395
395 894
395 441
395 728
395 751
0 395
375 395
395 885
152 395
75 395
395 408
13 395
395 882
395 527
395 737
360 395
2 395
395 961
37 395
60 395
74 395
395 621
47 395
345 395
236 395
395 522
395 502
150 395
395 452
395 480
169 395
310 395
395 789
203 395
395 921
395 628
254 395
395 627
323 395
395 953
395 842
371 395
117 395
395 717
395 535
395 761
395 839
395 937
395 474
395 475
395 571
395 715
395 804
226 395
395 859
395 965
239 395
395 736
395 714
395 867
395 419
395 795
395 629
377 395
110 395
305 395
395 407
395 567
159 395
395 711
263 395
395 836
189 395
90 395
182 395
395 690
391 395
69 395
395 865
192 395
395 828
395 557
395 556
327 395
43 395
78 395
395 712
243 395
395 769
353 395
395 484
286 395
140 395
395 396
395 481
395 413
395 495
222 395
1 395
157 395
252 395
171 395
395 547
395 397
147 395
395 511
395 934
304 395
395 708
151 395
395 856
393 395
395 659
395 538
395 554
395 777
395 820
395 900
395 624
395 896
395 458
395 533
395 619
395 906
164 395
331 395
295 395
395 689
224 395
46 395
202 395
395 478
95 395
395 536
395 990
395 420
68 395
395 898
395 622
303 395
207 395
250 395
205 395
368 395
395 429
72 395
264 395
26 395
395 971
581 696
395 580
7 395
11 395
395 799
395 801
395 439
395 661
212 395
395 686
395 679
355 395
261 395
395 526
321 395
395 763
311 395
395 827
196 395
395 565
168 395
84 395
395 831
395 814
121 395
395 928
395 883
116 395
395 871
291 395
395 861
395 983
85 395
181 395
395 555
369 395
180 395
395 460
395 819
395 699
50 395
395 667
217 395
395 858
395 471
395 606
330 395
395 932
30 395
38 395
395 637
166 395
299 395
249 395
216 395
395 454
244 395
395 566
395 445
395 874
184 395
395 668
221 395
6 395
395 884
105 395
4 395
293 395
136 395
395 890
258 395
395 782
270 395
395 980
395 497
395 987
308 395
395 631
59 395
395 541
145 395
395 639
395 455
24 395
395 794
348 395
395 774
230 395
163 395
395 647
129 395
395 926
395 626
3 395
289 395
395 815
395 666
160 395
395 446
395 770
395 610
395 958
395 978
395 507
395 892
395 665
395 687
228 395
395 866
370 395
395 570
99 395
395 400
390 395
12 395
317 395
395 705
395 876
395 433
215 395
395 643
319 395
111 395
395 991
280 395
395 437
378 395
395 477
256 395
14 395
395 948
395 549
395 989
283 395
314 395
395 838
395 962
395 543
395 729
92 395
248 395
395 558
395 592
179 395
134 395
281 395
335 395
392 395
395 773
395 845
135 395
395 703
27 395
373 395
106 395
395 863
322 395
395 985
58 395
395 807
395 544
395 663
363 395
178 395
130 395
350 395
395 811
395 710
395 716
137 395
54 395
79 395
395 951
395 952
395 430
395 754
70 395
122 395
394 395
395 542
395 738
245 395
372 395
395 950
170 395
395 416
337 395
395 415
334 395
395 700
395 434
241 395
395 457
64 395
395 672
395 899
395 410
395 681
395 427
5 395
213 395
101 395
395 581
199 395
395 664
395 582
48 395
395 691
395 431
395 905
395 530
395 513
395 645
395 966
67 395
395 514
395 623
395 771
98 395
395 752
384 395
395 604
201 395
395 448
395 559
395 443
395 997
102 395
40 395
395 816
395 808
76 395
395 423
91 395
395 469
395 748
395 976
362 395
395 999
381 395
395 649
395 910
395 608
88 395
395 973
395 785
39 395
395 931
395 992
45 395
395 485
395 830
167 395
385 395
260 395
395 509
395 975
278 395
395 467
395 695
395 957
395 803
395 678
395 489
96 395
395 466
276 395
395 970
395 512
395 450
49 395
341 395
395 598
198 395
395 701
61 395
395 982
395 620
395 618
87 395
395 418
395 749
232 395
395 872
395 759
395 800
395 500
21 395
144 395
195 395
191 395
395 644
395 493
395 841
395 591
237 395
383 395
210 395
125 395
296 395
162 395
273 395
395 642
343 395
275 395
220 395
395 694
395 674
395 673
395 850
113 395
395 551
395 519
395 432
374 395
267 395
44 395
367 395
395 974
395 583
395 857
388 395
197 395
395 498
351 395
432 852
395 851
395 920
395 844
100 395
395 540
109 395
395 447
97 395
395 525
395 412
395 483
395 860
119 395
395 911
246 395
395 878
395 944
359 395
395 887
395 764
