0
1000
379 799
4 379
157 379
379 715
379 503
379 544
379 424
379 542
151 379
205 379
379 525
379 841
379 789
379 826
128 379
379 804
222 379
379 570
188 379
155 379
379 670
379 974
226 379
379 939
379 493
204 379
379 771
379 468
334 379
355 379
379 998
211 379
379 660
379 450
379 482
379 837
286 379
97 379
379 611
379 546
379 814
261 379
379 909
129 379
379 806
379 980
379 855
379 875
379 473
379 737
224 379
379 410
379 772
379 452
379 543
379 689
379 914
379 664
379 519
341 379
273 379
379 465
379 650
379 818
84 379
143 379
379 390
32 379
117 379
134 379
61 379
168 379
215 379
186 379
317 379
379 992
379 803
240 379
99 379
379 449
320 379
379 512
379 463
379 396
218 379
379 719
353 379
379 832
379 621
379 607
194 379
379 905
379 775
88 379
379 917
379 800
369 379
34 379
379 567
379 823
345 379
81 379
379 958
379 765
379 921
379 575
379 406
379 554
379 873
379 426
379 562
379 847
11 379
379 990
379 703
142 379
379 851
379 447
379 716
12 379
379 577
379 404
379 833
379 965
83 379
379 627
212 379
166 379
379 610
82 379
324 379
379 583
379 848
78 379
216 379
260 379
237 379
379 666
68 379
379 691
176 379
379 795
379 432
379 792
180 379
132 379
379 505
379 509
379 769
140 379
379 718
379 645
379 899
101 379
379 486
347 379
207 379
54 379
379 605
379 908
379 430
126 379
368 379
379 700
333 379
371 379
69 379
379 399
379 741
379 403
379 798
302 379
356 379
379 774
379 407
379 856
213 379
379 481
287 379
379 720
251 379
379 501
379 400
379 622
379 817
365 379
31 379
80 379
272 379
379 864
379 488
379 417
22 379
379 418
379 595
379 428
379 736
379 600
60 379
283 379
379 731
48 379
379 582
379 956
379 758
104 379
379 750
379 491
379 776
379 723
379 885
130 379
229 379
379 754
379 954
379 412
379 778
379 647
152 379
379 444
210 379
352 379
379 961
379 867
379 919
47 379
262 379
379 729
41 379
193 379
328 379
379 522
267 379
125 379
200 379
379 581
379 620
40 379
379 394
379 626
278 379
379 773
379 711
379 842
329 379
379 936
379 668
379 896
62 379
379 743
379 431
379 633
256 379
220 379
379 593
17 379
379 863
192 379
89 379
1 379
379 677
379 603
379 809
148 379
379 453
298 379
379 979
379 764
379 591
379 642
377 379
379 518
379 947
312 379
379 520
379 490
275 379
248 379
379 920
236 379
379 467
379 895
28 379
159 379
235 379
379 553
190 379
199 379
64 379
91 379
379 931
379 757
379 874
379 791
379 733
146 379
379 540
92 379
379 495
379 722
112 379
379 612
379 587
379 893
379 807
379 950
379 780
379 539
379 726
379 644
379 492
379 900
266 379
307 379
379 624
379 423
379 555
379 392
364 379
311 379
336 379
379 530
150 379
379 474
58 379
379 850
379 604
165 379
138 379
2 379
33 379
379 489
301 379
57 379
379 849
379 916
379 697
137 379
379 821
379 877
163 379
379 521
379 497
379 760
363 379
195 379
162 379
379 454
379 973
379 674
105 379
373 379
379 746
379 910
379 584
379 420
379 538
379 734
379 812
379 915
149 379
379 508
379 507
379 712
187 379
95 379
379 461
379 506
379 777
217 379
379 460
379 903
379 755
379 759
379 704
87 379
379 846
379 972
379 639
379 459
379 565
379 695
53 379
173 379
379 441
171 379
196 379
71 379
379 942
379 989
379 594
3 379
379 590
379 434
65 379
379 801
379 429
379 811
56 379
66 379
223 379
331 379
379 419
131 379
182 379
72 379
26 379
201 379
23 379
379 997
379 469
316 379
379 494
379 933
327 379
153 379
160 379
379 659
379 937
379 744
379 845
379 786
169 379
379 634
7 379
379 938
379 387
303 379
295 379
379 427
313 379
379 955
214 379
379 563
379 615
379 408
379 986
379 878
202 379
379 858
379 768
379 558
49 379
379 927
379 545
379 662
208 379
379 943
114 379
191 379
257 379
379 476
379 456
379 892
379 528
379 948
339 379
70 379
379 381
209 379
379 713
379 747
379 904
379 596
6 379
379 448
121 379
178 379
379 784
174 379
338 379
284 379
379 573
13 379
119 379
379 688
167 379
379 533
179 379
379 576
219 379
289 379
45 379
379 953
379 477
379 631
379 794
379 952
19 379
335 379
379 911
281 379
221 379
379 475
136 379
183 379
29 379
242 379
379 763
379 694
308 379
379 679
51 379
379 571
379 805
379 761
379 949
181 379
379 515
361 379
379 810
231 379
0 379
379 698
297 379
379 993
379 643
379 707
379 995
379 516
172 379
16 379
379 819
379 944
379 816
379 680
379 902
258 379
280 379
379 834
379 708
379 405
379 536
379 882
379 872
379 728
379 629
43 379
310 379
379 574
315 379
379 820
379 483
27 379
197 379
379 464
379 752
379 940
374 379
109 379
379 926
379 669
184 379
105 981
379 568
75 379
96 379
342 379
379 478
379 655
379 422
25 379
379 657
15 379
379 767
379 640
379 673
175 379
379 966
42 379
144 379
379 532
379 559
379 402
379 988
76 379
285 379
379 923
379 922
73 379
346 379
379 560
379 756
230 379
271 379
379 785
314 379
358 379
379 630
379 549
357 379
379 830
379 393
379 462
55 379
379 588
379 601
379 730
379 881
8 379
379 661
245 379
379 967
379 925
379 511
24 379
133 379
379 446
268 379
379 770
379 685
370 379
379 724
379 479
141 379
379 935
203 379
379 513
238 379
379 913
379 416
379 598
379 415
379 751
98 379
10 379
232 379
379 547
379 561
379 951
379 994
379 870
379 500
348 379
379 597
234 379
379 681
379 589
379 976
185 379
115 379
170 379
379 815
379 984
379 975
147 379
85 379
379 891
379 398
379 443
100 379
379 714
379 852
276 379
379 635
379 907
379 865
379 599
337 379
379 470
379 395
372 379
122 379
379 457
379 646
379 541
379 438
379 879
30 379
379 498
379 485
77 379
379 985
323 379
139 379
9 379
379 385
379 963
379 526
379 671
379 557
379 654
379 458
379 585
379 556
243 379
379 983
110 379
379 618
102 379
379 613
379 437
379 796
379 637
379 831
379 641
305 379
379 550
259 379
344 379
290 379
379 701
379 866
379 435
379 781
379 696
379 836
135 379
379 838
379 883
379 632
379 861
379 766
330 379
50 379
322 379
379 844
379 653
20 379
294 379
379 535
379 609
379 706
379 579
118 379
90 379
379 887
293 379
379 684
379 869
379 960
343 379
379 665
379 551
318 379
255 379
177 379
379 871
265 379
379 663
379 658
379 929
18 379
379 996
379 484
379 572
379 389
379 676
52 379
379 652
379 569
282 379
379 822
379 397
379 884
379 959
37 379
379 702
379 941
246 379
93 379
360 379
288 379
379 880
127 379
379 678
379 793
379 853
86 379
379 732
379 606
120 379
164 379
379 623
379 496
296 379
291 379
379 436
35 379
241 379
359 379
38 379
379 839
379 753
379 667
379 672
379 890
379 433
253 379
379 824
379 906
379 578
379 625
379 690
379 466
379 901
379 480
21 379
379 827
379 745
379 687
376 379
107 379
379 857
379 999
379 414
113 379
379 876
379 930
379 648
379 534
145 379
379 854
379 912
379 740
379 970
379 727
379 401
304 379
379 897
379 602
349 379
263 379
270 379
189 379
379 686
59 379
379 616
103 379
379 957
379 504
74 379
379 499
379 552
379 894
379 628
379 934
299 379
14 379
249 379
379 636
366 379
379 813
319 379
325 379
379 510
367 379
379 843
239 379
379 439
379 564
250 379
46 379
379 566
379 421
379 889
379 705
379 987
379 638
123 379
379 455
379 991
379 721
379 413
274 379
379 825
379 531
247 379
379 788
5 379
379 580
379 802
379 918
44 379
206 379
379 977
375 379
379 683
379 932
264 379
379 380
379 442
379 978
379 529
379 787
379 523
379 735
379 682
379 946
379 425
161 379
277 379
379 445
379 699
94 379
379 440
111 379
351 379
379 888
379 945
379 388
309 379
379 709
254 379
63 379
379 548
354 379
300 379
379 675
225 379
379 749
379 835
379 808
379 928
379 886
379 762
79 379
292 379
379 411
156 379
379 971
124 379
332 379
158 379
36 379
350 379
379 384
379 968
252 379
379 779
379 829
379 386
379 502
379 383
379 651
39 379
279 379
116 379
379 717
340 379
379 514
379 649
379 537
379 527
379 840
198 379
379 692
228 379
379 391
154 379
379 524
306 379
379 739
379 868
379 964
379 614
379 517
67 379
379 982
244 379
379 924
106 379
379 862
379 860
379 783
379 471
379 859
362 379
269 379
321 379
379 409
326 379
379 782
379 608
379 742
379 790
233 379
379 797
379 898
379 451
379 969
379 748
379 656
108 379
379 962
379 382
379 725
379 828
379 738
379 693
378 379
379 617
379 586
379 619
379 472
379 592
379 710
379 487
227 379
