0
1000
460 677
8 330
182 540
376 516
24 98
565 708
148 193
637 715
266 990
255 754
147 445
88 776
216 314
339 653
427 856
34 82
274 565
716 791
341 368
527 581
33 541
282 767
136 177
271 579
204 220
303 665
597 858
219 671
530 810
447 459
7 763
508 656
434 946
20 586
767 981
599 911
111 582
355 834
143 651
496 657
490 851
92 917
65 672
253 780
318 592
535 860
267 386
367 854
90 604
35 611
125 578
21 328
807 820
224 844
342 730
778 785
293 726
843 925
210 885
377 837
289 925
153 686
523 808
701 826
786 952
750 756
100 776
921 997
446 522
138 300
580 731
422 793
344 770
404 464
242 506
471 773
232 712
483 625
615 862
620 900
380 608
678 738
260 285
77 433
308 852
543 654
176 396
485 880
276 311
603 628
343 384
359 997
128 555
164 686
671 688
334 599
638 707
61 876
396 945
29 639
144 247
86 354
18 287
357 722
653 982
50 261
94 449
629 795
699 878
54 375
538 777
101 262
715 717
191 333
87 835
378 679
258 650
47 998
155 275
117 909
131 317
165 941
202 667
0 231
338 539
744 832
87 362
176 390
448 571
132 307
547 817
318 825
10 309
734 796
512 619
156 281
75 503
173 805
180 403
366 391
129 779
429 847
1 911
621 759
661 717
214 550
504 632
390 453
536 984
48 575
184 280
44 563
368 575
532 837
502 695
700 801
472 482
211 265
644 905
31 235
515 893
35 974
867 879
415 892
197 794
157 712
57 78
194 373
127 508
370 509
279 736
81 769
203 410
166 206
398 818
72 233
376 932
92 98
253 816
443 546
45 589
116 566
491 655
533 747
684 757
171 258
579 868
669 951
122 395
501 870
128 472
180 905
239 965
353 529
326 849
537 822
485 933
617 710
263 666
456 754
334 538
181 546
7 39
569 634
295 992
537 980
209 348
249 615
178 358
208 900
322 402
192 406
441 773
103 624
89 960
165 703
553 757
270 987
69 364
469 477
831 934
664 811
728 937
23 838
393 913
198 720
463 663
899 996
254 866
105 652
640 790
727 762
871 901
59 474
287 863
172 301
265 588
61 791
411 792
631 722
55 660
85 125
142 793
46 924
124 770
37 257
187 675
514 554
154 576
294 694
387 532
595 698
109 219
153 467
269 342
217 654
229 851
99 524
439 635
502 658
114 374
475 788
96 430
354 444
641 811
417 993
41 314
95 736
246 883
799 877
104 227
568 969
126 670
731 935
626 744
28 298
301 740
808 971
407 984
233 846
498 509
195 913
17 118
242 350
140 317
872 919
288 435
264 964
250 277
424 649
320 963
357 952
19 853
120 739
581 866
2 457
132 412
617 702
486 725
288 680
517 549
133 662
148 896
93 96
329 692
30 958
218 276
251 948
110 807
171 949
325 620
72 443
500 919
15 432
391 582
225 880
435 836
315 473
86 916
322 496
478 924
416 494
168 891
315 967
14 241
243 956
327 910
460 585
56 62
29 454
135 928
58 136
400 979
585 679
196 392
733 920
119 702
275 475
825 889
420 874
510 762
742 833
682 710
42 363
372 550
181 196
929 995
490 530
340 471
294 922
135 144
36 186
428 768
169 489
738 800
226 454
207 709
11 273
69 110
88 936
293 618
262 419
346 573
406 455
261 408
99 321
797 926
204 956
648 651
820 873
743 750
304 890
365 961
337 423
545 729
552 749
42 877
591 720
331 817
407 696
716 979
120 680
434 939
822 907
356 631
666 790
230 495
124 638
705 821
6 693
469 988
22 874
492 787
583 799
152 668
191 201
764 881
150 223
450 850
616 831
481 707
426 938
420 697
700 748
83 467
746 852
281 914
633 942
158 590
62 978
266 570
140 713
332 462
725 840
55 536
846 939
223 695
513 572
332 634
60 640
836 915
198 511
70 784
16 525
117 405
56 336
430 689
451 916
13 474
830 996
25 751
429 759
229 850
552 618
284 909
259 592
345 898
80 903
21 157
260 442
164 305
737 863
167 358
453 884
226 835
337 425
674 929
404 987
747 758
321 906
183 222
562 681
528 857
13 440
185 610
221 690
349 413
388 760
316 340
535 779
278 598
557 950
466 685
24 531
480 593
215 994
75 76
236 868
366 753
237 946
277 828
162 507
91 389
77 121
54 194
116 823
10 763
214 346
568 832
36 383
175 481
353 673
401 560
105 563
356 412
121 292
100 780
504 864
431 622
197 891
626 821
141 567
185 494
775 824
66 928
649 812
524 986
43 723
4 17
326 933
610 709
648 669
283 558
637 927
12 783
173 231
556 988
27 676
283 787
438 961
272 364
619 809
405 841
183 416
777 942
437 642
914 940
73 609
203 246
606 895
268 714
8 594
38 656
336 452
94 511
840 903
437 841
133 624
749 854
107 844
273 829
596 647
102 974
190 201
200 207
159 898
529 614
968 969
216 410
68 589
800 894
20 833
683 944
596 887
26 278
488 681
446 704
37 917
63 348
32 89
64 729
174 202
206 339
307 756
149 179
33 505
627 875
224 896
645 922
44 195
49 291
311 945
244 497
230 972
518 611
607 718
12 304
43 306
79 118
126 159
381 972
564 819
46 343
360 590
542 772
179 477
18 886
78 737
728 953
397 450
138 381
296 468
308 918
533 544
857 985
290 760
377 570
518 639
57 186
698 897
323 809
115 555
52 192
386 910
38 313
487 491
370 959
108 440
480 912
379 613
31 442
295 449
250 751
34 310
804 904
672 771
328 413
577 965
499 724
65 212
149 879
141 699
600 743
934 994
399 458
290 895
49 561
558 947
130 684
81 389
691 932
177 523
818 881
296 486
127 855
458 557
870 912
630 893
16 418
621 741
335 500
68 616
456 869
362 385
251 786
9 655
331 843
551 977
459 812
70 735
477 478
168 970
745 789
237 734
890 953
145 549
675 788
670 802
324 732
375 774
66 752
595 623
240 319
22 888
302 838
189 252
264 584
4 5
267 347
417 983
84 338
200 473
726 975
143 884
628 815
521 839
161 249
498 989
189 282
363 497
534 586
409 636
225 493
227 643
45 991
477 553
457 591
805 941
166 528
324 774
462 999
704 889
694 999
583 908
221 985
541 940
517 614
601 869
488 594
182 559
484 803
506 713
387 901
593 703
145 955
101 927
427 451
0 569
51 114
154 351
174 746
468 534
418 612
74 894
361 383
23 521
597 845
129 507
604 806
622 842
350 730
325 659
142 696
30 73
548 796
76 883
566 623
761 976
289 768
667 678
90 425
693 766
380 483
274 374
477 859
5 643
461 719
652 937
32 384
137 411
320 827
160 178
297 802
431 718
245 330
80 978
414 567
255 542
705 947
606 764
701 938
113 871
745 986
3 115
765 957
111 303
139 607
345 875
562 954
436 834
951 959
539 605
708 714
14 438
526 935
241 990
40 465
461 795
403 739
645 806
587 632
349 477
372 663
408 515
238 545
257 556
323 665
444 878
213 949
97 470
492 930
603 859
146 674
578 646
199 930
306 782
690 755
572 816
213 402
279 309
234 600
245 897
137 650
647 867
51 975
827 885
352 706
477 781
95 162
286 944
160 826
543 981
302 633
15 352
134 842
906 926
74 872
139 798
379 385
464 848
470 727
79 721
3 612
25 697
134 292
477 819
280 813
319 493
106 131
858 902
394 982
514 920
482 948
522 584
122 484
766 860
601 936
215 711
499 887
151 609
71 512
531 677
814 963
341 847
156 489
175 574
310 510
236 516
248 873
636 915
422 662
123 691
67 856
452 503
448 479
748 962
862 882
588 783
371 476
199 781
479 814
84 931
113 983
360 792
155 400
771 964
170 559
263 968
931 950
804 977
723 824
28 782
256 312
82 527
397 980
102 966
193 960
209 228
300 525
382 692
167 436
172 248
187 463
151 163
415 991
147 719
823 967
676 752
433 687
312 414
53 580
547 888
1 861
333 962
554 886
2 668
297 688
170 369
957 993
419 706
644 775
574 861
421 689
212 661
548 605
52 973
683 848
664 784
367 685
371 740
845 876
109 971
769 955
399 998
687 943
9 378
501 902
347 540
642 830
59 222
152 829
112 487
60 801
50 954
392 908
409 839
441 865
432 602
373 778
613 753
286 673
455 657
48 210
351 992
6 234
641 923
344 519
217 270
305 892
526 758
218 899
428 797
882 943
395 505
813 976
163 272
254 256
150 393
285 520
240 369
761 865
394 658
244 355
271 966
47 447
211 382
169 560
268 864
53 188
97 561
63 576
298 921
146 243
238 789
67 107
184 228
495 923
103 918
316 970
299 466
721 810
161 551
188 828
733 798
608 735
423 973
239 520
106 291
602 958
205 855
190 803
83 629
119 259
123 327
359 424
361 853
630 741
235 398
401 682
426 465
27 335
571 660
40 732
365 724
299 904
646 995
64 627
39 85
19 58
71 476
93 659
220 269
598 742
711 849
108 785
41 247
112 205
91 577
794 907
313 989
208 445
232 329
252 573
104 587
421 519
284 635
564 772
11 158
544 765
