0
1000
190 632
190 476
190 638
284 544
292 762
134 821
103 190
535 932
190 458
190 356
190 543
190 417
197 905
190 276
296 511
15 530
347 727
71 821
54 208
676 988
190 674
190 893
190 880
642 894
190 196
826 856
47 190
190 545
190 665
190 734
27 190
190 338
190 461
190 711
347 928
190 957
70 804
259 302
190 485
177 190
190 493
131 190
21 190
14 36
205 551
147 190
882 986
190 733
906 973
190 875
190 350
146 642
407 922
190 266
190 811
19 567
7 917
702 941
190 410
796 851
190 500
190 191
190 559
190 912
312 824
862 987
603 807
124 190
94 190
60 900
164 190
161 980
190 675
190 940
3 764
121 190
190 650
115 673
190 290
694 697
190 627
126 249
229 544
23 507
190 897
190 757
190 720
420 656
187 320
522 907
190 569
190 936
144 815
280 673
59 878
190 520
190 282
116 190
190 541
190 565
102 190
190 574
190 238
0 926
106 119
149 533
351 849
190 942
156 190
537 587
272 922
190 269
190 975
190 933
465 494
190 348
172 190
477 653
190 602
190 699
909 918
185 446
190 557
190 946
132 190
190 387
502 928
14 695
253 919
101 190
190 509
250 905
190 806
666 927
314 700
271 429
392 423
190 629
41 463
190 701
190 584
190 913
221 294
511 781
198 234
190 736
190 860
388 572
223 813
190 683
106 353
190 326
39 190
529 767
201 816
190 721
190 593
52 649
304 413
190 397
190 395
9 85
190 390
190 803
190 872
784 891
560 679
63 997
168 190
113 400
190 452
376 532
190 558
286 692
869 963
368 587
425 497
188 799
667 948
208 454
456 919
45 190
190 324
123 190
190 633
345 361
17 678
609 718
510 519
473 956
301 775
605 728
190 994
50 190
190 684
286 538
32 563
190 839
190 226
190 363
99 190
190 890
498 926
190 383
415 447
339 728
190 938
82 190
190 303
133 190
524 577
190 412
190 998
190 657
190 439
190 598
854 958
482 687
53 446
140 540
190 357
834 901
301 908
332 581
162 712
64 311
824 969
190 479
309 636
68 189
712 765
81 867
190 920
198 325
190 658
190 474
112 190
190 333
646 797
190 199
873 993
70 767
190 318
190 313
190 951
222 927
61 335
114 144
77 190
229 832
190 279
694 978
592 603
165 190
190 539
122 976
87 433
12 190
190 255
190 812
54 63
304 518
190 705
57 809
621 883
190 261
394 450
190 970
349 403
487 784
190 344
298 589
190 947
510 793
190 857
120 190
190 996
444 851
61 754
190 810
190 236
190 492
35 72
526 941
190 317
368 516
353 845
190 596
817 853
190 491
167 887
190 967
193 902
190 268
190 462
442 481
264 531
189 406
429 862
190 440
151 307
505 834
668 976
442 577
137 626
190 310
190 360
31 190
533 906
190 380
670 762
59 761
190 409
190 283
190 496
190 364
190 459
190 285
885 983
190 436
84 190
336 664
190 944
159 190
190 729
212 297
549 695
339 861
230 300
190 274
305 961
157 190
190 211
190 225
190 850
233 393
190 794
128 190
218 532
190 521
415 637
345 878
190 949
34 190
190 788
163 190
138 190
142 190
52 653
490 863
190 449
190 628
340 680
571 668
367 428
300 374
463 477
53 616
759 799
190 640
190 689
1 190
158 328
190 744
411 943
190 842
167 617
97 599
190 435
853 930
190 635
385 518
958 965
38 863
378 727
190 925
190 451
408 988
190 995
190 228
190 881
190 588
604 804
148 190
195 508
169 524
895 915
46 482
190 248
190 512
41 321
205 308
96 190
90 190
190 870
10 80
190 359
190 823
33 190
160 190
190 865
104 468
190 791
9 89
291 401
309 651
190 200
190 281
190 513
190 630
161 537
130 190
243 980
74 190
190 760
126 203
381 636
453 497
190 989
190 430
139 837
190 595
4 952
55 883
499 706
76 215
190 717
190 756
455 774
26 190
190 573
13 663
190 899
529 935
190 879
22 190
530 592
190 750
28 502
88 820
253 413
162 264
190 968
499 531
579 786
183 240
190 343
702 981
190 206
193 786
554 898
169 232
377 930
190 475
582 838
190 966
190 688
28 329
64 294
190 855
393 600
182 950
190 722
67 190
190 306
180 700
71 316
118 909
190 369
58 375
190 738
466 698
190 293
244 888
218 978
190 267
171 190
190 354
190 859
44 190
190 275
68 176
139 562
98 190
398 747
190 402
190 471
444 514
190 352
86 190
374 677
190 924
179 991
780 934
179 271
233 997
180 273
190 782
190 252
414 974
535 950
6 190
25 190
217 262
251 981
334 611
190 622
190 424
190 841
411 741
190 448
190 962
190 245
340 656
137 526
145 378
972 979
190 682
190 790
591 692
747 778
190 561
671 715
329 599
190 639
105 563
190 612
190 467
190 739
895 984
176 203
190 735
190 896
190 960
221 576
51 190
190 486
190 889
190 641
334 515
190 985
190 914
48 190
419 991
190 434
190 822
190 536
190 239
127 190
5 190
190 270
122 634
62 190
109 752
743 749
190 707
190 219
29 190
190 847
146 262
56 190
732 801
141 828
190 289
190 382
190 472
190 213
901 904
190 384
399 494
190 785
36 407
190 652
65 91
217 296
190 654
73 190
677 724
190 730
190 843
2 190
190 773
43 190
190 818
517 861
190 553
190 202
190 923
254 887
243 489
190 755
175 576
109 332
190 795
607 832
681 765
250 320
15 797
336 898
72 770
190 204
331 580
190 836
170 904
831 929
190 937
190 745
190 710
7 480
613 724
190 737
190 805
473 774
190 708
609 820
280 725
731 772
190 866
190 527
265 562
297 523
190 501
567 918
190 503
456 723
35 953
75 190
190 525
190 802
42 222
190 327
190 224
190 954
190 342
190 246
151 644
16 190
0 57
190 608
190 659
570 732
104 550
190 858
190 372
190 546
87 833
190 808
190 427
691 979
190 829
581 725
79 751
4 719
302 637
190 371
190 874
190 911
30 190
24 190
190 945
187 943
335 522
505 813
190 457
107 885
190 910
145 351
703 982
801 831
273 358
190 445
190 669
46 256
111 118
190 746
358 361
190 768
40 984
183 932
190 624
93 190
190 594
20 190
234 516
178 644
134 244
190 844
19 158
190 373
190 542
190 257
23 91
825 934
254 284
848 888
140 819
181 455
547 764
154 190
648 955
188 623
414 753
190 660
190 575
868 959
76 948
174 825
798 835
190 263
305 610
190 619
190 315
190 258
403 621
190 469
190 606
465 882
741 748
877 953
190 488
190 288
540 672
190 726
223 647
190 299
514 714
83 170
328 766
182 298
190 355
190 601
227 549
100 190
89 259
560 868
58 173
447 583
408 579
42 79
428 807
190 209
190 921
227 955
586 614
110 190
190 322
107 908
418 571
287 418
13 589
190 260
190 615
108 190
330 873
190 992
399 667
190 438
117 907
190 876
190 432
190 999
676 826
40 749
690 935
406 613
190 231
230 377
190 528
178 952
190 192
190 552
155 175
190 662
341 420
190 504
113 554
190 555
433 977
190 337
17 891
190 362
135 190
143 190
136 330
586 663
190 495
190 931
190 713
190 207
466 961
190 590
704 775
314 892
149 454
92 190
487 792
401 770
519 869
600 982
8 190
141 714
88 341
190 840
190 620
398 848
190 365
190 771
190 391
583 649
190 787
190 777
538 706
753 798
190 464
190 903
190 370
272 835
115 792
819 987
287 388
190 443
515 547
687 761
190 800
366 693
450 759
136 617
190 220
190 237
190 990
111 977
190 779
190 578
190 758
375 517
190 716
648 776
190 319
366 551
190 506
241 680
394 965
201 983
150 190
460 478
480 915
678 993
190 864
816 986
251 854
197 929
190 597
190 783
346 828
190 742
190 585
190 210
195 431
877 917
173 311
152 969
81 155
696 846
66 190
11 190
69 610
423 715
190 534
316 679
240 312
190 740
114 400
468 670
190 277
190 379
295 793
481 856
376 963
190 323
349 646
37 190
190 416
190 421
38 572
691 778
190 386
190 709
321 453
83 719
190 769
18 190
295 550
190 631
422 731
190 564
190 242
190 686
186 190
10 346
292 478
190 964
190 830
419 867
507 580
166 190
623 696
437 489
190 389
698 817
212 607
190 566
460 781
437 618
190 568
185 291
190 404
190 247
331 523
190 556
190 884
190 625
190 886
190 470
591 973
190 194
582 894
190 827
900 959
498 570
125 190
190 871
190 405
184 190
49 190
69 693
105 672
614 690
3 265
190 548
190 971
174 214
241 385
422 604
634 752
95 190
181 838
508 703
697 754
616 849
97 249
190 763
65 704
190 643
190 441
308 833
190 845
367 392
60 902
232 796
190 939
190 426
190 396
32 772
307 626
117 837
119 214
153 190
190 916
190 484
611 671
751 776
647 723
190 645
780 846
215 431
666 743
55 618
256 605
381 809
748 766
190 655
129 190
190 661
664 892
190 278
152 325
78 190
85 815
190 852
190 789
425 651
190 685
190 814
190 483
681 974
190 235
190 216
80 956
718 972
