0
1000
661 868
7 397
102 366
344 365
430 934
646 791
17 877
118 450
309 336
524 813
149 209
844 886
460 850
592 933
362 964
74 951
279 547
254 953
670 997
252 910
239 931
160 825
29 436
631 692
355 948
496 575
13 338
72 856
287 394
858 926
34 679
433 633
686 690
202 740
76 490
589 759
393 420
849 874
439 965
214 501
165 389
381 666
192 892
611 978
533 821
18 730
223 374
705 962
931 952
407 727
618 842
315 896
847 930
141 232
137 970
261 956
283 694
680 922
408 663
206 949
205 431
464 793
319 799
106 350
188 589
136 511
290 526
681 988
588 682
198 478
115 254
128 838
422 452
46 905
160 437
34 763
469 595
91 960
111 314
71 207
267 636
114 248
94 97
192 960
451 806
101 772
118 894
619 999
537 669
522 577
421 477
37 519
194 878
526 804
600 774
865 958
87 213
202 504
226 996
8 658
236 558
630 954
311 859
30 490
223 717
102 234
230 233
462 541
47 321
660 969
453 951
491 699
390 995
331 412
854 976
270 617
441 891
397 696
284 785
670 780
57 975
94 477
110 582
203 688
460 991
344 652
434 852
20 654
510 838
116 179
39 983
336 379
200 692
108 910
318 488
242 503
426 816
269 782
19 984
92 561
423 899
273 593
49 257
71 431
237 244
342 819
900 971
699 726
103 212
697 811
830 891
19 130
459 790
534 543
708 879
425 496
55 113
346 758
408 744
842 924
537 636
1 722
228 764
337 399
389 617
373 415
24 915
253 742
278 312
416 424
152 345
719 917
626 684
525 786
371 938
363 725
465 773
552 700
76 406
333 855
822 972
52 518
771 863
390 886
826 839
15 413
17 522
108 246
689 808
111 984
494 770
186 887
293 521
687 769
772 876
140 509
183 262
809 812
606 669
41 400
115 211
162 593
52 624
433 796
508 943
549 560
23 793
379 632
871 979
65 999
648 898
644 957
4 35
647 881
113 888
249 304
286 897
227 399
413 870
649 881
447 906
262 944
78 392
299 312
61 586
98 268
250 955
347 766
464 596
62 445
349 789
735 789
159 696
434 913
168 285
242 657
544 564
268 458
173 535
119 937
308 467
257 795
158 232
402 575
82 918
671 681
788 861
610 837
88 568
843 982
73 815
267 631
84 829
676 720
609 614
43 545
288 328
697 820
375 733
85 341
463 741
20 164
131 541
484 625
211 857
69 756
296 864
385 639
686 841
6 315
292 673
159 351
191 264
129 574
584 753
109 604
484 643
581 702
23 572
453 949
142 946
89 539
302 890
588 869
627 970
11 727
104 374
505 777
456 525
305 529
512 671
356 843
441 766
151 942
311 981
360 361
56 798
74 655
167 353
607 926
35 387
354 998
923 964
196 919
320 770
238 500
597 744
380 726
140 989
247 771
259 459
60 457
68 116
157 730
729 907
42 759
711 814
682 893
171 521
150 921
33 209
410 871
146 366
67 585
75 146
612 777
231 578
427 566
163 502
832 939
829 939
306 704
169 282
489 601
64 885
130 498
580 620
687 907
32 364
748 994
158 271
557 948
129 885
349 640
587 882
319 540
2 69
272 888
274 297
483 947
310 867
335 857
155 668
455 935
243 817
107 903
563 764
439 836
170 807
351 384
217 606
457 594
573 713
29 895
587 961
97 750
141 411
348 417
70 225
307 627
251 386
713 928
40 605
403 603
100 655
226 415
333 925
24 613
99 562
472 950
63 106
322 818
67 647
180 813
714 945
427 936
779 993
75 715
447 947
39 879
375 444
61 284
698 814
353 506
846 973
189 469
524 797
137 471
548 831
501 601
255 487
841 903
294 660
104 643
566 802
260 709
125 303
323 463
154 884
186 667
516 586
125 256
235 446
324 409
548 582
128 244
468 664
184 798
28 55
43 269
181 657
95 241
471 705
576 757
581 785
645 799
250 436
15 528
191 679
564 787
355 546
401 889
388 701
70 849
239 364
57 779
396 755
126 787
354 690
258 622
872 911
340 499
0 639
54 271
717 723
120 215
240 339
301 904
536 968
293 513
6 550
743 968
634 872
12 286
151 792
51 62
527 565
216 474
584 966
174 523
178 855
21 500
318 986
558 635
200 712
535 884
48 576
528 648
100 299
334 623
372 580
91 716
410 616
420 702
306 893
59 790
602 688
653 898
360 932
328 438
60 662
780 782
598 942
26 685
784 866
197 343
559 953
161 724
235 482
204 583
1 148
86 592
414 532
122 409
123 866
152 161
180 653
13 405
405 650
182 400
264 665
781 887
84 802
553 556
499 944
207 629
599 725
193 442
132 990
599 788
134 920
428 748
350 714
532 533
88 930
12 395
678 853
680 946
296 851
219 754
44 718
222 482
30 197
32 940
205 323
121 347
432 563
213 708
633 737
155 579
626 988
384 567
358 656
473 900
331 594
322 824
544 952
171 958
175 520
295 747
166 503
143 571
590 767
359 736
450 516
736 810
498 659
16 731
860 959
25 456
367 704
96 556
743 980
145 873
691 823
418 683
221 913
534 554
488 569
467 644
240 376
185 621
685 786
615 727
361 481
27 937
481 928
883 967
517 963
117 261
18 992
807 869
831 897
309 880
14 749
675 754
292 565
168 992
196 620
449 860
36 139
429 677
249 618
139 470
504 675
378 625
629 833
80 763
338 514
549 806
255 916
266 836
317 985
273 478
452 721
147 542
220 227
396 840
22 308
265 298
230 476
398 480
81 862
105 595
363 523
462 613
455 929
265 689
68 927
795 962
120 811
395 801
64 339
45 991
66 621
414 773
483 859
92 547
63 877
723 961
602 698
90 909
156 561
345 997
173 497
4 224
734 977
119 562
103 661
607 817
508 969
263 747
287 738
429 701
394 597
638 710
290 570
40 854
676 800
163 577
749 832
430 531
66 794
746 804
440 938
403 479
376 572
220 404
241 732
3 275
182 929
46 231
377 493
270 823
596 874
343 475
179 367
722 847
446 569
280 382
149 272
280 608
391 579
208 630
144 275
89 138
195 918
362 852
317 545
568 641
416 683
325 957
574 822
494 543
485 518
335 894
252 612
124 466
59 382
212 695
332 733
276 615
291 432
411 514
703 906
428 642
324 672
72 387
77 383
218 492
42 646
426 691
370 828
451 728
21 624
300 466
221 348
288 973
664 818
509 583
821 971
510 536
36 53
590 703
850 975
131 591
79 210
127 167
310 715
895 986
148 614
419 539
739 794
737 976
435 801
445 454
172 760
181 693
190 260
48 546
253 941
529 815
199 750
783 892
320 642
174 175
5 225
162 424
37 755
301 305
177 398
327 371
495 677
10 917
370 605
474 914
0 987
745 856
775 925
121 307
873 934
246 435
50 899
54 282
107 381
645 912
440 769
251 665
321 448
135 277
170 751
774 904
201 889
520 560
143 511
294 878
49 422
238 554
423 551
99 945
473 497
487 761
45 738
234 531
41 963
656 863
136 678
465 654
279 512
188 219
340 707
145 491
861 914
694 760
83 530
449 765
803 834
105 875
83 176
25 768
651 920
827 901
217 808
834 933
506 858
538 846
266 848
8 56
329 444
73 990
248 383
393 868
608 649
357 578
51 542
377 820
78 673
314 840
114 229
153 828
809 980
476 486
298 419
2 684
443 461
637 845
628 762
31 519
706 835
297 972
229 778
966 985
263 342
85 93
368 619
153 346
289 313
402 844
87 470
591 965
668 742
329 555
237 974
385 940
198 848
628 659
570 845
739 826
442 805
50 632
651 875
82 909
316 663
313 915
412 922
386 740
283 932
22 853
365 378
133 700
81 935
157 996
559 912
468 775
495 741
274 332
640 816
10 243
553 758
709 923
334 732
47 974
391 776
302 352
183 215
538 835
530 989
86 776
902 977
187 851
210 502
662 890
417 998
14 278
303 550
169 485
955 982
142 882
289 421
276 707
233 753
201 326
236 259
358 995
26 762
135 438
443 805
571 752
65 752
58 190
195 418
610 981
126 551
27 824
486 598
98 941
356 812
330 392
117 800
710 796
768 936
489 864
517 585
330 719
154 721
734 791
316 916
555 883
164 667
127 927
199 573
757 867
862 880
437 718
761 911
258 783
112 603
304 513
222 674
9 369
80 711
7 77
493 959
372 839
327 337
176 674
527 600
507 837
109 987
44 281
184 458
165 637
300 326
5 765
247 950
53 96
172 203
479 954
406 956
189 746
218 724
978 993
368 924
3 983
132 295
567 728
666 810
224 729
95 712
756 792
228 461
552 623
833 896
138 672
101 480
214 827
150 492
156 658
134 693
206 870
31 325
58 147
277 622
401 967
93 122
865 919
245 745
285 650
208 706
359 634
124 166
133 901
90 751
472 720
38 373
352 604
341 635
388 876
144 825
123 185
178 281
79 819
611 994
291 505
454 695
256 616
369 908
16 735
475 830
357 448
28 204
652 767
194 557
515 921
425 908
515 609
731 784
38 716
193 803
641 905
112 902
245 979
177 943
404 540
33 380
778 781
110 797
216 638
9 187
