0
1000
415 614
415 666
415 459
333 415
415 624
141 415
415 500
415 719
253 415
352 415
415 729
415 631
415 440
415 446
186 415
77 415
138 415
415 676
14 415
415 687
382 863
212 710
415 810
112 415
102 415
415 815
415 724
415 499
415 843
169 415
240 415
10 415
415 720
415 753
415 442
415 516
415 848
87 415
415 727
285 415
6 415
289 415
108 415
249 415
415 919
177 415
415 426
415 684
284 415
415 845
415 933
415 755
224 415
415 991
415 477
415 734
360 415
415 587
415 430
415 513
397 415
71 415
415 869
415 956
415 780
196 415
415 444
113 415
72 415
415 464
220 415
415 823
415 576
415 651
278 415
398 415
415 995
410 415
415 738
415 786
415 578
379 415
415 737
415 675
415 779
415 777
415 700
620 878
415 789
415 632
8 465
415 539
415 776
94 415
35 415
175 415
415 965
415 860
59 415
415 640
415 552
202 415
82 415
415 544
415 833
210 415
415 533
415 800
415 439
415 978
415 997
415 541
319 415
415 924
415 982
415 735
236 415
376 415
43 415
415 645
415 828
198 415
341 415
415 693
415 657
321 415
374 415
415 460
32 415
131 415
115 415
415 654
320 415
367 415
232 415
228 415
415 746
313 415
415 749
300 415
245 415
415 873
415 454
415 626
415 847
415 482
415 633
415 579
283 415
254 415
119 415
415 748
415 996
415 733
219 415
404 415
415 479
238 415
223 415
415 515
363 415
415 609
181 415
351 415
415 589
244 415
415 947
415 827
269 415
273 415
415 537
290 415
304 415
147 415
415 659
237 415
415 669
415 989
218 415
415 993
415 935
415 979
64 415
415 813
415 723
296 415
415 569
415 490
415 817
465 564
60 415
415 819
415 481
415 958
415 567
305 415
745 938
62 415
415 783
415 563
58 415
364 415
415 766
415 681
415 744
88 415
415 553
415 598
415 807
415 717
179 415
415 743
339 415
415 964
162 415
415 909
293 415
415 438
24 415
415 887
415 928
361 415
415 893
415 709
415 582
279 415
415 850
415 505
415 452
415 811
415 801
45 415
415 548
407 415
415 470
415 999
111 415
415 906
415 764
415 487
312 415
189 415
415 987
415 754
275 415
103 415
415 944
211 415
268 415
415 957
20 415
67 415
415 570
415 538
415 521
308 415
96 415
415 773
132 415
415 770
415 473
234 415
415 767
415 606
31 415
415 542
415 618
415 861
0 415
415 508
174 415
415 436
50 415
415 816
357 415
187 864
415 523
389 415
403 415
415 983
415 981
415 478
415 453
266 415
415 535
415 605
215 415
415 664
415 471
415 972
415 421
262 415
415 858
415 898
415 903
415 851
415 678
415 725
415 593
415 685
415 476
415 774
173 415
415 818
200 415
415 990
26 415
415 731
415 674
259 415
415 434
105 415
415 918
29 415
39 415
415 506
393 415
415 970
415 549
415 670
415 812
359 415
303 415
203 415
79 415
310 415
415 820
415 852
145 415
415 892
185 415
74 415
18 415
415 913
415 751
415 840
415 874
415 880
109 415
221 415
415 443
158 415
415 760
415 663
415 601
415 612
415 502
415 763
324 415
415 449
415 904
415 792
425 864
415 977
81 415
415 784
415 427
264 415
123 415
415 472
415 707
415 901
415 509
415 829
415 877
415 536
415 520
250 415
415 831
415 714
415 648
415 940
316 415
27 415
415 532
231 415
415 671
415 867
190 415
47 415
97 415
265 415
260 415
415 498
84 415
415 844
415 660
415 821
151 415
415 424
288 415
415 908
415 862
80 415
348 415
101 415
415 803
415 603
401 415
415 891
227 415
415 653
165 415
415 962
40 415
415 855
297 415
415 886
365 415
85 415
125 415
176 415
415 871
143 415
415 662
127 415
122 415
415 545
338 415
415 689
415 522
207 415
415 688
415 455
415 761
415 432
415 912
314 415
564 710
195 415
415 634
415 943
63 415
309 415
384 415
2 415
415 622
400 415
415 637
415 458
328 415
415 630
18 620
415 896
415 984
415 966
415 968
415 661
12 415
415 611
412 415
415 554
415 699
415 946
286 415
415 673
381 415
354 415
137 415
415 740
415 468
327 415
415 793
358 415
415 647
299 415
415 726
415 617
415 557
415 485
391 415
415 619
415 959
415 973
415 834
350 415
21 415
261 415
415 711
167 415
128 415
135 415
415 597
56 415
415 491
415 804
69 415
415 492
180 415
415 883
377 415
415 975
415 525
414 415
415 856
415 920
415 826
415 879
415 718
251 415
415 704
98 415
36 415
415 571
353 415
415 963
415 713
415 445
415 573
415 574
197 415
415 635
383 415
415 795
55 415
415 577
201 415
415 565
415 985
114 415
229 415
388 415
415 945
323 415
415 551
163 415
149 415
415 758
242 415
415 566
415 423
415 808
387 415
415 971
392 415
415 794
415 950
194 415
415 889
415 805
301 415
415 595
415 641
368 415
415 608
415 461
415 932
406 415
415 775
415 527
415 716
38 415
152 415
343 415
192 415
23 415
154 415
415 769
213 415
415 931
415 866
336 415
415 778
415 948
402 415
235 415
415 998
415 941
415 865
349 415
415 736
91 415
415 897
52 415
34 415
415 581
415 785
415 952
347 415
267 415
380 558
415 859
415 450
78 415
415 650
51 415
7 415
4 415
415 799
415 517
415 655
415 787
415 706
70 415
216 415
372 415
110 415
415 930
146 415
15 415
415 884
415 967
415 683
415 781
415 480
415 420
415 488
415 846
415 547
44 415
19 415
130 415
415 555
233 415
11 415
415 428
415 621
415 501
390 415
206 415
415 534
394 415
415 698
133 415
415 462
371 415
415 514
415 474
332 415
415 836
16 415
415 543
415 512
415 868
415 728
415 568
415 644
415 838
415 638
415 431
66 415
415 590
415 809
415 560
415 988
355 415
415 825
415 696
415 437
415 902
191 415
270 415
187 745
415 695
415 447
415 697
415 747
415 469
415 625
415 623
317 415
226 415
255 415
415 796
335 415
415 955
89 415
415 885
415 627
276 415
415 665
415 422
380 878
415 721
378 415
415 628
415 742
157 415
415 980
415 531
118 415
413 415
161 415
409 415
415 629
126 415
415 616
415 914
73 415
415 680
61 415
415 580
395 415
9 415
326 415
280 415
415 994
415 907
415 667
331 415
183 415
415 690
415 607
415 494
117 415
415 596
252 415
139 415
415 837
415 546
415 890
415 835
415 741
256 415
415 658
171 382
415 691
415 915
272 415
415 722
415 636
415 584
241 415
217 415
415 652
13 415
415 905
415 692
415 433
415 518
415 529
415 451
415 613
291 415
415 942
415 822
342 415
415 894
415 457
294 415
415 708
415 642
415 759
415 916
415 788
315 415
415 954
415 929
204 415
37 415
153 415
415 524
415 824
30 415
164 415
415 649
415 849
415 772
257 415
415 798
8 171
415 917
90 415
148 415
415 732
57 415
239 415
124 415
415 814
405 415
415 854
415 961
222 415
415 572
415 419
107 415
415 496
415 639
415 762
83 415
415 682
65 415
230 415
415 841
415 493
209 415
292 415
415 600
415 562
415 429
129 415
415 882
415 466
415 888
340 415
329 415
311 415
510 558
415 927
415 960
415 926
415 643
170 415
415 677
415 853
243 415
415 797
86 415
106 415
415 936
345 415
396 415
415 586
46 415
415 475
415 750
318 415
415 976
75 415
415 592
415 949
142 415
415 969
415 561
415 646
140 415
415 540
344 415
415 881
3 415
100 415
415 519
415 922
415 679
93 415
415 771
415 790
246 415
5 415
182 415
415 768
385 415
415 615
415 610
415 526
411 415
415 870
415 715
306 415
415 588
366 415
415 550
99 415
322 415
415 463
160 415
208 415
415 416
116 415
76 415
415 925
415 489
415 435
415 923
334 415
415 656
415 739
248 415
415 900
150 415
415 953
136 415
415 486
415 712
33 415
346 415
425 863
214 415
415 752
144 415
415 705
48 415
415 875
415 504
415 503
415 839
120 415
277 415
415 441
53 415
415 791
415 857
42 415
415 530
415 583
325 415
415 483
199 415
415 802
415 602
415 934
415 591
373 415
370 415
247 415
287 415
330 415
415 756
166 415
282 415
415 599
356 415
415 895
258 415
415 604
415 484
415 921
415 448
1 415
271 415
415 910
369 415
298 415
212 510
415 528
415 757
178 415
415 986
104 415
307 415
415 951
415 495
415 939
415 507
415 417
362 415
415 559
415 668
415 703
415 911
415 556
172 415
415 937
415 730
415 594
54 415
274 415
415 511
25 415
205 415
415 832
168 415
415 686
415 876
408 415
415 842
295 415
415 701
415 467
415 575
193 415
22 415
415 782
121 415
415 765
415 872
415 694
399 415
415 456
159 415
92 415
415 992
415 830
68 415
302 415
415 497
415 585
415 418
415 702
188 415
281 415
184 415
375 415
225 415
337 415
28 415
415 974
415 672
386 415
17 415
415 899
95 415
156 415
49 415
263 415
41 415
415 806
155 415
134 415
