0
1000
117 118
531 532
769 770
64 65
475 476
577 578
241 242
55 56
802 803
558 559
703 704
856 857
745 746
569 570
335 336
254 255
13 14
491 492
140 141
992 993
737 738
378 379
620 621
567 568
233 234
400 401
301 302
278 279
370 371
229 230
326 327
285 286
984 985
449 450
497 498
852 853
99 100
768 769
820 821
130 131
535 536
740 741
840 841
900 901
695 696
954 955
176 177
908 909
146 147
753 754
330 331
596 597
81 82
857 858
864 865
957 958
232 233
52 53
967 968
297 298
998 999
906 907
575 576
903 904
797 798
58 59
142 143
916 917
502 503
689 690
365 366
968 969
169 170
642 643
212 213
691 692
831 832
986 987
408 409
32 33
448 449
850 851
222 223
86 87
742 743
589 590
938 939
317 318
352 353
105 106
560 561
110 111
165 166
484 485
346 347
787 788
362 363
922 923
990 991
624 625
607 608
657 658
314 315
930 931
670 671
788 789
958 959
46 47
331 332
863 864
873 874
341 342
191 192
211 212
319 320
523 524
806 807
89 90
982 983
382 383
621 622
456 457
253 254
665 666
759 760
987 988
758 759
785 786
460 461
959 960
114 115
674 675
65 66
578 579
847 848
42 43
705 706
0 2
274 275
184 185
583 584
936 937
129 130
971 972
77 78
940 941
273 274
288 289
859 860
741 742
504 505
249 250
766 767
180 181
75 76
619 620
38 39
628 629
206 207
991 992
269 270
122 123
789 790
247 248
701 702
904 905
76 77
635 636
611 612
339 340
655 656
762 763
751 752
63 64
604 605
946 947
492 493
625 626
713 714
981 982
726 727
308 309
372 373
851 852
955 956
171 172
812 813
862 863
508 509
877 878
941 942
807 808
570 571
725 726
225 226
719 720
839 840
245 246
633 634
832 833
541 542
591 592
446 447
801 802
234 235
93 94
353 354
481 482
295 296
584 585
485 486
944 945
26 27
648 649
259 260
401 402
348 349
189 190
453 454
163 164
585 586
404 405
829 830
911 912
895 896
183 184
78 79
515 516
739 740
345 346
361 362
61 62
966 967
414 415
36 37
927 928
464 465
160 161
261 262
527 528
588 589
379 380
860 861
403 404
53 54
181 182
782 783
427 428
200 201
21 22
887 888
435 436
686 687
4 5
329 330
8 9
488 489
772 773
320 321
543 544
141 142
256 257
125 126
119 120
925 926
828 829
432 433
996 997
479 480
207 208
296 297
71 72
121 122
210 211
825 826
682 683
890 891
167 168
678 679
520 521
879 880
305 306
223 224
793 794
12 13
186 187
755 756
430 431
60 61
153 154
88 89
41 42
51 52
367 368
949 950
106 107
808 809
618 619
694 695
62 63
420 421
553 554
997 998
983 984
374 375
397 398
276 277
961 962
803 804
563 564
646 647
600 601
3 4
565 566
322 323
521 522
440 441
185 186
827 828
921 922
750 751
918 919
519 520
988 989
708 709
539 540
198 199
861 862
514 515
155 156
101 102
980 981
24 25
844 845
452 453
699 700
79 80
672 673
516 517
509 510
661 662
337 338
124 125
774 775
704 705
246 247
574 575
517 518
573 574
425 426
748 749
518 519
580 581
688 689
91 92
924 925
47 48
271 272
576 577
34 35
587 588
277 278
266 267
385 386
730 731
811 812
321 322
555 556
421 422
951 952
894 895
767 768
776 777
11 12
697 698
659 660
526 527
102 103
671 672
383 384
439 440
392 393
786 787
139 140
310 311
214 215
375 376
556 557
455 456
884 885
614 615
931 932
172 173
736 737
554 555
260 261
732 733
248 249
459 460
717 718
564 565
127 128
914 915
784 785
57 58
885 886
744 745
974 975
292 293
973 974
486 487
69 70
366 367
324 325
928 929
835 836
104 105
716 717
738 739
226 227
848 849
913 914
156 157
94 95
795 796
920 921
631 632
881 882
279 280
696 697
45 46
238 239
437 438
669 670
193 194
415 416
16 17
143 144
572 573
763 764
18 19
846 847
115 116
131 132
714 715
571 572
287 288
761 762
798 799
257 258
83 84
44 45
814 815
878 879
933 934
953 954
945 946
465 466
476 477
487 488
280 281
872 873
781 782
388 389
230 231
412 413
312 313
643 644
692 693
380 381
875 876
23 24
417 418
602 603
394 395
37 38
236 237
461 462
390 391
205 206
917 918
544 545
799 800
49 50
108 109
752 753
431 432
349 350
30 31
886 887
300 301
197 198
729 730
239 240
910 911
294 295
592 593
14 15
137 138
706 707
683 684
534 535
445 446
855 856
830 831
252 253
652 653
550 551
360 361
679 680
389 390
244 245
700 701
500 501
334 335
650 651
0 1
416 417
845 846
681 682
498 499
467 468
29 30
685 686
147 148
84 85
562 563
943 944
651 652
307 308
6 7
219 220
501 502
597 598
10 11
54 55
451 452
275 276
747 748
901 902
581 582
364 365
224 225
442 443
972 973
493 494
821 822
159 160
145 146
472 473
632 633
978 979
779 780
819 820
466 467
371 372
402 403
794 795
841 842
240 241
909 910
203 204
43 44
529 530
749 750
645 646
662 663
771 772
615 616
838 839
709 710
27 28
727 728
490 491
395 396
664 665
680 681
410 411
605 606
525 526
284 285
765 766
291 292
355 356
710 711
458 459
948 949
22 23
132 133
994 995
282 283
975 976
896 897
899 900
818 819
166 167
871 872
660 661
67 68
804 805
595 596
0 3
969 970
960 961
792 793
985 986
333 334
817 818
359 360
209 210
393 394
457 458
220 221
934 935
616 617
970 971
162 163
608 609
347 348
993 994
267 268
947 948
905 906
342 343
436 437
637 638
524 525
715 716
381 382
281 282
641 642
702 703
540 541
377 378
853 854
849 850
559 560
434 435
387 388
495 496
411 412
757 758
242 243
777 778
338 339
746 747
264 265
723 724
731 732
837 838
638 639
923 924
791 792
328 329
391 392
897 898
606 607
546 547
586 587
653 654
823 824
892 893
507 508
138 139
721 722
315 316
39 40
231 232
204 205
87 88
912 913
687 688
989 990
173 174
590 591
177 178
19 20
154 155
956 957
965 966
626 627
304 305
469 470
72 73
478 479
939 940
796 797
480 481
309 310
376 377
303 304
893 894
815 816
995 996
179 180
150 151
623 624
639 640
396 397
407 408
824 825
867 868
350 351
134 135
754 755
883 884
128 129
876 877
120 121
722 723
473 474
7 8
351 352
208 209
711 712
545 546
48 49
735 736
649 650
424 425
675 676
70 71
170 171
800 801
891 892
668 669
676 677
368 369
428 429
866 867
468 469
566 567
68 69
9 10
760 761
426 427
603 604
272 273
663 664
822 823
471 472
123 124
915 916
601 602
235 236
477 478
593 594
610 611
149 150
419 420
728 729
386 387
354 355
152 153
151 152
318 319
441 442
196 197
843 844
164 165
764 765
201 202
889 890
654 655
790 791
28 29
327 328
31 32
250 251
199 200
325 326
80 81
756 757
869 870
734 735
693 694
609 610
489 490
363 364
880 881
778 779
175 176
450 451
283 284
399 400
74 75
323 324
542 543
213 214
667 668
870 871
217 218
783 784
82 83
865 866
384 385
157 158
698 699
494 495
268 269
712 713
733 734
613 614
950 951
187 188
406 407
511 512
666 667
809 810
770 771
265 266
158 159
413 414
805 806
547 548
684 685
594 595
168 169
103 104
148 149
25 26
313 314
227 228
926 927
336 337
73 74
836 837
630 631
17 18
195 196
868 869
874 875
92 93
262 263
174 175
118 119
135 136
112 113
270 271
422 423
813 814
707 708
858 859
216 217
976 977
510 511
418 419
833 834
963 964
192 193
462 463
629 630
816 817
718 719
532 533
398 399
369 370
882 883
551 552
474 475
834 835
215 216
496 497
568 569
316 317
658 659
538 539
98 99
724 725
842 843
332 333
962 963
902 903
483 484
888 889
482 483
97 98
373 374
237 238
344 345
640 641
647 648
100 101
311 312
90 91
634 635
35 36
357 358
530 531
5 6
96 97
50 51
937 938
95 96
720 721
536 537
557 558
826 827
907 908
522 523
263 264
298 299
33 34
548 549
942 943
113 114
340 341
243 244
677 678
470 471
126 127
537 538
343 344
549 550
644 645
505 506
194 195
447 448
423 424
286 287
289 290
293 294
561 562
582 583
306 307
773 774
598 599
506 507
299 300
109 110
188 189
919 920
952 953
258 259
964 965
405 406
579 580
690 691
144 145
454 455
136 137
977 978
358 359
255 256
85 86
775 776
302 303
636 637
356 357
429 430
932 933
599 600
111 112
612 613
221 222
251 252
178 179
116 117
59 60
107 108
433 434
810 811
409 410
190 191
66 67
499 500
512 513
290 291
673 674
617 618
503 504
854 855
202 203
161 162
533 534
929 930
40 41
743 744
622 623
627 628
15 16
656 657
463 464
513 514
444 445
133 134
20 21
443 444
780 781
898 899
979 980
552 553
438 439
528 529
218 219
228 229
182 183
935 936
56 57
