0
1000
724 725
65 66
210 211
939 940
334 335
148 149
687 688
419 420
996 999
498 499
309 310
679 680
177 178
252 253
535 536
900 901
989 990
548 549
101 102
391 392
342 343
99 100
206 207
751 752
817 818
253 254
531 532
699 700
726 727
416 417
785 786
402 403
680 681
665 666
190 191
82 83
375 376
859 860
422 423
441 442
648 649
33 34
694 695
347 348
247 248
60 61
264 265
182 183
975 976
470 471
30 31
806 807
760 761
307 308
394 395
836 837
937 938
685 686
627 628
815 816
689 690
222 223
969 970
17 18
299 300
348 349
641 642
566 567
495 496
776 777
32 33
599 600
156 157
604 605
847 848
609 610
91 92
364 365
935 936
128 129
503 504
452 453
924 925
588 589
633 634
647 648
493 494
191 192
75 76
621 622
25 26
820 821
571 572
225 226
496 497
771 772
37 38
306 307
165 166
51 52
456 457
878 879
61 62
76 77
530 531
480 481
840 841
417 418
593 594
853 854
793 794
846 847
623 624
118 119
527 528
587 588
652 653
576 577
744 745
572 573
127 128
79 80
784 785
763 764
960 961
80 81
601 602
180 181
20 21
956 957
561 562
1 2
837 838
749 750
386 387
363 364
631 632
272 273
69 70
972 973
790 791
64 65
97 98
718 719
654 655
567 568
320 321
3 4
877 878
655 656
812 813
114 115
518 519
888 889
568 569
762 763
139 140
502 503
178 179
980 981
328 329
378 379
557 558
446 447
565 566
884 885
47 48
740 741
539 540
362 363
220 221
574 575
508 509
308 309
829 830
415 416
686 687
782 783
296 297
613 614
358 359
905 906
42 43
651 652
545 546
38 39
284 285
95 96
869 870
192 193
6 7
945 946
447 448
331 332
536 537
861 862
48 49
106 107
778 779
826 827
241 242
43 44
278 279
953 954
468 469
709 710
663 664
920 921
695 696
270 271
448 449
835 836
506 507
243 244
208 209
951 952
791 792
83 84
942 943
412 413
802 803
336 337
196 197
992 993
957 958
954 955
483 484
678 679
952 953
357 358
707 708
987 988
747 748
184 185
346 347
273 274
543 544
525 526
92 93
889 890
458 459
423 424
516 517
626 627
881 882
303 304
462 463
595 596
200 201
959 960
770 771
691 692
552 553
194 195
520 521
995 996
152 153
413 414
932 933
611 612
841 842
938 939
871 872
650 651
50 51
511 512
293 294
137 138
773 774
700 701
839 840
810 811
488 489
374 375
451 452
986 987
88 89
941 942
948 949
188 189
559 560
385 386
353 354
230 231
929 930
997 999
742 743
858 859
217 218
31 32
434 435
765 766
439 440
94 95
300 301
608 609
661 662
68 69
5 6
505 506
45 46
979 980
761 762
783 784
86 87
950 951
469 470
808 809
12 13
759 760
779 780
473 474
14 15
160 161
248 249
874 875
414 415
766 767
63 64
643 644
332 333
474 475
822 823
23 24
380 381
891 892
607 608
71 72
591 592
885 886
399 400
596 597
0 1
212 213
899 900
725 726
755 756
901 902
638 639
968 969
255 256
860 861
838 839
990 991
153 154
437 438
120 121
991 992
800 801
902 903
93 94
279 280
632 633
113 114
444 445
807 808
445 446
823 824
600 601
804 805
454 455
435 436
487 488
440 441
418 419
344 345
215 216
789 790
818 819
260 261
463 464
927 928
175 176
384 385
289 290
863 864
852 853
254 255
842 843
903 904
660 661
125 126
581 582
592 593
173 174
338 339
542 543
183 184
982 983
578 579
390 391
910 911
554 555
213 214
207 208
140 141
713 714
484 485
98 99
994 995
110 111
735 736
944 945
547 548
393 394
335 336
26 27
915 916
549 550
62 63
379 380
672 673
577 578
509 510
337 338
377 378
510 511
560 561
404 405
133 134
27 28
799 800
556 557
976 977
280 281
507 508
923 924
546 547
258 259
750 751
325 326
873 874
396 397
147 148
324 325
381 382
124 125
111 112
819 820
824 825
90 91
455 456
868 869
746 747
100 101
269 270
240 241
203 204
398 399
449 450
245 246
911 912
87 88
894 895
198 199
856 857
482 483
319 320
688 689
136 137
772 773
946 947
515 516
943 944
146 147
352 353
677 678
268 269
405 406
282 283
589 590
316 317
361 362
947 948
606 607
115 116
787 788
491 492
116 117
52 53
205 206
805 806
870 871
825 826
668 669
233 234
355 356
966 967
883 884
481 482
723 724
684 685
340 341
813 814
239 240
403 404
450 451
851 852
637 638
276 277
635 636
934 935
827 828
22 23
538 539
848 849
693 694
702 703
16 17
467 468
204 205
229 230
430 431
879 880
775 776
669 670
523 524
880 881
39 40
988 989
849 850
365 366
671 672
716 717
261 262
457 458
777 778
123 124
745 746
811 812
485 486
8 9
167 168
259 260
586 587
262 263
109 110
438 439
274 275
121 122
475 476
211 212
294 295
40 41
904 905
77 78
13 14
605 606
912 913
476 477
163 164
251 252
940 941
219 220
706 707
845 846
238 239
907 908
174 175
360 361
701 702
816 817
570 571
794 795
130 131
764 765
640 641
928 929
142 143
312 313
223 224
489 490
964 965
583 584
318 319
675 676
603 604
737 738
854 855
628 629
256 257
705 706
472 473
57 58
830 831
478 479
265 266
144 145
710 711
683 684
965 966
602 603
81 82
221 222
978 979
526 527
922 923
236 237
832 833
168 169
216 217
302 303
898 899
886 887
614 615
343 344
712 713
429 430
267 268
756 757
984 985
74 75
275 276
594 595
54 55
189 190
555 556
612 613
814 815
209 210
231 232
311 312
666 667
985 986
341 342
104 105
277 278
49 50
297 298
657 658
244 245
234 235
620 621
674 675
971 972
690 691
477 478
298 299
46 47
624 625
24 25
368 369
301 302
466 467
181 182
187 188
154 155
949 950
4 5
263 264
914 915
494 495
967 968
122 123
132 133
66 67
162 163
112 113
237 238
998 999
388 389
564 565
425 426
629 630
781 782
345 346
732 733
141 142
715 716
131 132
126 127
67 68
544 545
135 136
909 910
962 963
186 187
179 180
490 491
170 171
376 377
917 918
857 858
711 712
656 657
313 314
266 267
517 518
96 97
291 292
185 186
305 306
893 894
70 71
752 753
575 576
981 982
730 731
395 396
703 704
354 355
659 660
843 844
585 586
406 407
501 502
697 698
696 697
310 311
919 920
733 734
9 10
639 640
41 42
424 425
774 775
134 135
529 530
977 978
579 580
743 744
617 618
714 715
382 383
541 542
373 374
58 59
407 408
670 671
214 215
738 739
143 144
453 454
290 291
734 735
242 243
876 877
974 975
930 931
850 851
562 563
159 160
129 130
645 646
218 219
149 150
916 917
890 891
479 480
18 19
464 465
855 856
459 460
44 45
500 501
662 663
401 402
89 90
158 159
717 718
630 631
615 616
754 755
19 20
29 30
383 384
872 873
719 720
519 520
636 637
667 668
389 390
257 258
722 723
286 287
166 167
918 919
427 428
931 932
875 876
926 927
460 461
486 487
692 693
658 659
584 585
887 888
532 533
271 272
558 559
504 505
226 227
803 804
304 305
317 318
295 296
727 728
993 994
314 315
590 591
56 57
758 759
522 523
533 534
569 570
955 956
704 705
28 29
610 611
973 974
646 647
465 466
882 883
521 522
664 665
421 422
330 331
443 444
786 787
936 937
21 22
155 156
195 196
528 529
801 802
649 650
349 350
767 768
329 330
321 322
598 599
387 388
232 233
350 351
821 822
797 798
235 236
2 3
169 170
250 251
721 722
573 574
550 551
138 139
892 893
625 626
408 409
925 926
798 799
35 36
108 109
117 118
227 228
11 12
371 372
327 328
283 284
862 863
796 797
963 964
736 737
72 73
199 200
524 525
729 730
246 247
228 229
161 162
792 793
769 770
224 225
864 865
292 293
961 962
492 493
172 173
844 845
983 984
681 682
897 898
400 401
622 623
281 282
339 340
563 564
323 324
809 810
896 897
698 699
834 835
431 432
471 472
908 909
369 370
514 515
895 896
34 35
553 554
708 709
642 643
795 796
55 56
370 371
10 11
497 498
428 429
285 286
673 674
534 535
73 74
410 411
367 368
356 357
499 500
176 177
333 334
921 922
107 108
616 617
201 202
551 552
197 198
436 437
512 513
580 581
582 583
682 683
420 421
105 106
739 740
644 645
597 598
958 959
287 288
537 538
78 79
103 104
741 742
145 146
397 398
15 16
757 758
119 120
7 8
513 514
409 410
788 789
53 54
326 327
780 781
906 907
171 172
151 152
315 316
359 360
618 619
411 412
634 635
865 866
933 934
351 352
753 754
866 867
59 60
366 367
619 620
676 677
322 323
392 393
249 250
36 37
828 829
432 433
748 749
867 868
731 732
202 203
442 443
913 914
426 427
85 86
540 541
831 832
768 769
164 165
433 434
193 194
461 462
150 151
102 103
372 373
157 158
288 289
84 85
970 971
833 834
720 721
653 654
728 729
