0
1000
571 581
344 767
338 567
509 782
780 928
28 771
831 953
480 527
263 510
338 862
256 507
801 832
60 595
286 717
512 558
97 834
42 213
111 467
586 842
284 968
626 786
279 613
254 256
435 505
514 614
95 676
320 931
538 670
855 987
710 924
68 71
499 815
137 481
660 858
14 523
124 310
826 939
18 145
641 706
522 863
331 655
408 722
365 743
269 819
225 972
50 538
633 961
378 663
673 708
40 448
406 760
516 912
109 116
37 82
9 154
282 483
100 717
795 907
822 908
174 804
788 837
335 469
449 967
330 401
96 521
932 988
778 971
816 839
564 995
814 831
492 724
841 900
38 367
577 986
295 870
424 463
87 567
588 737
620 885
482 957
178 180
534 817
875 926
749 844
13 301
149 442
136 752
257 434
320 366
624 929
243 446
347 441
110 975
73 994
859 910
227 555
189 686
153 568
262 916
353 699
481 605
765 767
277 929
371 635
784 901
139 175
61 790
487 955
864 954
702 917
468 916
553 633
291 872
238 926
144 603
295 789
726 978
243 268
801 921
217 604
283 384
75 302
570 632
147 323
725 931
128 172
696 746
249 398
132 288
181 367
218 594
66 352
909 952
311 713
433 643
22 449
255 544
380 590
572 942
157 950
611 732
775 997
646 714
15 387
49 239
267 720
179 697
270 830
111 292
425 551
343 345
428 877
105 998
512 920
90 281
242 719
72 240
494 793
102 682
483 944
272 625
252 416
793 914
616 773
300 485
238 600
56 729
506 967
933 951
473 671
307 527
394 505
198 290
302 872
559 891
589 716
677 705
391 956
184 341
12 27
697 879
197 652
259 828
20 422
680 720
61 911
58 491
351 622
232 976
91 436
447 518
36 574
2 618
133 616
696 970
117 993
671 862
459 857
65 484
27 868
261 692
603 805
244 662
715 817
332 920
108 681
551 807
224 511
756 994
577 664
569 973
67 240
29 674
930 977
778 945
46 517
451 905
381 866
191 787
58 524
106 939
65 415
311 502
630 740
563 750
604 701
615 959
228 843
445 839
194 585
54 276
220 496
135 462
503 691
644 880
742 887
13 43
273 523
297 298
121 608
169 695
296 395
374 608
76 883
535 727
339 864
860 884
562 979
261 529
287 759
578 678
316 375
24 131
293 810
549 733
123 371
209 337
937 978
634 922
274 848
391 928
865 885
511 995
142 693
241 389
90 134
20 278
626 959
32 259
664 981
429 836
327 727
218 497
147 808
73 989
358 818
318 417
234 540
163 941
868 976
774 913
214 452
493 984
561 960
199 409
375 548
335 852
748 804
570 897
237 783
588 837
247 415
125 536
50 661
3 99
683 745
10 667
835 924
104 370
327 630
535 735
374 521
843 945
9 342
821 865
182 824
74 405
813 828
24 190
460 956
183 579
80 246
354 592
66 85
698 724
520 824
438 575
98 921
5 399
192 468
441 992
120 605
627 714
326 574
155 515
78 146
122 477
313 906
118 312
241 432
274 498
390 888
104 223
498 815
557 565
501 711
202 944
213 753
55 194
117 650
303 560
740 907
510 602
25 92
416 541
541 625
250 962
173 301
6 148
515 869
425 846
54 874
657 965
486 548
0 38
624 657
124 326
366 668
57 386
360 736
768 813
784 903
798 889
233 691
368 645
114 454
248 881
14 769
306 454
494 648
387 621
245 345
215 478
708 899
215 225
293 855
39 935
16 130
354 597
3 741
413 745
765 973
69 423
478 844
739 979
119 688
162 710
265 540
183 611
596 654
440 769
437 938
163 296
448 964
230 584
368 489
398 777
29 686
208 915
44 751
270 329
59 755
410 560
164 453
127 970
60 980
442 943
182 410
316 950
235 556
166 810
404 849
702 936
355 874
507 692
157 827
156 362
236 856
28 519
96 873
363 695
458 666
113 423
254 758
539 947
92 734
350 688
272 549
184 789
427 552
346 934
221 411
652 744
247 396
324 802
175 703
289 531
88 455
340 779
141 655
528 704
275 764
264 890
164 222
533 712
530 984
252 917
11 849
477 918
659 999
546 946
667 846
601 812
566 983
265 412
171 530
188 532
858 933
5 446
112 792
72 723
364 536
232 996
185 245
329 334
455 721
71 457
894 904
728 954
506 851
353 681
497 971
821 901
122 336
35 791
63 585
365 561
491 620
235 392
564 634
180 918
397 725
251 764
893 947
51 199
592 895
347 744
412 722
257 896
830 854
110 196
500 520
719 876
78 985
324 509
126 207
221 857
123 861
683 969
107 580
51 812
152 552
156 195
445 504
299 418
43 833
308 642
169 526
177 653
382 781
220 595
292 829
666 960
290 471
593 658
137 809
411 668
231 550
79 388
249 565
569 754
372 838
12 889
336 966
121 673
606 641
187 325
306 403
264 795
251 794
99 594
759 997
34 647
612 871
437 662
643 685
406 867
88 638
713 718
109 699
212 677
166 583
369 516
351 484
100 736
150 755
155 875
319 796
33 457
420 434
400 711
75 167
642 974
651 761
650 942
189 462
629 927
333 977
94 522
144 825
177 211
539 898
305 440
44 834
138 840
33 361
488 854
53 503
53 280
785 919
464 587
475 782
45 940
716 913
135 738
205 207
466 476
1 525
46 62
663 665
49 703
209 435
161 303
174 998
472 495
131 473
1 393
627 637
402 904
600 991
106 283
537 861
8 983
359 438
465 623
421 660
288 328
658 999
143 463
464 955
148 842
490 659
36 622
7 408
342 628
443 969
771 832
0 321
159 756
492 615
547 599
83 785
266 847
57 358
738 808
519 772
645 739
15 566
6 860
379 404
150 602
576 848
81 108
186 193
227 835
198 260
98 863
400 414
47 893
581 845
776 899
534 892
112 126
4 936
185 403
197 806
394 867
173 911
461 938
276 840
178 993
233 421
230 823
188 718
237 838
154 792
85 313
443 887
201 337
19 420
537 800
211 357
231 990
502 797
370 888
74 715
160 214
763 820
372 791
76 289
158 558
291 572
805 962
731 847
575 774
476 992
573 990
203 609
669 679
18 568
114 783
356 922
280 694
84 210
388 836
385 453
547 589
77 972
439 912
330 762
414 685
682 943
460 597
193 935
378 601
262 285
223 275
364 749
485 723
619 940
323 859
141 239
192 927
160 201
216 619
882 949
142 294
91 325
479 833
545 636
25 639
393 694
70 910
103 362
431 751
64 640
140 709
152 279
83 513
598 606
361 873
451 555
331 704
40 675
21 210
593 826
474 797
488 980
10 700
268 934
107 609
376 909
317 610
248 965
39 172
31 433
47 369
768 807
86 319
480 964
352 753
618 991
459 500
450 495
381 977
672 743
17 790
16 298
461 958
203 981
89 297
513 814
676 787
456 932
196 892
545 951
587 963
159 748
314 359
165 191
444 952
102 458
145 580
77 788
550 747
754 809
132 439
470 562
219 334
134 757
236 532
300 786
41 576
383 596
253 811
472 853
591 949
271 419
373 957
684 891
37 181
266 987
471 678
55 853
64 81
287 707
820 823
271 903
794 975
41 578
168 470
517 573
119 644
450 543
656 698
528 631
165 825
4 914
170 346
475 881
775 882
161 379
315 629
390 395
636 640
672 900
508 968
582 953
544 693
133 610
219 982
639 728
380 623
101 436
341 430
310 735
653 760
206 584
467 571
396 806
741 799
780 961
208 212
895 896
553 684
101 850
322 811
56 229
803 886
115 654
168 308
285 742
158 763
118 343
617 802
82 803
315 747
94 419
363 827
32 260
129 845
709 905
170 426
48 429
489 876
11 762
424 731
299 674
63 356
17 656
255 902
542 923
206 712
309 883
514 989
202 687
384 487
392 690
149 407
21 770
490 635
586 799
186 761
373 946
376 386
136 486
84 115
222 294
746 772
138 850
45 579
466 621
70 925
305 504
401 525
307 707
339 705
332 670
687 841
234 766
22 880
200 948
383 431
377 919
312 317
151 856
143 499
518 776
23 898
930 988
413 937
151 614
348 675
417 543
228 533
7 418
79 113
493 554
286 884
385 638
304 426
777 869
529 770
870 915
524 758
348 360
127 546
661 679
80 617
93 496
258 314
607 766
428 479
125 242
554 822
62 752
26 730
432 878
399 890
116 563
200 482
269 733
557 591
69 734
129 452
30 669
93 246
632 877
456 583
340 542
2 631
689 878
648 737
729 894
318 590
344 646
48 68
357 796
59 974
217 430
389 649
190 923
226 407
405 982
89 120
103 349
23 829
176 599
278 613
139 447
216 402
267 651
665 816
559 700
19 35
253 284
750 818
350 948
176 851
582 612
757 781
649 690
377 628
86 963
244 866
637 680
34 985
95 382
31 162
250 474
187 647
258 465
706 908
26 800
422 526
67 282
97 349
701 732
30 996
508 607
87 897
321 941
469 871
229 281
226 328
171 531
130 798
277 819
444 721
224 958
556 906
263 304
205 501
779 879
153 598
273 925
730 886
105 852
128 773
397 726
52 167
204 309
146 966
8 427
355 409
204 689
140 986
42 322
179 195
