0
1000
572 647
671 889
618 871
192 539
687 977
446 561
222 253
324 451
15 416
768 786
742 845
5 99
629 667
285 383
32 403
299 371
110 164
65 97
546 597
200 870
854 910
834 874
504 807
809 976
206 358
641 826
263 365
316 618
160 840
709 744
392 447
805 814
562 726
550 689
140 942
39 463
612 631
859 987
187 403
648 759
50 119
137 636
195 296
153 924
442 705
5 535
300 761
409 777
235 467
90 746
327 404
208 225
254 264
311 378
12 795
118 502
144 872
625 998
672 925
273 890
256 982
40 829
857 990
44 889
535 767
468 772
72 905
260 934
245 366
175 361
527 961
147 674
600 728
29 302
24 640
153 180
15 672
496 933
86 223
625 711
89 663
45 969
455 982
499 699
266 997
740 788
98 591
45 844
94 578
555 995
252 448
633 984
824 916
331 697
274 748
310 918
376 814
118 257
827 943
337 965
246 669
209 444
68 381
244 445
43 546
75 258
38 186
221 813
418 951
326 815
462 784
288 484
365 810
348 975
115 335
387 955
255 422
56 66
56 295
770 937
116 132
490 852
60 441
206 958
514 592
144 212
304 643
304 317
30 769
411 655
243 329
170 980
216 495
117 821
34 128
323 764
742 821
384 831
146 798
212 972
231 528
269 496
332 538
610 771
855 875
31 948
313 681
277 900
139 448
549 901
412 840
574 600
178 369
125 324
167 504
352 738
94 638
520 570
401 896
220 570
638 862
75 104
196 592
287 617
81 330
428 508
226 802
237 478
67 372
13 960
652 698
102 700
16 238
143 190
428 932
255 698
19 207
122 620
360 540
803 980
14 385
149 158
189 499
306 721
233 716
11 757
497 931
229 534
205 249
633 965
730 848
134 902
129 451
277 660
632 782
678 839
141 370
565 680
737 850
60 63
168 405
385 519
488 861
882 991
340 791
547 831
806 914
81 876
621 630
112 876
376 433
739 948
495 920
110 641
393 849
171 685
453 750
54 354
639 810
58 774
337 591
348 789
170 587
750 797
82 780
624 885
718 900
256 305
131 828
203 745
251 751
73 516
761 854
222 648
542 634
87 897
829 842
151 173
9 841
250 802
96 435
236 896
530 963
65 923
484 510
232 847
88 289
755 927
899 976
453 915
321 442
373 910
279 616
529 983
17 860
186 454
706 858
62 224
249 440
24 97
449 991
292 457
3 598
216 642
406 735
297 434
293 659
138 967
836 989
148 974
321 351
793 941
221 794
310 539
122 278
398 694
276 819
524 909
64 210
77 468
372 399
35 818
33 804
159 922
343 588
579 844
10 804
171 334
17 700
838 909
388 694
213 880
319 436
52 564
636 725
421 639
104 445
79 580
469 708
439 447
714 926
11 320
432 456
13 956
605 677
822 977
366 695
440 914
338 735
21 84
377 492
369 791
865 912
664 911
230 505
223 677
145 491
263 743
245 969
512 970
551 731
413 893
8 623
408 503
637 941
457 695
364 741
72 503
166 213
460 808
354 627
463 472
228 651
71 830
572 599
553 611
676 687
247 547
473 567
318 841
218 483
487 543
374 812
414 799
87 156
71 232
283 402
53 332
721 816
148 412
187 865
139 747
160 937
541 574
666 777
252 709
286 619
176 665
267 270
29 737
569 858
246 589
446 996
507 790
382 992
61 408
270 667
400 533
47 275
285 879
444 610
582 950
242 493
89 604
49 523
419 566
424 993
322 456
396 797
267 782
370 720
483 790
227 520
201 653
168 866
816 943
105 702
230 870
78 981
425 528
39 626
155 749
41 723
77 753
257 868
436 514
305 414
22 886
754 994
52 690
823 921
30 984
363 650
31 346
788 955
689 823
654 902
315 656
590 895
20 993
828 832
646 759
42 967
76 892
326 919
765 869
368 505
236 501
128 296
342 659
426 711
549 981
237 325
85 120
467 771
766 884
38 562
238 517
119 725
622 651
167 427
473 554
753 912
107 177
423 957
57 885
661 703
286 563
581 688
154 778
254 894
608 877
926 953
669 762
601 780
123 557
423 589
429 962
244 655
575 817
303 891
593 898
27 604
474 880
147 394
248 979
106 397
297 534
734 935
272 892
68 479
116 165
273 564
0 726
25 717
288 494
834 856
169 940
48 111
352 796
154 492
121 480
163 607
26 556
166 351
333 971
189 203
317 411
389 728
703 751
225 507
568 593
37 529
392 999
537 708
660 904
320 717
452 856
302 518
357 609
686 901
606 688
282 350
813 883
480 693
443 722
103 662
239 259
248 478
102 621
544 798
431 944
117 363
174 452
792 862
488 765
313 509
594 746
723 904
85 624
172 486
190 294
214 537
33 875
371 464
375 646
279 774
576 684
120 126
450 961
597 945
157 568
10 793
138 897
500 581
489 675
185 609
140 475
28 762
234 316
724 887
590 681
388 906
719 946
864 958
19 314
23 177
749 801
329 410
112 137
192 583
8 756
450 460
99 258
682 752
386 390
417 476
204 242
420 471
690 921
322 368
406 663
586 673
347 645
292 341
506 615
202 679
174 518
375 491
693 975
671 867
640 806
315 893
393 811
345 374
415 778
301 898
101 573
851 853
164 661
509 826
291 583
149 947
389 701
233 523
595 917
340 990
525 716
289 960
115 842
461 867
283 298
158 770
196 986
443 482
69 151
425 475
91 559
362 577
132 835
100 973
228 888
14 722
306 552
427 752
494 809
727 936
343 649
150 262
176 386
989 999
658 674
259 410
278 702
477 781
696 713
183 373
54 929
400 430
88 697
920 927
359 720
489 883
20 679
50 438
637 772
544 598
732 906
219 497
527 707
729 979
86 415
291 413
100 837
705 758
217 588
23 545
76 729
141 707
113 407
73 934
416 662
594 845
359 908
1 281
355 602
78 838
53 644
96 680
472 665
127 165
522 685
465 964
399 461
380 881
548 666
70 299
945 985
465 808
66 812
435 644
471 603
114 274
6 284
98 843
183 743
559 853
501 792
198 928
881 995
193 673
95 217
327 907
47 127
191 550
397 869
850 852
41 817
272 290
152 963
298 325
121 800
2 595
670 781
62 784
785 957
59 486
188 857
130 201
240 330
545 953
558 851
262 308
101 944
250 939
517 526
3 409
157 653
163 785
658 830
328 805
356 358
533 732
156 799
342 584
70 846
308 628
696 890
741 878
433 613
493 970
83 123
360 715
824 978
755 884
207 426
27 738
686 959
356 612
108 973
48 481
420 849
199 367
268 822
429 779
145 614
179 611
683 768
833 899
108 126
623 818
552 585
712 939
106 239
652 833
42 877
109 532
295 978
135 657
188 847
328 548
819 929
210 560
338 915
439 596
2 379
395 878
134 261
800 827
280 432
229 350
361 779
282 319
107 541
391 605
51 253
515 954
136 266
92 905
632 775
404 775
80 184
428 526
162 913
339 603
629 917
402 692
377 454
692 760
193 919
204 482
933 968
459 577
231 379
417 763
199 582
349 407
22 985
4 996
513 789
394 879
113 635
175 602
584 922
21 773
133 715
271 585
312 699
405 498
758 966
36 215
438 952
142 479
309 649
485 586
69 226
197 383
271 532
836 949
353 736
162 971
335 668
1 434
191 855
124 477
596 928
421 994
675 795
130 769
90 182
334 886
93 345
181 395
757 787
95 556
173 506
860 972
613 776
35 565
80 344
276 803
573 745
485 490
12 930
18 645
219 766
498 987
224 936
214 913
522 846
74 531
114 136
811 859
37 786
235 952
49 437
55 430
567 888
719 801
287 951
422 704
218 331
7 754
36 631
575 733
178 938
336 466
55 739
318 911
391 628
470 763
268 563
264 617
462 964
0 61
464 843
569 733
873 950
135 966
510 713
868 882
82 220
281 932
907 974
247 712
6 938
390 654
133 874
364 730
25 560
561 873
349 839
353 706
294 512
300 323
381 530
155 466
293 820
622 776
7 79
747 947
202 367
455 710
243 307
511 903
714 988
333 718
346 630
182 587
531 871
194 935
502 676
571 908
129 284
109 566
26 710
194 515
150 643
525 601
796 848
63 794
307 835
380 942
74 378
540 670
18 92
627 731
58 458
28 301
46 997
557 783
555 820
146 923
280 701
241 290
208 815
336 470
500 620
441 449
16 382
683 998
303 740
309 519
83 968
474 760
34 227
200 542
269 895
314 992
362 954
634 668
418 783
396 614
93 152
691 983
861 959
437 607
265 312
543 949
579 787
536 724
43 487
476 764
387 924
521 727
161 553
275 521
211 459
205 524
124 551
626 891
44 197
51 311
554 887
4 756
398 635
344 657
131 988
355 744
57 767
142 930
734 956
215 424
401 682
384 863
807 925
46 647
91 736
265 691
125 864
419 538
111 558
59 946
234 606
9 103
84 571
67 211
172 251
576 599
40 339
179 837
209 458
481 866
825 872
241 431
169 261
642 678
195 240
748 918
105 656
650 916
516 986
143 347
64 513
180 511
198 664
615 894
185 684
181 825
159 341
32 863
536 962
608 931
357 578
161 903
469 619
580 773
616 704
184 832
