0
1000
104 994
143 577
186 567
651 746
73 399
620 863
286 818
51 97
78 904
364 423
488 536
420 859
59 482
340 649
278 807
9 837
583 893
306 667
54 527
441 610
464 957
437 588
373 544
661 935
436 452
630 930
111 351
119 374
298 660
137 919
645 772
603 812
320 945
511 797
205 233
854 864
112 202
24 471
611 984
57 147
44 884
49 523
212 805
319 788
638 763
472 896
82 550
98 701
522 857
567 836
570 613
108 255
19 909
473 866
536 716
166 710
133 875
281 804
361 929
717 940
442 834
210 809
599 915
418 440
402 769
345 717
677 856
716 988
791 972
757 938
57 671
195 509
356 593
130 566
638 908
516 742
496 594
85 480
993 998
321 748
455 932
478 730
79 360
401 554
305 907
748 753
977 993
16 315
306 405
55 699
141 846
485 609
435 518
1 31
210 577
61 619
161 945
259 834
318 469
419 781
89 219
676 933
38 487
568 959
41 622
572 903
28 208
691 801
20 396
396 513
558 605
71 847
372 821
416 706
142 261
776 925
331 737
136 822
330 860
498 648
841 958
32 988
204 664
106 839
448 735
277 413
259 839
1 752
514 850
413 553
125 951
28 828
879 994
314 736
412 937
741 987
304 989
184 712
685 864
591 891
425 558
458 898
35 224
512 772
515 949
585 653
362 992
687 766
219 604
208 295
728 872
378 615
75 796
472 697
197 685
736 888
449 765
189 506
33 123
516 726
58 395
512 976
64 998
187 406
404 431
374 894
695 814
291 902
234 663
428 822
584 868
143 943
385 437
332 694
720 975
650 813
704 816
682 983
618 845
124 977
130 739
176 571
52 228
348 766
272 726
443 843
87 892
170 189
252 954
50 708
853 893
343 421
673 700
167 540
295 397
14 599
535 542
96 791
58 571
217 696
144 598
502 633
241 679
230 732
539 880
18 980
291 732
34 426
447 909
273 918
256 573
61 669
203 390
832 986
285 628
139 167
36 911
484 978
596 755
153 811
261 989
92 697
238 722
129 327
552 661
135 426
382 508
533 740
266 693
162 590
109 981
23 328
151 973
683 714
385 796
25 838
255 809
105 630
93 931
781 939
240 535
718 747
520 634
76 392
414 849
64 229
145 182
478 683
304 769
934 979
12 234
258 548
380 970
148 484
188 554
429 905
591 654
94 721
575 747
223 995
40 912
415 495
419 824
438 486
538 773
174 782
480 668
101 539
86 449
678 761
491 861
80 555
190 850
624 810
272 607
85 838
132 514
819 876
213 318
107 990
547 684
22 31
528 593
439 650
138 183
227 298
337 489
316 981
29 376
782 863
74 338
237 704
615 952
515 569
429 564
312 725
628 986
29 660
62 332
231 247
276 731
103 486
458 611
223 768
552 920
329 548
82 513
117 877
118 181
391 826
248 446
537 868
862 914
333 597
119 279
146 519
2 729
6 509
538 917
573 960
147 257
99 637
646 825
684 936
807 815
113 952
530 951
659 720
120 602
78 110
421 528
462 884
221 649
280 393
68 285
460 966
468 767
317 982
256 604
529 640
243 246
128 172
270 721
290 991
322 461
0 468
563 600
702 985
627 928
525 922
15 474
646 905
534 876
890 990
549 879
450 580
95 808
714 928
107 670
38 723
56 497
307 589
273 350
501 592
262 719
88 816
474 529
225 974
248 962
388 457
705 793
65 252
541 562
128 956
432 899
221 560
428 588
758 872
490 519
270 956
398 420
224 768
799 948
887 897
350 727
568 921
814 878
136 596
19 370
400 434
43 131
581 969
843 995
282 477
154 776
432 915
200 369
370 917
159 779
263 881
220 855
236 855
475 504
11 560
96 858
27 527
172 936
133 286
56 727
79 148
715 874
800 914
301 461
530 665
228 559
300 865
174 754
263 283
452 642
289 408
6 264
84 504
929 996
386 961
254 274
276 755
594 756
523 623
401 841
341 793
785 964
171 447
910 963
665 715
127 309
476 549
847 963
192 408
463 670
171 691
411 495
42 422
629 633
552 833
802 886
700 790
381 479
547 825
345 919
587 831
236 384
673 902
118 357
265 303
537 784
773 983
430 586
343 355
137 724
387 487
242 505
762 780
88 292
71 815
113 713
453 811
336 999
494 698
668 944
566 760
451 966
709 950
496 820
209 813
681 942
636 795
424 786
102 565
316 556
63 384
492 689
443 955
241 526
258 703
41 43
36 77
206 774
625 698
215 344
735 926
647 916
66 891
47 681
225 344
180 924
84 690
578 873
658 960
226 353
191 857
380 448
173 572
211 314
197 787
262 743
792 842
155 867
121 453
8 409
155 965
354 557
601 652
10 887
160 373
7 60
361 500
165 889
377 946
5 24
427 608
83 575
284 485
87 759
369 856
260 862
417 524
116 733
145 322
335 366
323 658
501 873
20 763
326 664
870 944
482 531
885 901
63 153
430 475
391 941
582 792
271 826
342 471
578 948
583 774
358 579
257 377
395 601
91 639
405 584
271 444
521 643
59 488
138 152
198 739
301 871
445 817
626 750
510 595
55 870
46 524
53 540
310 752
218 883
34 506
164 637
562 678
415 688
52 218
672 882
48 134
499 923
105 284
579 641
245 555
201 445
178 266
629 984
5 880
351 916
8 617
249 737
595 996
149 969
4 442
125 895
832 895
346 618
323 565
502 976
363 821
45 787
269 771
73 154
277 803
319 348
237 647
397 617
93 246
157 932
177 643
268 770
104 177
134 663
465 733
151 877
144 686
313 446
711 724
866 971
140 644
531 959
677 762
220 283
16 22
176 674
292 851
305 493
124 631
279 798
339 913
819 835
11 459
559 564
142 676
456 729
146 852
296 483
131 386
109 979
644 913
110 924
367 926
47 808
365 741
92 634
379 680
375 414
517 734
621 707
156 894
253 965
288 625
410 953
473 901
927 947
508 845
202 204
466 719
168 383
214 652
767 823
389 597
122 240
335 455
191 907
325 940
267 675
192 520
235 778
339 561
563 943
122 642
91 817
26 581
326 881
378 947
112 610
39 250
212 438
175 522
786 968
382 804
268 797
12 45
349 459
183 526
444 600
98 635
393 662
17 744
403 544
436 906
390 930
175 745
250 777
454 728
80 621
311 556
827 888
222 961
49 72
476 657
126 978
569 614
200 829
160 802
181 425
114 188
418 692
9 592
656 801
308 394
696 954
364 620
53 249
51 695
150 921
500 640
180 687
72 416
3 389
81 666
551 971
398 738
33 100
7 440
161 196
232 764
546 854
770 859
764 806
327 844
672 973
734 751
37 367
542 968
777 852
70 355
465 997
799 953
235 789
81 226
467 874
222 760
289 784
296 851
127 460
636 890
169 244
302 992
293 651
165 463
470 707
347 587
503 754
340 605
196 207
507 623
169 334
865 904
149 897
158 325
498 718
32 264
23 967
254 439
491 745
185 790
168 722
585 743
293 503
13 622
251 545
457 490
308 483
40 352
602 844
294 532
311 557
170 706
44 627
3 354
233 310
699 794
100 214
70 967
159 163
90 302
842 970
243 759
173 464
336 404
213 835
553 882
215 290
479 757
229 427
26 783
253 507
123 489
462 635
185 657
359 392
406 518
282 400
101 840
297 740
275 639
75 366
654 708
871 972
94 232
62 545
187 911
492 680
383 869
66 294
616 827
410 606
533 750
337 938
242 903
590 906
245 312
394 576
46 315
162 942
525 550
655 749
115 833
280 775
193 824
132 653
267 900
182 829
423 541
771 975
607 711
42 313
466 836
238 900
10 659
190 645
117 574
126 609
111 329
179 624
129 379
211 352
86 830
74 744
195 818
831 892
69 546
68 923
116 497
328 456
299 701
725 957
278 534
201 867
274 860
342 779
551 703
35 207
140 347
99 511
15 632
89 324
21 889
598 939
543 806
152 227
178 783
209 481
247 925
407 679
77 985
179 837
18 441
281 381
828 830
321 738
307 780
141 388
30 357
102 991
692 878
194 980
899 962
481 810
798 955
97 205
25 908
203 338
812 946
795 898
363 840
166 239
139 532
330 632
424 606
356 933
269 297
21 641
76 794
334 775
39 412
251 749
158 239
157 433
467 612
454 510
108 287
368 694
320 709
230 346
164 848
376 935
216 433
387 756
27 861
198 407
115 846
150 941
69 789
409 686
375 666
30 362
477 849
106 931
365 612
300 910
193 435
582 949
65 184
48 521
359 431
517 626
353 800
705 922
303 331
67 982
199 875
2 83
422 690
494 853
244 570
4 788
360 371
613 785
67 603
121 411
576 964
14 608
450 912
217 918
120 505
616 803
341 368
469 753
324 742
103 758
848 883
156 688
543 820
287 675
54 648
580 999
689 693
317 561
299 671
163 655
619 667
288 333
186 371
403 934
372 885
199 987
746 858
0 349
805 896
713 751
662 823
50 434
194 656
95 135
265 765
886 974
669 731
216 574
470 761
17 589
13 399
60 869
37 231
358 778
614 927
451 631
702 997
275 712
114 309
206 958
260 402
730 950
90 710
417 937
586 674
499 682
