0
1000
151 622
18 818
55 413
427 528
222 778
103 153
505 990
586 976
409 597
281 967
667 949
162 338
489 755
461 766
408 841
571 644
5 630
536 587
512 688
29 502
840 965
89 888
192 287
293 551
2 411
683 856
396 570
361 784
146 453
311 390
207 435
40 185
120 714
394 739
232 433
78 678
638 850
622 643
712 720
264 779
635 729
147 719
475 561
211 861
735 762
202 616
218 224
257 775
292 424
331 782
209 351
239 400
420 966
632 865
160 777
332 996
87 605
4 756
184 890
656 926
377 779
516 535
212 577
177 701
136 501
763 904
611 842
167 359
105 728
525 795
123 549
69 289
122 958
614 902
116 394
230 464
473 492
282 700
760 915
461 522
155 895
615 678
150 398
725 856
251 825
556 753
276 648
398 971
96 396
101 857
44 231
248 278
674 876
458 852
834 867
456 618
348 972
454 830
20 837
474 820
325 833
50 836
172 520
514 765
278 574
708 936
342 807
805 900
704 906
99 479
132 983
179 508
881 921
269 636
389 460
565 651
160 379
258 968
17 696
285 959
79 642
54 657
699 827
826 863
119 381
796 832
248 415
159 852
52 623
430 575
273 595
187 745
60 591
310 452
49 175
527 610
185 767
383 872
381 617
164 450
297 692
439 926
455 598
523 717
286 781
553 869
733 989
358 444
183 327
336 798
79 747
550 877
447 966
829 884
469 935
304 547
480 547
300 920
629 975
114 765
521 718
9 155
556 888
49 206
302 708
387 772
437 518
507 998
90 307
353 894
851 982
55 787
90 454
757 822
39 112
668 886
190 941
445 757
273 585
106 812
52 291
95 922
37 615
625 967
562 984
65 265
518 773
711 946
903 957
98 827
227 460
865 993
164 340
151 515
130 195
158 771
319 768
125 699
364 875
30 821
633 945
179 980
211 303
629 981
104 806
713 929
497 546
290 871
105 657
532 661
335 343
76 577
241 448
229 598
140 328
284 440
21 631
889 955
333 867
47 953
145 592
971 972
223 987
689 808
149 189
198 363
45 133
66 874
321 673
64 467
502 922
721 764
355 438
299 702
263 826
250 530
107 843
368 379
199 732
174 276
364 608
446 908
138 550
738 858
101 791
449 566
418 506
579 857
314 369
772 839
357 593
627 974
345 885
34 361
142 934
26 249
679 726
226 285
205 662
213 858
544 710
580 947
163 271
255 855
29 513
203 659
72 931
233 987
188 870
171 879
197 512
514 641
172 331
505 660
468 687
287 634
28 930
499 545
346 640
194 837
136 991
831 990
343 958
770 832
382 793
391 534
705 819
631 697
127 347
161 165
144 803
153 485
914 999
326 470
220 781
23 167
80 178
503 735
92 314
854 995
431 709
51 960
451 491
94 874
680 742
158 277
601 744
578 875
359 910
5 215
233 558
510 838
564 942
462 646
324 770
74 825
46 181
264 482
496 989
208 705
12 214
183 633
572 809
330 925
282 533
399 836
165 950
27 319
22 907
266 936
344 538
453 693
148 478
392 479
208 854
748 778
380 918
103 763
34 924
438 476
279 603
284 386
96 626
304 951
196 344
22 73
35 594
229 943
128 524
6 774
596 794
478 801
139 506
559 780
69 243
98 895
734 848
141 820
468 897
370 465
20 964
86 215
75 894
148 808
312 496
16 669
118 574
259 970
637 813
552 816
351 978
230 938
605 715
51 840
116 904
352 711
357 405
653 693
585 945
494 689
134 339
36 303
476 769
142 878
334 906
797 917
73 280
35 646
240 412
161 680
53 688
436 961
70 982
352 682
270 334
477 566
86 392
487 905
219 992
369 637
429 523
91 980
416 923
573 817
769 963
115 977
1 255
442 721
655 986
256 320
145 567
18 584
378 497
277 628
472 607
341 593
59 210
340 873
115 864
405 866
128 473
687 919
222 350
43 849
761 815
10 141
600 724
594 942
111 117
509 709
604 762
240 511
246 464
422 891
61 317
306 480
801 910
108 785
774 855
561 882
713 892
7 237
121 546
362 756
541 628
384 619
80 726
531 975
500 860
68 928
654 788
365 798
602 716
667 862
412 743
725 944
568 901
443 519
56 676
204 349
365 503
537 681
129 948
732 810
216 817
670 862
104 242
91 545
25 787
235 366
421 848
639 847
318 719
741 973
308 551
117 591
539 649
462 604
267 898
62 87
166 859
643 863
946 973
137 373
3 315
236 986
608 997
335 456
812 995
362 459
737 996
870 889
338 397
786 851
61 663
93 228
54 578
322 934
272 549
92 697
262 321
382 758
221 690
83 655
16 938
159 663
247 988
320 802
238 553
488 670
621 752
251 380
337 368
485 555
581 913
269 940
358 962
634 658
57 833
77 541
85 745
187 570
402 952
293 375
13 976
270 994
122 466
173 677
951 992
2 71
612 844
259 838
207 356
124 959
10 271
766 859
181 861
498 803
322 617
67 360
525 581
378 638
280 800
27 174
627 943
743 916
78 892
544 897
295 562
84 168
38 212
592 746
24 997
771 805
377 612
507 723
613 937
333 555
38 447
108 880
328 385
258 426
401 824
252 686
59 483
387 677
799 896
390 835
601 909
417 927
560 797
411 947
420 715
492 740
475 532
404 654
8 583
537 807
44 452
457 569
12 309
40 75
70 890
329 794
316 846
356 968
425 625
114 449
373 463
795 977
295 764
426 441
884 978
111 626
371 517
613 760
254 332
298 403
60 491
82 407
342 597
301 313
126 201
138 143
494 694
8 281
19 481
354 948
182 731
195 703
583 690
102 131
526 702
393 909
425 720
436 703
32 524
177 526
46 953
191 576
305 439
197 312
423 818
292 710
182 521
336 350
149 272
738 907
445 511
755 814
32 912
650 901
887 994
522 899
536 940
490 908
450 800
557 802
168 619
74 85
71 239
267 930
36 675
283 752
498 534
297 804
156 288
706 893
590 606
220 974
157 289
94 266
250 849
316 932
217 784
15 542
376 658
437 864
110 652
57 610
661 965
401 435
119 513
58 954
109 873
109 782
154 568
72 543
200 315
24 554
548 777
144 176
286 686
234 780
408 776
559 911
254 684
310 733
611 789
372 471
793 796
455 768
823 918
31 88
371 750
39 916
245 275
201 903
253 504
424 928
409 750
53 853
385 606
299 789
143 495
463 876
685 723
166 242
490 811
288 486
563 742
828 981
42 107
499 500
722 860
152 589
530 759
58 588
671 792
327 698
459 603
487 845
268 329
516 911
609 636
244 274
656 691
123 893
683 868
129 446
48 484
347 406
121 294
305 635
206 391
730 886
186 395
318 672
42 868
81 348
432 504
367 400
609 804
707 717
82 698
169 984
23 527
539 761
552 665
265 961
203 589
538 954
216 813
339 871
163 791
93 419
110 790
227 234
311 751
432 811
113 751
176 835
89 157
199 941
674 695
198 815
508 831
112 162
564 730
588 963
440 671
95 410
261 428
416 746
624 809
482 956
301 557
691 935
170 493
360 956
13 821
495 879
457 957
33 346
193 374
665 899
423 694
76 349
47 641
330 383
692 850
535 878
639 869
83 919
130 950
236 645
415 682
224 979
50 842
647 964
134 268
113 727
517 575
582 853
877 925
244 664
9 696
97 846
41 788
488 712
469 529
422 679
135 196
102 125
783 929
582 652
7 734
257 829
169 430
173 337
223 866
300 970
448 540
137 718
68 624
189 296
472 599
481 554
45 171
56 924
154 955
17 767
427 737
345 584
88 519
648 695
759 816
484 882
470 747
363 542
175 960
529 748
684 736
14 133
178 489
466 740
252 260
296 685
253 799
650 824
354 668
263 649
645 979
323 600
616 883
366 830
99 326
442 716
118 952
120 618
156 374
147 540
531 666
246 847
302 921
291 428
621 841
170 905
790 983
571 739
100 744
731 933
256 384
620 632
214 681
132 443
37 510
14 845
590 620
389 486
192 822
308 939
306 915
15 188
325 993
19 587
81 247
471 728
106 729
741 969
31 402
25 776
407 458
395 880
672 913
367 664
139 749
309 749
146 226
275 418
1 465
232 467
62 614
84 370
403 569
753 931
630 736
543 653
11 920
217 914
140 563
434 923
823 898
193 714
528 785
180 644
399 509
150 414
843 969
26 474
675 828
434 814
33 205
63 97
231 355
243 393
209 520
0 299
261 786
433 912
596 885
66 872
353 704
647 706
124 558
727 927
4 294
11 985
640 754
567 666
77 290
190 988
477 834
413 917
700 998
900 937
21 991
376 388
341 388
135 560
572 949
586 659
100 404
375 595
228 810
323 579
210 580
194 819
204 773
28 298
573 792
219 249
406 441
414 932
63 896
3 237
565 783
200 599
324 962
662 701
127 419
213 754
6 501
225 386
515 839
221 933
126 262
444 724
607 722
274 985
576 673
152 397
431 676
30 64
65 372
283 669
235 483
881 887
245 410
279 417
67 891
775 939
429 602
533 660
307 883
180 238
421 902
191 806
642 999
218 844
225 317
260 623
48 451
651 758
131 707
41 241
493 944
184 313
186 202
