0
1000
585 587
272 493
51 336
323 691
606 810
544 588
825 867
204 504
16 283
584 962
89 507
276 635
677 699
304 478
65 833
377 502
33 305
155 484
328 599
22 195
223 932
158 703
351 820
293 776
486 800
405 436
12 552
31 555
4 359
354 442
152 732
242 553
248 669
352 541
169 916
885 931
312 676
971 979
67 924
23 874
670 813
150 604
491 664
293 987
355 663
413 688
513 923
129 142
170 364
362 367
398 613
629 819
811 851
138 250
640 786
317 623
519 570
410 536
713 723
193 899
953 990
728 771
525 795
409 824
214 591
704 730
84 426
498 757
544 955
414 798
225 365
499 926
124 658
2 907
407 657
307 607
266 848
553 794
508 783
884 976
18 357
98 782
120 326
301 401
541 823
200 403
824 902
921 985
162 201
774 941
302 411
64 532
382 814
555 973
76 714
819 879
702 974
270 844
542 826
432 968
83 671
369 443
96 327
301 458
803 845
346 558
154 837
464 488
608 618
818 925
479 958
222 521
554 666
239 511
181 454
229 897
192 495
263 310
131 565
567 781
666 805
213 218
235 573
455 894
922 966
335 917
121 695
350 780
467 979
176 767
867 933
463 687
175 425
49 330
91 188
762 818
191 245
494 633
649 967
307 411
134 636
574 722
256 564
568 631
770 929
400 948
823 841
19 210
164 518
191 603
51 698
392 791
386 874
94 646
530 717
514 836
0 857
381 569
431 535
74 81
90 662
371 523
254 990
296 846
172 620
61 421
526 856
177 336
251 945
224 878
12 520
255 872
721 872
299 792
563 709
569 968
211 788
604 897
375 758
697 729
309 766
33 484
325 448
612 659
246 516
317 906
294 429
245 930
443 668
23 609
372 827
160 631
96 838
605 632
262 348
5 60
274 546
574 951
858 986
373 626
233 630
45 215
573 859
817 918
364 609
46 517
624 771
63 984
140 736
282 736
486 959
148 171
76 137
504 537
61 368
753 862
403 970
79 114
892 980
500 747
39 393
268 745
678 893
475 562
322 878
540 856
40 147
106 903
691 992
683 963
543 580
895 917
79 661
647 972
180 310
701 855
554 686
600 773
408 841
601 686
31 72
717 985
159 289
380 813
211 334
615 775
497 834
873 950
6 148
109 718
98 969
843 931
14 320
605 978
144 750
337 551
750 777
287 570
663 707
189 577
425 997
803 876
135 786
81 680
300 444
115 349
581 639
185 270
394 688
661 935
315 339
239 399
168 922
510 869
345 682
281 385
242 501
547 886
493 971
366 994
499 832
156 384
42 103
711 808
258 672
566 637
890 988
167 993
155 957
373 839
303 726
439 940
140 859
406 891
126 960
109 640
120 589
15 842
911 950
318 502
164 354
473 802
749 758
386 726
648 652
857 880
197 351
348 521
75 366
457 478
53 82
394 991
420 820
87 635
130 498
479 644
130 943
284 594
480 592
84 939
469 770
602 905
183 812
133 535
183 469
43 125
173 914
684 685
235 532
206 216
587 787
92 838
127 772
518 797
533 921
408 419
261 759
185 883
26 969
295 685
131 665
519 994
300 690
0 732
582 881
675 830
230 655
41 796
41 455
333 875
255 748
28 118
4 827
2 396
21 664
171 549
549 668
212 515
220 244
249 277
269 433
559 693
741 916
35 909
13 854
135 566
319 705
8 247
3 547
360 678
407 538
50 826
34 938
645 776
220 629
877 989
63 835
161 395
527 943
374 754
163 561
228 883
243 821
66 735
282 451
546 727
576 759
210 435
682 945
29 720
7 227
227 316
42 677
178 295
267 904
74 625
378 948
383 659
222 230
294 928
284 304
481 926
196 954
793 901
309 413
57 313
798 953
376 812
50 775
132 147
390 706
179 888
86 656
213 262
299 665
75 145
231 894
225 272
433 967
452 542
203 292
13 438
256 735
55 764
377 928
160 312
162 743
85 113
93 286
538 789
374 865
232 436
269 854
556 904
393 571
170 205
198 830
15 47
410 843
184 224
6 568
17 189
450 534
71 329
669 689
495 628
221 357
323 710
271 404
322 572
344 708
483 831
398 512
111 476
384 440
251 447
505 675
265 905
194 501
209 472
653 959
267 528
236 741
30 226
325 923
248 644
83 875
306 737
716 828
276 290
257 375
67 258
520 972
32 646
506 806
194 562
259 416
108 203
700 778
712 936
9 505
122 174
545 760
122 550
847 888
607 656
442 540
237 699
146 339
385 733
871 984
641 679
345 748
226 863
136 742
430 586
139 232
435 480
381 662
199 851
24 937
100 724
614 944
492 997
622 702
71 671
470 633
424 444
125 981
431 828
28 53
20 86
400 690
167 481
137 338
522 746
710 868
388 670
8 118
762 934
389 807
749 785
233 298
34 842
849 852
163 182
101 341
56 236
54 468
107 401
721 790
576 653
594 794
716 768
175 731
692 907
283 423
439 933
57 946
52 77
37 957
382 725
80 914
192 829
465 806
379 964
637 700
152 597
531 548
847 865
474 863
190 314
340 456
36 215
110 932
173 279
390 908
104 630
575 719
26 772
119 437
188 862
101 186
422 839
39 765
449 801
503 815
278 831
91 982
184 955
217 753
24 95
369 593
360 496
45 151
30 391
490 962
138 996
68 942
49 153
113 482
596 730
114 965
159 496
288 453
781 995
599 777
912 961
412 936
208 491
10 48
11 333
350 970
9 291
667 765
133 149
728 738
166 742
278 303
506 534
209 805
331 674
265 911
557 611
58 616
208 903
69 365
426 476
551 643
25 951
302 337
324 906
229 792
193 833
353 500
158 954
217 515
466 768
395 525
142 782
105 912
240 383
548 619
22 714
560 810
244 998
37 870
311 681
273 672
423 550
55 909
108 342
119 485
88 974
238 475
513 852
402 947
165 789
414 882
178 956
100 590
698 993
335 902
543 787
427 887
409 913
280 615
247 908
200 784
929 935
361 477
154 204
530 705
297 681
1 961
60 464
72 338
459 832
1 7
263 595
328 864
761 809
172 938
320 713
654 740
517 557
48 680
524 583
808 992
363 660
274 835
43 88
234 308
343 490
487 779
11 621
451 529
434 751
237 683
446 623
97 941
157 913
95 166
565 632
195 995
397 952
487 761
598 624
579 586
104 804
115 673
176 537
132 850
121 696
266 825
418 980
280 900
456 886
5 973
253 509
356 575
285 645
77 507
124 944
697 790
432 492
619 816
212 463
472 958
73 767
116 593
59 372
102 802
279 634
689 837
590 889
260 895
497 964
368 752
349 965
73 539
608 879
145 347
588 855
291 437
27 780
896 983
358 581
529 622
153 949
243 376
94 202
305 694
143 314
17 344
708 877
528 684
271 560
207 471
695 940
468 638
470 924
445 471
223 846
598 946
703 884
370 650
99 754
367 636
202 556
186 261
571 597
620 641
205 975
769 942
880 977
197 920
454 626
165 882
526 601
216 441
123 241
582 592
219 264
56 150
168 240
219 473
177 379
187 446
614 651
341 459
591 600
238 358
418 930
234 751
117 785
821 947
298 387
174 763
363 723
308 449
352 650
415 639
779 799
19 987
141 860
66 845
80 720
201 687
729 734
65 744
252 577
755 774
440 731
14 715
429 817
330 778
737 889
584 719
361 892
21 815
157 642
627 783
956 998
709 927
128 503
27 149
617 733
134 552
511 642
252 657
18 578
647 975
281 422
612 988
416 533
445 899
694 901
763 881
628 861
97 649
355 603
187 900
660 704
596 977
489 976
112 853
610 634
447 983
359 727
182 606
450 756
461 693
347 595
564 618
207 531
29 103
288 466
738 840
146 655
610 764
46 814
321 474
180 512
334 405
834 836
315 760
388 488
313 850
679 989
453 910
380 421
509 868
580 861
327 441
246 406
522 715
342 795
44 796
47 996
70 462
62 966
321 807
196 417
102 890
64 460
126 829
744 799
92 822
448 536
198 489
68 508
249 257
93 711
259 873
424 746
676 801
179 420
427 871
371 757
107 870
718 991
652 788
460 952
141 734
467 986
701 848
353 706
559 578
82 391
70 326
290 430
769 982
887 963
214 658
461 937
346 627
10 438
128 918
254 306
316 915
415 465
378 419
285 919
25 866
773 869
370 412
510 561
563 893
397 462
250 949
99 743
206 389
117 151
387 739
396 673
458 866
123 621
654 766
793 800
54 915
311 925
329 340
129 399
90 960
221 978
667 919
523 898
485 804
809 860
579 692
417 920
286 572
112 319
755 811
428 567
332 849
36 144
289 558
218 791
52 275
898 981
106 725
156 643
20 707
136 139
864 934
110 927
87 457
169 696
602 740
58 477
524 745
127 331
324 583
143 747
241 539
161 404
38 822
32 840
69 494
40 611
44 784
38 651
85 356
35 452
616 939
264 297
428 589
260 617
3 292
181 797
231 648
62 78
585 885
402 434
116 876
275 816
16 89
78 896
268 891
190 343
545 674
905 999
527 853
482 625
287 318
858 910
483 613
111 638
199 756
724 844
514 739
59 362
253 722
105 228
392 752
273 332
516 712
