0
1000
786 811
559 596
163 679
521 988
649 770
275 536
199 551
310 355
657 813
646 759
743 872
279 611
918 958
539 584
444 674
344 722
373 854
570 657
136 833
493 612
148 827
78 925
307 666
465 798
95 179
67 896
453 914
204 710
562 575
73 685
60 630
597 866
63 655
327 864
810 899
10 228
93 963
231 516
610 956
818 943
11 409
720 876
36 718
559 609
214 319
304 590
7 370
684 987
171 690
24 544
307 520
328 898
450 805
382 825
256 677
66 245
131 697
9 660
30 922
399 770
60 649
468 776
76 571
361 397
557 926
162 269
72 148
277 498
322 351
101 234
40 280
68 287
497 783
729 934
326 745
39 229
235 566
245 976
305 791
722 970
253 768
265 283
61 269
21 793
3 552
71 283
574 938
488 623
54 952
762 937
274 969
479 511
469 902
231 372
536 629
405 959
747 789
30 49
530 892
602 891
230 929
77 221
634 915
550 726
360 766
426 456
19 798
0 949
516 671
198 518
284 800
212 778
160 850
100 359
533 741
134 437
110 639
333 621
53 635
719 828
187 289
394 650
239 475
318 881
655 933
82 335
558 732
137 252
562 760
296 778
513 968
38 647
293 859
232 527
135 648
573 779
264 822
285 449
769 990
572 784
419 671
464 682
209 546
17 910
251 743
343 447
414 917
4 669
42 267
130 687
788 803
656 908
132 598
631 696
69 714
490 864
140 396
420 565
554 818
309 672
625 797
175 749
349 843
478 578
43 364
8 431
126 820
127 799
49 506
244 960
167 973
52 136
736 985
344 673
705 811
20 153
550 771
188 332
595 924
234 295
139 768
128 684
601 785
166 806
589 972
251 988
458 694
243 273
644 896
98 345
213 757
252 808
404 619
538 930
471 592
22 969
218 944
103 966
628 704
477 706
753 888
288 678
430 976
588 878
369 381
114 228
583 834
86 473
477 624
341 457
65 459
728 997
258 511
0 654
46 836
761 786
542 942
441 563
255 865
313 877
224 646
117 297
80 668
112 909
197 406
94 945
52 318
101 774
70 111
613 858
223 361
298 635
792 907
291 444
11 611
539 627
191 839
321 866
528 886
329 616
309 894
617 875
418 923
765 831
24 780
738 812
974 991
569 589
590 594
122 209
504 751
155 429
220 390
685 932
25 279
461 565
625 926
41 464
257 905
487 890
541 782
450 860
353 424
448 775
158 669
106 532
363 645
437 480
582 966
89 303
461 667
238 415
378 543
75 672
337 746
117 282
692 716
497 632
159 320
759 801
158 183
190 330
275 587
320 522
637 729
617 852
659 732
142 900
479 908
124 504
328 465
632 681
176 299
87 718
420 604
751 990
79 325
411 605
290 440
154 316
180 936
294 498
253 449
195 467
434 606
414 891
360 500
92 496
652 946
394 726
606 863
882 920
78 407
15 807
305 480
50 383
401 950
773 956
633 756
642 750
125 149
679 841
280 402
237 817
851 980
728 994
286 529
81 247
421 678
14 334
505 937
639 985
413 742
534 895
853 894
222 977
341 423
129 821
221 708
33 556
398 502
23 440
155 699
274 580
84 162
59 999
441 783
585 797
149 356
8 838
620 909
97 365
210 995
874 991
217 372
91 989
77 738
15 581
141 568
312 412
220 651
577 838
376 907
154 817
514 524
345 815
1 152
737 883
40 870
263 695
241 353
883 897
581 837
384 961
389 965
315 458
339 919
147 494
108 777
145 463
404 691
359 764
4 397
452 881
144 673
140 446
70 546
42 169
686 830
205 810
37 124
700 967
193 705
233 496
217 587
184 427
491 609
833 949
927 964
9 947
367 561
906 931
132 954
135 622
223 727
73 188
53 699
92 523
31 370
2 129
916 929
100 265
161 503
202 227
424 747
615 942
535 734
105 472
278 935
494 570
375 795
325 599
298 579
384 563
119 336
405 754
183 960
641 794
532 695
578 904
181 433
96 785
246 520
236 954
368 957
168 628
371 647
566 807
492 560
51 69
211 624
703 920
109 890
374 701
273 544
189 522
336 597
435 861
573 756
93 368
86 717
31 694
90 880
180 540
338 564
287 790
206 831
202 564
264 331
197 489
187 856
184 350
607 725
165 262
483 503
501 596
268 707
235 723
115 338
157 232
27 922
58 396
213 845
56 758
689 749
177 698
521 794
411 862
939 973
276 291
71 696
66 887
200 758
389 495
118 735
126 955
57 65
721 772
515 526
560 953
470 915
512 869
137 454
408 643
218 435
87 979
64 855
121 825
81 347
688 744
638 853
292 884
32 207
478 855
430 640
385 877
314 509
98 227
120 138
580 875
428 633
500 992
229 698
490 986
610 912
410 627
35 796
436 796
85 299
507 848
208 493
145 861
125 603
193 462
459 692
571 622
62 774
366 886
102 362
181 763
326 676
196 270
952 980
351 605
216 556
509 911
41 79
618 803
271 975
56 824
255 529
308 375
680 687
46 468
356 873
254 727
26 379
182 943
190 417
912 978
90 451
116 386
37 541
47 847
151 380
214 852
454 769
533 545
910 999
186 971
900 921
225 765
203 260
482 484
603 820
240 510
380 660
306 542
243 948
2 901
6 867
828 871
128 865
97 826
661 903
314 767
482 595
261 777
928 941
63 358
281 452
585 924
99 623
651 708
133 215
237 416
386 567
787 869
868 958
175 332
668 816
300 681
317 653
174 315
593 748
354 515
432 488
586 914
675 809
421 899
323 393
711 940
182 502
248 445
143 476
170 993
349 445
524 675
249 844
144 790
764 775
80 200
513 682
463 471
288 619
167 591
762 872
5 858
239 473
241 704
388 878
472 710
170 746
141 771
45 297
271 331
508 709
262 903
670 834
843 927
150 917
261 626
485 887
82 779
295 615
693 998
355 752
805 940
7 173
10 244
491 757
157 996
156 935
534 641
198 663
21 636
266 703
150 311
302 702
83 510
652 658
822 885
36 492
481 814
116 357
557 965
107 629
55 519
395 863
33 406
608 829
194 576
113 555
104 215
346 911
599 648
23 403
832 867
64 535
945 972
151 266
433 519
476 548
475 555
259 735
763 848
216 921
143 413
161 739
152 709
387 947
543 840
667 760
267 507
139 172
76 426
528 618
387 460
28 431
59 842
736 998
466 686
572 804
3 849
294 323
677 845
105 438
118 711
43 913
904 961
337 812
131 939
582 631
292 870
316 739
263 594
39 553
378 577
50 971
88 399
83 665
317 885
377 978
324 495
409 849
44 804
374 795
123 333
25 419
113 369
373 975
740 856
439 638
730 981
284 350
525 802
196 402
403 826
417 916
111 962
205 755
68 636
339 467
335 906
531 982
549 753
296 784
499 934
379 442
548 823
586 871
936 951
199 334
19 859
103 376
893 967
407 824
177 715
281 662
322 517
91 601
312 442
367 713
107 192
44 51
447 959
400 892
808 983
212 460
799 816
319 416
340 630
499 506
38 821
383 600
453 819
724 750
720 854
206 793
745 748
45 48
393 517
178 194
425 893
371 823
58 108
74 981
164 842
579 621
34 201
462 484
553 884
74 946
715 841
20 526
814 835
259 888
742 839
485 776
422 653
289 868
185 391
530 761
114 712
659 665
171 951
568 691
640 802
18 330
382 755
178 993
67 120
724 781
174 324
439 782
258 286
130 645
791 879
401 664
327 561
186 772
192 456
48 925
428 789
102 270
815 847
54 767
210 607
483 602
165 531
222 806
829 874
583 608
109 931
744 835
432 938
233 994
28 219
311 547
670 773
13 301
168 249
674 984
342 474
395 984
558 836
285 658
153 953
676 697
112 730
250 995
448 690
302 989
549 895
115 224
363 438
61 857
179 614
832 944
501 714
16 75
55 567
230 443
725 962
366 512
176 398
716 733
282 321
788 997
342 860
257 362
256 955
225 246
702 948
268 306
142 576
123 301
545 650
14 146
537 569
219 851
637 977
272 897
254 443
329 731
26 278
195 211
801 889
830 970
248 642
308 932
809 880
388 614
740 781
663 837
29 185
133 313
540 901
89 527
104 164
85 191
446 451
106 876
381 634
16 147
429 862
455 591
348 410
1 365
0 620
466 626
166 882
138 400
588 850
304 523
662 713
385 889
683 800
717 979
593 693
277 644
163 731
6 486
598 706
84 110
119 792
656 974
310 902
18 208
127 423
518 950
754 840
22 242
343 412
928 992
72 963
364 737
204 846
352 734
99 408
35 173
207 346
436 616
303 930
427 983
643 721
505 712
554 752
592 719
226 392
723 933
340 457
47 489
293 666
17 664
12 236
240 415
94 766
551 857
156 514
247 508
122 913
537 683
169 600
29 146
352 846
260 689
12 134
95 470
290 941
226 354
688 813
160 613
422 919
780 957
5 34
62 272
425 923
347 552
390 787
455 819
57 987
575 844
487 707
377 574
741 879
96 474
357 584
203 434
242 358
201 418
612 680
88 733
392 538
300 968
918 982
469 547
159 905
898 996
189 986
250 276
604 964
27 348
172 481
486 827
121 701
525 661
238 391
700 873
