0
1000
75 280
677 793
411 656
305 518
139 263
400 841
534 715
255 740
198 502
57 808
184 871
646 705
134 547
229 254
542 566
107 424
43 242
245 739
226 294
217 673
767 872
136 982
859 979
317 947
194 916
114 818
278 412
218 404
36 593
192 487
49 123
121 789
478 904
148 792
789 962
271 986
153 950
867 999
144 911
635 642
869 888
330 372
496 582
351 797
37 114
745 815
24 34
523 773
87 384
37 961
125 145
432 896
515 958
749 955
143 263
500 934
714 748
342 389
58 552
105 237
783 993
357 456
377 805
147 871
627 695
244 795
110 911
186 300
203 988
956 960
98 305
383 632
273 731
252 338
92 170
344 369
165 560
87 432
149 739
250 699
737 858
703 852
85 459
199 840
675 971
123 304
216 975
77 507
189 476
152 602
67 83
663 936
283 595
211 528
854 950
618 783
867 994
221 313
441 959
69 920
358 597
552 922
759 761
65 537
488 574
292 839
471 621
119 422
4 366
796 834
482 753
600 666
912 994
491 777
837 897
454 657
436 671
645 805
334 897
656 924
567 698
625 937
200 859
611 738
151 785
874 936
19 54
634 995
438 845
788 913
209 972
278 902
349 588
2 362
452 771
505 784
584 775
127 899
214 693
208 386
394 633
741 856
289 429
40 979
119 756
405 422
506 880
876 913
715 814
458 864
490 829
32 213
658 960
275 821
650 961
380 632
467 680
363 745
90 951
89 281
231 503
212 948
115 460
430 822
791 801
109 970
529 688
485 957
248 421
50 252
374 628
187 855
362 712
247 664
455 558
108 792
290 894
173 757
410 905
826 917
415 461
156 480
191 233
55 931
881 970
585 894
130 908
166 428
259 926
517 776
374 634
323 793
272 827
378 584
371 772
190 981
93 159
17 797
70 609
14 620
486 992
81 173
369 804
163 907
33 641
94 166
821 949
73 683
697 944
244 359
292 810
596 775
532 779
401 813
242 990
503 964
708 750
675 863
688 723
411 973
51 965
157 639
12 187
489 499
343 946
191 353
531 778
569 622
150 761
250 266
474 685
204 530
175 755
348 822
418 848
153 717
413 965
654 760
226 350
471 572
678 931
140 205
509 704
659 809
35 520
352 891
132 746
239 307
648 665
80 279
315 588
60 771
535 548
21 587
888 984
734 868
131 929
5 64
156 447
267 763
150 746
752 817
462 851
13 967
169 223
478 625
181 389
180 450
3 834
439 603
727 924
444 724
853 999
96 118
336 537
382 820
355 653
340 830
327 435
116 720
376 665
525 847
272 402
111 178
160 542
127 425
108 855
677 918
159 493
58 511
167 811
604 932
472 816
481 889
359 925
11 561
508 709
807 925
296 714
673 690
157 628
329 342
202 638
768 828
274 468
289 806
225 576
571 774
405 492
101 324
296 869
42 856
18 298
44 206
447 843
316 598
97 935
384 579
470 818
383 496
128 277
45 934
140 499
51 766
228 825
275 935
333 687
164 375
9 47
228 729
321 613
392 983
180 762
744 833
247 565
158 767
300 998
192 926
368 702
259 763
29 80
676 816
235 298
201 824
735 893
519 942
553 743
573 955
444 689
654 725
615 647
215 886
837 842
134 565
227 364
878 892
433 939
330 795
442 858
107 740
129 461
144 883
122 453
190 550
12 390
687 910
327 660
754 971
728 883
45 353
84 129
652 887
176 546
16 705
354 636
449 570
53 197
232 649
31 494
291 449
174 798
799 857
877 986
241 555
137 845
293 523
408 943
61 663
401 980
365 425
188 470
674 954
563 622
68 395
539 666
328 354
25 363
467 474
885 938
303 624
61 370
240 587
420 760
1 413
557 724
112 603
457 586
525 987
10 32
42 508
811 922
294 358
524 559
526 709
387 392
47 875
318 540
445 905
364 476
491 996
360 655
67 564
445 752
34 536
208 884
163 205
716 872
297 670
238 889
782 920
347 982
26 874
189 524
623 807
388 487
569 701
16 201
46 168
769 799
196 332
533 643
142 171
329 382
397 996
701 992
212 394
464 594
642 804
898 909
385 999
800 801
99 102
75 875
147 264
78 641
968 975
671 860
121 528
100 548
785 969
98 593
21 375
778 901
527 879
484 722
41 512
76 311
269 906
479 770
277 857
599 881
90 253
583 717
236 882
53 987
117 969
504 747
786 985
15 295
612 684
126 416
407 814
280 900
293 504
230 644
607 751
611 774
409 510
182 616
501 840
597 710
74 756
154 196
662 707
25 631
38 515
417 443
402 589
39 812
414 703
215 910
577 978
900 938
895 941
551 669
434 536
566 854
578 963
194 690
337 629
652 865
0 264
172 578
93 573
99 185
128 406
520 764
91 320
846 942
669 798
77 430
438 839
659 780
137 545
96 240
513 912
19 283
765 959
26 351
76 932
609 891
110 396
117 207
169 831
403 972
267 645
414 695
545 547
349 502
477 534
118 557
540 784
683 781
835 890
214 463
60 825
89 605
877 952
526 619
174 713
43 678
352 725
640 743
258 498
346 490
151 626
30 510
322 325
8 268
103 940
257 626
391 436
14 120
543 734
522 636
94 152
124 142
453 998
393 648
273 787
258 314
742 945
44 234
276 460
83 786
398 435
426 880
591 598
40 501
165 580
183 423
700 737
423 556
371 928
466 613
313 324
546 643
328 655
282 428
246 976
339 694
262 693
154 915
219 495
274 486
38 284
138 574
249 455
495 866
608 754
286 630
28 575
464 726
271 531
149 836
253 376
403 554
380 940
10 221
307 650
46 882
672 732
204 627
181 947
421 923
133 699
113 890
393 452
97 977
193 388
160 841
7 106
52 582
485 735
345 457
497 577
78 736
249 340
733 978
50 179
36 953
500 919
647 796
481 787
469 676
736 862
261 640
266 621
617 667
568 704
595 657
262 399
581 762
222 989
372 521
79 309
306 538
168 361
412 927
20 514
696 802
100 879
79 350
323 815
216 660
65 861
420 803
664 933
287 995
270 553
706 906
220 299
261 607
661 930
71 82
637 646
115 848
56 870
229 997
766 870
161 315
146 532
468 637
177 651
322 347
852 928
873 914
55 509
132 301
95 312
649 750
440 550
268 667
590 781
497 757
255 299
483 974
317 606
549 662
426 949
245 439
63 211
297 782
241 521
301 878
59 236
224 686
85 446
74 429
367 576
680 773
206 265
176 451
564 668
325 407
175 188
396 802
49 826
136 514
20 63
30 217
69 614
732 967
606 954
567 939
31 555
373 431
91 794
9 829
303 512
381 529
612 718
517 765
105 991
466 551
506 706
104 850
288 639
135 696
337 895
424 953
477 790
575 629
22 533
456 945
408 624
479 608
302 459
406 941
33 171
73 336
585 851
386 681
558 887
155 219
493 543
112 596
183 416
794 946
11 260
516 554
223 507
730 918
161 409
141 304
295 952
308 943
251 809
113 341
368 937
64 310
619 820
72 691
326 498
24 381
713 846
410 991
23 397
749 843
101 116
319 788
88 446
758 817
197 443
62 722
395 744
237 712
195 482
462 549
126 356
27 853
86 682
571 672
248 314
465 682
287 973
68 106
81 437
348 617
138 726
679 823
450 721
310 873
162 933
54 505
6 727
59 473
692 719
480 989
256 776
768 790
125 195
209 492
29 884
233 813
302 484
398 600
133 437
390 892
235 777
711 876
5 28
141 559
210 222
448 864
143 964
729 966
88 415
331 579
710 917
684 944
431 833
494 601
306 772
311 572
850 997
441 990
186 343
356 721
451 832
318 838
367 592
681 702
103 605
610 844
84 908
23 541
35 806
104 618
511 711
590 993
57 819
172 868
109 985
177 747
748 958
620 860
355 541
56 148
285 803
344 863
86 288
568 580
70 780
691 742
753 861
27 48
130 256
269 282
321 583
718 733
335 849
0 442
71 977
218 923
433 764
1 254
333 400
755 808
679 694
193 281
18 309
473 930
370 488
7 286
146 243
738 769
341 800
591 828
399 927
239 458
270 316
158 836
135 791
95 633
291 819
685 948
518 586
290 465
167 604
475 623
122 519
66 210
4 909
592 730
72 589
48 538
365 489
812 984
391 827
232 308
164 198
111 418
230 379
366 779
224 419
6 179
893 907
440 962
8 635
184 320
901 921
202 339
686 885
251 708
594 968
638 658
728 832
185 379
15 483
3 199
651 980
377 707
338 823
668 974
22 162
404 849
62 674
17 544
448 951
124 723
131 234
835 916
279 562
601 661
539 902
227 844
102 614
899 956
513 615
516 602
530 838
770 976
378 630
427 434
155 581
556 983
346 472
616 631
830 831
170 919
373 988
544 921
41 419
610 692
52 758
670 914
319 862
220 898
562 915
66 361
469 751
719 810
284 570
731 886
741 865
334 824
246 689
82 847
238 535
39 904
182 475
231 963
332 720
265 561
213 345
207 522
13 387
243 417
560 563
257 331
200 527
463 929
698 896
2 335
599 981
700 957
139 285
225 903
312 326
92 120
716 866
260 842
454 653
357 427
203 360
276 966
759 903
145 644
