0
1000
21 160
493 716
589 628
655 796
166 620
220 594
236 300
65 600
963 989
260 528
181 331
384 972
804 826
567 830
112 227
194 818
20 843
103 368
249 865
430 835
434 806
283 640
213 261
124 828
704 975
475 842
201 917
267 648
341 347
25 427
638 885
229 562
201 985
213 882
4 46
435 563
9 992
216 481
315 699
84 886
419 726
789 811
241 422
260 634
309 593
91 266
792 922
190 558
291 429
253 977
482 847
541 761
614 817
521 714
578 647
150 581
174 244
254 432
142 470
342 840
395 525
263 416
296 327
577 750
386 918
605 878
177 206
6 660
319 391
15 346
234 304
238 712
188 855
95 956
203 433
38 751
319 527
428 513
665 802
359 844
117 422
358 918
370 608
142 575
687 995
538 719
400 936
318 485
257 258
120 298
276 654
166 423
6 778
218 404
83 759
390 543
18 71
29 721
115 334
262 499
109 181
93 488
822 850
58 691
695 730
660 897
93 650
355 987
408 452
25 294
307 420
140 156
421 548
104 344
275 707
406 902
609 626
323 549
354 413
144 641
333 454
303 973
411 863
267 325
360 994
31 529
92 668
523 551
73 354
182 285
90 852
780 933
294 303
710 927
431 488
204 657
382 866
521 795
408 554
89 596
685 858
161 760
196 855
405 880
387 767
155 389
758 812
692 715
37 383
119 219
230 988
499 949
41 322
381 996
216 701
52 304
680 840
560 676
278 388
215 725
570 717
307 920
320 839
746 814
580 794
198 617
611 781
949 951
343 765
171 663
45 751
305 711
292 841
137 242
347 698
279 564
424 952
98 679
505 897
131 223
623 828
27 557
135 747
278 832
129 819
2 824
36 235
568 700
226 938
139 863
82 869
732 934
355 797
117 148
672 900
81 890
610 970
26 425
571 813
211 222
135 937
34 460
189 728
106 535
428 781
154 600
64 998
158 219
268 966
14 88
350 837
163 394
92 666
437 915
489 820
624 922
324 796
107 848
821 992
313 791
314 581
14 464
593 724
367 712
143 764
72 717
579 983
145 856
489 583
513 763
69 925
743 874
176 450
444 956
373 693
336 364
134 725
163 455
548 849
311 338
739 928
456 753
126 623
17 671
631 921
755 954
722 924
148 868
146 443
740 976
231 381
569 688
542 573
5 459
729 970
374 880
196 465
387 631
30 63
401 741
55 877
1 326
138 644
421 962
224 737
327 536
464 601
42 594
649 823
455 948
349 799
802 821
708 716
449 742
315 375
230 384
426 583
460 874
536 706
612 906
256 308
97 823
43 932
525 872
540 702
316 909
136 882
157 187
162 908
54 708
28 187
35 452
552 637
306 436
12 528
133 496
204 684
189 293
157 447
446 673
287 512
186 678
168 930
886 942
73 128
21 770
45 968
754 760
561 914
493 509
223 495
415 917
482 780
8 399
306 462
737 867
171 827
235 418
33 90
220 380
10 515
137 679
175 403
698 967
444 542
85 913
7 469
396 510
363 655
130 771
122 866
310 409
376 950
622 946
72 254
22 305
24 854
116 724
109 736
669 777
611 986
477 518
670 965
33 953
62 727
258 471
728 838
474 559
453 845
275 776
298 369
89 879
251 565
63 271
353 463
48 845
23 51
325 700
332 844
191 249
136 456
5 647
36 822
209 401
703 927
904 984
412 699
162 947
17 120
859 884
205 457
114 454
601 635
417 804
641 971
614 808
483 935
9 264
292 436
340 833
248 793
3 993
147 461
7 588
108 861
930 985
48 125
239 901
269 984
591 870
701 713
61 894
552 629
646 784
104 366
221 440
788 814
519 978
359 993
179 857
12 470
19 227
212 266
43 277
731 899
173 516
286 415
498 556
388 787
87 675
154 977
377 807
125 494
397 530
666 888
487 862
296 478
290 346
738 811
407 735
766 991
98 486
365 634
69 976
440 912
108 193
118 233
466 849
331 817
362 819
650 933
64 350
497 518
313 636
352 595
60 443
393 507
238 246
469 856
438 958
419 944
458 748
554 677
661 816
369 588
200 966
127 308
731 942
24 642
545 758
211 403
156 232
449 570
39 77
153 868
112 183
569 748
39 458
379 416
392 715
392 833
431 943
237 539
619 807
797 921
530 576
544 953
613 741
597 850
391 587
372 630
562 736
57 550
123 860
165 502
563 858
379 830
246 877
314 862
300 377
361 557
510 767
49 358
19 360
402 689
500 801
26 248
37 591
459 968
250 539
23 994
526 955
0 111
95 250
56 274
720 891
687 900
427 531
365 685
395 718
348 680
202 683
291 533
105 363
194 707
172 793
662 761
153 259
442 982
71 466
400 543
378 625
105 420
560 878
170 356
477 809
121 426
41 843
180 691
545 559
94 962
129 139
496 773
425 574
217 547
509 998
656 825
397 692
450 702
402 508
694 746
111 646
504 744
167 564
887 981
197 485
352 776
312 503
180 808
484 599
49 800
471 615
491 871
386 785
127 721
100 999
567 772
441 516
338 463
512 885
733 971
334 517
152 595
410 951
134 277
263 279
283 626
15 893
259 870
56 923
410 511
34 995
179 935
53 639
244 799
13 522
183 430
529 677
200 969
16 159
32 972
328 805
649 658
367 676
453 603
76 603
618 762
251 433
252 873
141 723
451 585
47 91
405 791
349 895
75 132
320 960
80 893
380 704
185 926
853 946
682 754
617 726
295 501
356 566
769 795
286 532
151 627
664 693
566 996
214 810
8 810
398 504
61 891
475 860
959 982
632 765
149 763
143 524
605 926
378 790
86 468
116 762
78 714
936 991
301 945
79 176
209 879
212 690
10 705
280 925
501 904
573 798
208 280
618 957
424 467
461 825
229 643
51 524
240 875
295 329
476 784
616 632
152 261
205 514
222 960
638 836
270 829
495 658
107 309
429 790
74 948
312 906
11 130
146 578
537 932
447 889
184 914
11 608
178 236
273 931
299 503
413 696
122 281
68 937
210 442
820 990
253 582
555 834
864 898
633 964
690 876
206 597
62 929
178 667
423 771
682 973
221 812
735 947
240 965
498 607
468 779
302 733
80 803
580 961
448 587
383 481
164 492
198 815
66 644
520 697
118 515
576 757
16 505
340 572
382 871
215 835
490 826
727 889
457 549
145 846
500 981
335 398
302 915
242 764
740 903
406 502
202 565
437 980
168 872
113 203
29 224
100 272
228 769
192 905
472 907
329 574
52 619
816 847
321 770
27 59
651 732
155 276
271 919
773 989
375 584
83 128
756 938
553 774
133 651
150 963
65 167
88 544
140 894
710 896
622 813
114 929
788 890
67 546
53 149
364 775
577 887
317 351
289 490
165 941
445 988
321 625
590 786
385 851
417 667
76 293
696 974
473 627
225 599
158 745
345 561
285 671
247 744
42 119
589 653
40 407
182 256
192 664
374 694
50 390
144 786
695 739
534 905
445 848
262 909
394 831
20 284
639 720
620 865
385 709
555 913
782 869
175 409
70 824
342 497
916 920
659 837
191 864
245 792
852 975
231 656
446 541
3 669
750 939
55 645
210 794
598 630
113 997
75 859
602 924
357 635
551 604
435 997
85 901
903 931
311 371
86 688
32 353
535 674
487 648
38 78
284 439
199 783
681 898
77 959
199 950
290 598
829 979
195 768
602 896
46 572
96 147
348 706
241 326
766 958
861 892
494 902
265 547
923 939
637 919
217 533
483 520
243 653
30 633
523 815
239 662
324 876
532 916
299 857
332 592
480 881
66 351
94 749
123 270
592 979
264 834
713 967
99 411
586 615
159 672
373 851
783 846
188 190
102 511
709 911
774 782
556 945
97 798
13 604
476 734
2 31
372 537
44 582
339 579
282 654
418 787
170 225
161 884
558 999
318 941
193 245
58 873
214 546
126 274
96 986
269 723
226 414
467 673
596 944
47 775
322 779
474 684
228 809
247 571
330 665
265 333
218 337
357 853
323 434
743 969
18 686
106 472
121 757
87 907
102 722
335 734
396 910
652 730
301 517
151 480
629 899
753 983
67 336
636 832
60 768
610 990
540 908
233 257
54 675
138 177
719 883
101 674
255 854
22 943
486 568
44 888
478 818
59 838
657 752
438 683
711 940
362 412
57 81
371 875
550 803
368 952
747 752
836 955
289 465
124 934
538 686
243 645
621 883
208 831
519 705
479 670
439 910
609 800
366 755
207 805
310 399
103 514
268 462
82 131
288 987
506 980
84 785
237 584
531 534
74 892
341 479
339 361
115 827
612 643
68 110
99 101
197 297
232 606
195 749
252 839
330 448
110 404
718 881
668 912
613 895
50 628
273 616
432 703
345 778
255 678
553 964
607 742
492 652
729 772
173 681
169 642
174 207
287 389
484 575
1 640
0 282
297 697
376 911
344 738
28 316
393 954
370 606
169 281
317 961
141 624
172 841
473 585
40 789
661 978
4 867
35 806
185 328
507 590
586 689
343 506
508 621
337 659
272 777
414 974
756 842
0 759
132 184
522 957
160 164
441 745
234 491
70 940
288 663
186 527
79 801
