0
1000
209 712
8 98
205 814
465 857
324 516
311 836
572 607
155 708
275 513
500 976
548 697
433 492
395 883
512 839
300 599
394 791
90 543
36 209
219 966
263 511
471 898
71 812
579 693
605 951
662 901
334 606
460 880
231 999
618 951
118 414
323 883
473 534
309 723
518 991
447 896
560 933
495 928
402 852
818 852
802 854
73 406
733 760
12 254
311 429
25 563
397 763
653 758
246 484
125 559
919 928
166 950
500 853
683 742
917 927
635 758
782 927
123 652
372 503
147 167
848 874
692 719
270 580
687 838
838 899
152 323
233 351
89 384
487 783
505 632
524 992
84 740
269 503
575 754
456 643
597 768
232 555
573 654
241 390
715 751
272 507
521 796
409 502
21 708
206 358
472 707
530 584
577 636
93 865
109 793
725 749
73 756
643 973
268 352
565 996
78 420
382 915
289 876
286 785
38 698
741 894
513 958
299 563
343 913
143 960
816 849
184 251
385 725
795 977
333 908
245 406
342 752
707 948
61 881
910 934
492 801
289 795
178 370
201 443
172 175
87 309
84 475
304 877
352 978
264 912
676 839
115 409
225 463
274 830
276 322
39 843
271 616
258 922
603 988
957 988
181 577
367 632
13 674
875 987
97 422
208 520
66 449
515 533
676 959
134 317
716 982
427 846
351 916
24 733
109 153
448 663
282 750
262 658
70 499
635 640
337 797
138 844
76 164
173 819
130 349
441 550
685 722
348 965
240 875
10 900
862 939
517 775
813 824
124 246
252 731
553 664
149 711
589 956
304 905
191 932
22 578
521 607
336 930
355 473
448 906
237 902
0 472
307 414
197 560
548 997
355 418
620 899
193 199
724 953
410 975
221 801
91 767
297 784
438 486
94 760
177 522
446 516
180 596
295 792
350 800
9 82
58 214
654 820
937 973
63 176
422 443
255 672
740 894
124 823
32 667
519 668
650 810
297 970
440 556
315 439
893 933
842 990
340 774
269 285
738 968
335 983
786 804
225 976
431 626
749 968
68 103
615 764
336 869
148 544
591 858
633 954
534 584
773 871
331 398
505 732
450 586
62 936
480 817
587 688
11 866
310 585
628 923
27 972
412 811
54 153
188 365
723 811
22 977
131 930
278 850
69 103
623 982
506 663
20 879
662 892
68 326
174 324
537 666
46 848
30 469
726 891
530 818
367 517
438 682
261 462
556 921
404 659
140 531
137 828
912 972
339 918
170 648
178 679
484 538
154 745
553 921
878 881
596 656
431 855
51 127
182 827
319 545
290 425
486 918
226 594
284 400
460 554
41 325
410 775
567 592
13 837
318 467
16 952
412 984
376 784
489 885
436 906
27 870
399 538
34 729
9 863
228 766
593 891
873 945
319 892
273 327
206 772
569 855
524 582
256 546
157 159
244 955
618 990
356 702
645 778
738 747
487 895
704 998
805 864
71 908
464 820
491 533
19 279
19 770
696 837
24 890
748 832
5 945
48 416
253 597
104 631
608 842
316 747
439 680
252 502
645 794
208 260
10 116
726 995
79 271
11 320
114 385
182 495
2 362
31 389
640 860
371 736
283 483
118 195
87 648
160 541
454 735
350 868
557 730
914 925
629 743
29 74
80 202
192 508
526 786
102 572
108 721
284 853
380 478
909 986
328 698
56 300
65 193
3 463
293 994
407 568
4 254
469 889
384 728
107 966
74 247
135 578
305 353
862 880
116 542
391 636
52 399
156 722
195 558
661 984
388 403
85 111
265 949
959 970
81 242
101 896
274 278
373 807
639 940
40 149
441 762
86 871
53 223
17 841
243 315
288 866
734 920
773 935
458 878
230 971
671 781
292 923
504 910
565 975
890 954
485 697
303 907
76 919
566 931
699 867
96 150
100 545
39 99
543 569
433 914
660 829
257 857
181 332
127 313
262 591
81 865
314 468
105 257
490 907
85 186
244 938
104 238
120 165
665 962
400 401
264 630
390 466
288 428
32 216
204 520
169 354
720 873
1 234
329 870
179 755
595 958
251 744
57 222
374 691
295 408
119 583
132 218
49 780
523 761
82 129
174 360
112 727
194 291
425 461
759 787
332 557
307 741
26 318
809 872
162 882
306 476
67 220
215 627
64 363
444 670
430 851
282 638
47 369
249 917
647 955
861 987
259 470
281 457
33 601
802 834
202 808
57 402
52 895
92 294
134 345
478 757
581 744
186 227
359 823
308 612
331 479
29 525
379 653
158 360
552 877
789 897
183 344
757 980
267 375
452 581
353 574
43 310
774 867
298 916
145 434
482 947
704 718
624 939
688 826
525 858
158 330
610 911
159 171
95 829
445 564
604 935
306 512
216 292
347 679
550 601
509 529
453 628
207 327
509 828
445 863
489 588
328 633
161 341
121 326
139 943
575 836
111 224
369 815
212 514
522 568
270 813
364 701
112 265
232 946
393 519
681 886
609 803
540 798
804 944
562 659
542 782
711 974
420 602
777 796
494 745
123 701
830 859
88 754
713 785
320 651
30 192
14 189
847 879
51 171
91 672
266 689
693 913
83 421
547 766
56 72
564 571
163 755
375 732
130 219
423 714
600 799
657 835
604 946
100 424
690 974
165 605
37 769
0 646
35 902
65 531
876 915
589 709
78 953
151 322
221 750
330 940
25 471
361 527
296 649
41 510
488 620
42 67
46 133
77 993
368 849
15 737
101 435
107 536
59 455
248 986
168 396
700 768
588 797
551 783
952 989
418 599
482 696
135 194
611 806
660 854
3 415
405 962
156 720
248 338
236 403
792 856
55 303
518 872
481 714
136 948
637 699
366 938
634 743
961 983
455 561
261 658
141 991
50 243
432 606
642 689
228 287
179 947
250 449
7 387
488 562
113 386
128 291
34 437
600 753
69 540
97 377
155 642
761 778
60 969
308 799
63 585
266 819
129 900
16 258
142 770
47 765
117 929
1 963
236 342
283 459
204 776
86 199
33 392
148 277
227 794
273 887
333 898
387 673
5 453
444 764
619 787
529 737
42 49
75 593
44 272
358 450
483 888
840 937
396 746
615 810
779 998
313 756
14 142
354 904
349 964
325 944
381 527
377 544
537 683
147 566
8 143
493 717
88 664
177 343
187 851
373 497
141 346
224 321
776 845
305 532
241 650
200 609
122 924
789 950
106 889
45 985
341 580
146 536
329 967
716 833
535 713
70 260
638 646
66 299
576 677
281 777
15 960
62 929
12 729
146 256
6 106
201 526
528 798
162 694
210 370
96 674
407 411
614 762
426 514
368 583
180 435
466 667
465 964
60 213
167 188
90 442
926 956
366 458
108 481
421 587
43 641
191 706
53 846
571 610
647 656
267 357
220 239
378 499
477 695
126 511
301 338
253 742
401 859
23 626
213 847
250 395
75 424
637 996
380 803
48 452
217 479
175 887
717 861
185 561
275 822
655 736
398 997
152 821
95 884
302 630
769 884
456 869
239 684
245 657
474 920
92 161
45 337
942 978
38 627
50 501
98 211
93 501
705 739
348 934
64 666
734 864
893 981
58 122
440 831
160 237
20 670
230 897
170 621
302 397
814 825
21 994
405 850
132 235
508 612
231 576
574 832
388 684
259 359
765 922
18 94
157 690
408 523
28 551
727 925
383 491
139 296
361 793
382 806
151 641
276 941
144 834
113 969
163 942
532 598
166 539
549 790
419 617
110 280
383 815
374 451
294 344
61 824
678 835
394 411
376 731
40 535
570 677
528 692
868 981
290 903
497 678
691 845
105 651
277 703
335 886
136 771
334 652
619 625
131 474
183 207
346 728
603 992
467 911
140 710
595 682
172 788
547 613
427 780
579 822
417 622
280 885
860 963
541 805
613 817
464 971
200 702
255 924
268 625
7 187
203 943
184 480
233 669
602 668
586 807
617 826
694 752
185 203
614 931
312 621
779 980
198 985
856 905
357 673
114 767
442 719
196 279
138 821
496 539
552 748
665 812
89 362
475 831
554 675
582 706
28 634
133 705
125 882
214 485
590 993
247 709
79 249
432 936
809 926
240 555
416 436
393 498
316 454
137 217
238 841
150 430
128 189
173 298
211 843
477 751
169 345
496 746
235 669
263 498
4 423
739 979
510 661
77 119
23 26
816 904
644 649
212 771
168 715
476 999
404 680
687 932
559 825
781 874
681 999
718 909
629 735
293 459
59 546
622 844
120 470
611 989
340 961
164 226
494 788
391 447
506 753
378 558
759 888
285 451
685 901
190 979
417 549
37 356
437 772
312 790
35 791
55 624
413 724
205 234
570 671
72 229
703 967
36 700
286 428
392 695
287 763
190 389
223 686
372 594
229 833
126 504
196 808
2 686
381 567
218 461
515 710
197 462
827 995
655 675
321 379
54 616
83 301
314 413
31 623
121 644
18 592
242 712
364 415
99 730
176 490
6 339
102 386
117 631
17 210
347 429
198 949
434 639
145 426
573 957
457 608
144 493
598 840
468 507
419 965
44 222
115 365
110 363
215 903
371 446
154 317
590 721
