0
1000
37 477
443 829
576 834
782 948
538 655
260 629
122 634
510 617
108 644
251 772
751 998
165 511
24 789
486 500
635 780
694 889
88 428
369 785
342 732
862 972
387 775
159 681
433 999
349 999
161 668
504 692
118 682
276 396
852 996
244 814
187 811
77 934
277 820
633 906
11 302
370 781
664 912
166 275
232 765
588 661
241 859
335 677
399 574
10 144
533 668
534 536
794 942
871 903
105 778
528 747
657 938
81 891
311 716
943 978
440 977
249 982
3 96
565 770
138 299
679 846
720 803
556 617
223 990
407 555
86 292
18 412
180 951
797 915
512 558
490 659
623 993
60 99
113 389
562 791
39 313
411 875
220 239
284 344
631 780
116 854
22 620
328 387
605 961
39 390
529 954
279 421
205 508
166 183
386 974
458 546
759 976
659 842
179 761
86 523
137 449
515 563
394 690
252 882
841 995
468 666
17 23
554 826
317 699
374 573
62 70
177 286
330 422
21 908
526 946
223 758
463 605
323 912
399 789
111 398
676 886
762 845
61 295
103 636
339 547
593 937
484 826
537 752
27 267
286 802
321 380
323 455
507 806
418 616
192 535
102 172
767 846
447 479
91 535
480 556
284 994
50 82
66 155
809 987
853 988
430 737
202 666
372 377
4 266
30 161
322 899
72 993
384 500
72 132
753 799
162 324
642 806
618 996
663 983
226 858
440 564
228 338
947 984
519 626
303 707
66 211
402 676
87 959
153 378
263 571
140 163
541 757
338 644
31 156
178 520
327 634
675 925
254 834
302 751
264 684
271 873
112 865
431 559
566 905
400 545
171 435
18 319
80 777
237 590
610 930
234 276
253 409
638 875
154 429
277 353
320 693
128 968
149 502
334 894
100 383
497 858
220 960
486 970
774 957
515 843
354 680
157 924
160 777
13 268
779 815
245 649
466 559
125 361
586 654
378 610
317 811
285 607
82 99
462 711
347 456
356 755
534 564
544 606
346 678
215 222
549 927
242 755
189 452
110 740
647 819
197 386
265 766
521 532
76 543
75 833
499 568
106 318
232 748
609 840
621 991
165 640
83 681
252 722
348 717
349 908
139 143
119 249
73 495
218 831
261 594
136 293
238 532
115 491
774 939
626 749
259 926
427 916
851 989
248 627
358 477
445 706
262 955
360 703
730 965
2 896
331 653
246 851
157 350
474 952
200 402
370 437
818 897
824 864
577 850
385 737
492 862
640 881
15 645
142 665
202 857
45 888
31 817
893 919
670 707
325 632
117 359
79 250
460 633
21 465
25 916
17 788
485 650
109 654
307 897
527 639
84 921
92 398
92 844
213 429
29 226
74 551
553 675
145 174
158 963
667 892
501 677
454 750
211 458
362 647
773 849
701 997
493 744
28 730
438 714
616 906
2 808
48 687
492 584
630 763
342 497
278 658
572 827
283 669
278 652
120 860
175 537
1 657
294 548
596 786
217 705
90 615
347 479
783 922
51 979
643 832
9 293
141 603
383 508
345 729
426 964
488 716
231 294
108 451
332 361
240 376
33 724
837 933
516 942
122 686
628 962
767 788
462 893
38 414
312 528
23 288
180 665
107 624
182 764
481 745
436 592
579 733
43 83
201 856
104 899
561 680
193 697
206 304
303 406
364 847
115 188
80 97
118 581
48 174
427 568
403 768
608 771
795 902
90 147
373 704
130 822
44 804
89 689
546 839
604 924
1 702
57 832
660 718
137 198
184 345
442 855
368 900
45 219
490 890
290 371
111 116
566 620
74 168
240 982
233 958
199 552
328 406
732 887
41 763
51 923
602 627
89 208
36 598
173 555
384 574
285 444
56 792
246 753
557 877
32 664
426 872
489 786
967 997
229 368
854 980
9 126
270 409
79 281
432 565
314 641
273 721
377 848
62 696
433 904
59 769
64 955
519 560
327 495
34 726
465 848
60 863
740 956
75 464
127 313
405 408
840 932
120 801
305 336
601 641
332 496
807 827
87 575
369 656
93 972
606 814
88 443
374 422
770 793
299 570
36 525
743 845
723 731
195 366
340 618
0 301
335 553
324 585
649 940
625 685
38 509
653 672
30 352
12 418
247 719
25 667
32 573
5 243
227 446
419 468
326 775
65 469
557 597
375 709
444 813
544 710
414 567
125 424
151 305
93 182
130 522
710 963
213 258
483 703
905 959
312 622
52 812
727 843
259 421
4 714
61 820
713 855
59 94
651 810
170 569
333 920
195 331
531 917
124 879
425 738
217 448
739 969
274 614
131 326
191 898
578 810
379 809
253 629
181 894
52 881
70 968
350 870
76 144
71 927
263 526
63 169
316 623
129 613
67 804
863 902
530 696
101 646
337 839
16 395
471 671
307 940
188 530
311 674
230 358
822 975
297 816
923 925
11 830
42 874
691 706
385 883
298 348
410 878
662 825
26 256
614 702
744 877
554 952
194 518
150 417
268 367
272 578
42 270
411 711
6 991
142 147
314 551
85 417
453 967
442 974
571 599
98 731
310 998
47 602
96 300
134 945
65 506
637 891
514 531
35 54
797 935
609 768
148 167
235 365
274 821
334 782
151 397
155 493
237 393
140 143
145 695
756 918
379 781
236 469
637 980
121 282
662 918
460 491
148 362
769 880
230 735
287 513
505 522
353 434
396 550
457 816
485 888
233 333
613 631
219 683
547 745
212 476
380 476
78 673
53 960
375 388
450 459
913 941
152 776
81 859
688 935
175 646
341 778
712 823
234 697
216 408
47 921
593 595
725 981
209 930
101 260
395 841
247 474
224 966
149 580
54 964
512 922
747 896
540 795
483 499
37 308
225 990
470 473
561 867
221 451
470 910
760 973
64 123
131 852
67 187
235 403
739 787
898 909
650 779
684 771
695 701
55 376
272 517
438 453
103 866
341 600
733 985
541 943
13 357
484 914
97 746
799 874
503 882
154 330
16 22
207 364
480 527
24 400
439 802
177 394
461 552
513 838
231 599
624 850
765 944
439 507
622 651
601 869
316 950
56 325
206 861
518 539
181 437
359 772
648 749
372 598
169 296
363 828
102 337
415 805
205 939
575 645
15 563
365 920
222 579
160 590
199 301
19 917
355 911
201 340
388 405
699 868
184 639
112 911
828 931
890 965
35 296
729 884
801 880
717 835
543 580
849 936
289 872
397 594
295 611
660 776
791 829
319 509
19 262
583 837
84 287
736 928
68 608
428 481
94 390
292 354
355 367
248 957
244 393
823 969
170 204
953 983
351 404
708 713
194 892
475 966
420 794
628 884
241 953
715 759
275 909
482 866
318 391
339 833
29 257
503 838
558 995
449 947
494 523
138 954
415 949
197 525
435 648
179 185
389 496
700 715
371 790
221 762
152 591
615 783
343 819
592 876
210 792
457 798
141 669
121 889
164 570
105 630
273 754
315 830
55 929
135 847
200 683
224 351
78 956
540 661
134 621
447 658
41 168
214 907
297 825
123 467
656 694
183 441
611 673
104 190
43 251
381 800
53 636
420 700
27 136
309 542
446 787
410 536
40 153
517 815
585 708
521 524
209 734
382 835
176 529
139 723
133 643
391 698
871 937
472 587
796 984
742 900
14 506
95 895
761 919
269 985
203 472
754 860
928 986
686 764
720 798
58 114
8 600
133 269
162 989
203 901
538 824
117 583
10 382
71 291
46 373
33 407
12 320
110 265
34 595
489 505
632 836
298 448
431 844
591 945
198 412
685 975
158 672
392 586
454 812
159 560
588 988
91 321
282 688
49 455
689 876
944 949
445 567
423 576
363 704
652 750
432 504
784 958
531 948
392 404
725 842
119 430
612 932
790 931
215 487
279 887
7 883
258 687
674 970
255 728
191 987
7 261
310 655
63 734
516 904
625 992
69 587
264 895
482 929
106 135
212 539
227 280
228 423
271 461
113 416
44 885
95 581
208 818
255 698
582 773
589 619
756 807
879 926
757 805
670 821
692 728
186 961
127 473
132 971
156 722
207 705
98 709
413 910
3 357
738 878
419 938
146 977
381 813
691 934
487 793
256 869
682 962
752 914
642 885
520 549
0 128
329 831
20 478
267 401
413 907
510 524
176 502
250 785
597 800
562 886
216 329
283 475
582 979
401 746
189 741
727 803
501 808
69 981
548 724
26 569
6 185
49 173
434 478
167 336
257 304
109 915
77 466
58 300
366 424
463 946
210 344
450 663
107 436
114 589
146 994
242 853
28 129
343 533
243 281
236 511
238 306
289 596
721 973
514 936
288 718
577 913
550 873
346 742
20 214
50 796
192 452
85 950
315 743
193 784
280 865
322 978
239 678
306 498
73 471
14 857
124 494
8 46
542 735
254 619
163 635
870 933
309 612
196 868
196 290
291 856
836 864
356 572
679 867
584 603
57 178
186 861
441 719
190 986
545 766
748 976
266 941
425 760
150 607
171 971
40 459
172 464
164 758
498 992
693 951
456 671
126 245
5 903
308 690
352 360
712 736
68 741
416 901
100 638
488 817
218 225
204 467
