18 19 20 21 22 23 24 25 26 27 28 29
18 19 20 21 22 23 24 25 26 27 28 30
18 19 20 21 22 23 24 25 26 27 29 30
18 19 20 21 22 23 24 25 26 28 29 30
18 19 20 21 22 23 24 25 27 28 29 30
18 19 20 21 22 23 24 26 27 28 29 30
18 19 20 21 22 23 25 26 27 28 29 30
18 19 20 21 22 24 25 26 27 28 29 30
18 19 20 21 23 24 25 26 27 28 29 30
18 19 20 22 23 24 25 26 27 28 29 30
18 19 21 22 23 24 25 26 27 28 29 30
18 20 21 22 23 24 25 26 27 28 29 30
19 20 21 22 23 24 25 26 27 28 29 30
4 5 6 7 8 9 10 11 12 13 14 15
2 3 6 7 8 9 10 11 12 13 16 17
2 3 4 5 10 11 12 13 14 15 16 17
2 3 4 5 6 7 8 9 14 15 16 17
0 1 6 7 8 9 12 13 14 15 16 17
0 1 4 5 8 9 10 11 14 15 16 17
0 1 4 5 6 7 10 11 12 13 16 17
0 1 2 3 8 9 10 11 12 13 14 15
0 1 2 3 6 7 10 11 14 15 16 17
0 1 2 3 4 5 8 9 12 13 16 17
0 1 2 3 4 5 6 7 12 13 14 15
0 1 2 3 4 5 6 7 8 9 10 11
