30 31 32 33 34 35 36 37 38 39 40 41
30 31 32 33 34 35 36 37 38 39 42 43
30 31 32 33 34 35 36 37 38 39 44 45
30 31 32 33 34 35 36 37 40 41 42 43
30 31 32 33 34 35 36 37 40 41 44 45
30 31 32 33 34 35 36 37 42 43 44 45
30 31 32 33 34 35 38 39 40 41 42 43
30 31 32 33 34 35 38 39 40 41 44 45
30 31 32 33 34 35 38 39 42 43 44 45
30 31 32 33 34 35 40 41 42 43 44 45
30 31 32 33 36 37 38 39 40 41 42 43
30 31 32 33 36 37 38 39 40 41 44 45
30 31 32 33 36 37 38 39 42 43 44 45
30 31 32 33 36 37 40 41 42 43 44 45
30 31 32 33 38 39 40 41 42 43 44 45
30 31 34 35 36 37 38 39 40 41 42 43
30 31 34 35 36 37 38 39 40 41 44 45
30 31 34 35 36 37 38 39 42 43 44 45
30 31 34 35 36 37 40 41 42 43 44 45
30 31 34 35 38 39 40 41 42 43 44 45
30 31 36 37 38 39 40 41 42 43 44 45
32 33 34 35 36 37 38 39 40 41 42 43
32 33 34 35 36 37 38 39 40 41 44 45
32 33 34 35 36 37 38 39 42 43 44 45
32 33 34 35 36 37 40 41 42 43 44 45
32 33 34 35 38 39 40 41 42 43 44 45
32 33 36 37 38 39 40 41 42 43 44 45
34 35 36 37 38 39 40 41 42 43 44 45
12 13 14 15 16 17 18 19 20 21 22 23
12 13 14 15 16 17 18 19 20 24 25 26
12 13 14 15 16 17 18 19 20 27 28 29
12 13 14 15 16 17 21 22 23 24 25 26
12 13 14 15 16 17 21 22 23 27 28 29
12 13 14 15 16 17 24 25 26 27 28 29
12 13 14 18 19 20 21 22 23 24 25 26
12 13 14 18 19 20 21 22 23 27 28 29
12 13 14 18 19 20 24 25 26 27 28 29
12 13 14 21 22 23 24 25 26 27 28 29
15 16 17 18 19 20 21 22 23 24 25 26
15 16 17 18 19 20 21 22 23 27 28 29
15 16 17 18 19 20 24 25 26 27 28 29
15 16 17 21 22 23 24 25 26 27 28 29
18 19 20 21 22 23 24 25 26 27 28 29
0 1 2 3 4 5 6 7 8 9 10 11
