16 17 18 19 20 21 22 23 24 25 26 27
16 17 18 19 20 21 22 23 24 28 29 30
16 17 18 19 20 21 22 23 24 31 32 33
16 17 18 19 20 21 22 23 24 34 35 36
16 17 18 19 20 21 25 26 27 28 29 30
16 17 18 19 20 21 25 26 27 31 32 33
16 17 18 19 20 21 25 26 27 34 35 36
16 17 18 19 20 21 28 29 30 31 32 33
16 17 18 19 20 21 28 29 30 34 35 36
16 17 18 19 20 21 31 32 33 34 35 36
16 17 18 22 23 24 25 26 27 28 29 30
16 17 18 22 23 24 25 26 27 31 32 33
16 17 18 22 23 24 25 26 27 34 35 36
16 17 18 22 23 24 28 29 30 31 32 33
16 17 18 22 23 24 28 29 30 34 35 36
16 17 18 22 23 24 31 32 33 34 35 36
16 17 18 25 26 27 28 29 30 31 32 33
16 17 18 25 26 27 28 29 30 34 35 36
16 17 18 25 26 27 31 32 33 34 35 36
16 17 18 28 29 30 31 32 33 34 35 36
19 20 21 22 23 24 25 26 27 28 29 30
19 20 21 22 23 24 25 26 27 31 32 33
19 20 21 22 23 24 25 26 27 34 35 36
19 20 21 22 23 24 28 29 30 31 32 33
19 20 21 22 23 24 28 29 30 34 35 36
19 20 21 22 23 24 31 32 33 34 35 36
19 20 21 25 26 27 28 29 30 31 32 33
19 20 21 25 26 27 28 29 30 34 35 36
19 20 21 25 26 27 31 32 33 34 35 36
19 20 21 28 29 30 31 32 33 34 35 36
22 23 24 25 26 27 28 29 30 31 32 33
22 23 24 25 26 27 28 29 30 34 35 36
22 23 24 25 26 27 31 32 33 34 35 36
22 23 24 28 29 30 31 32 33 34 35 36
25 26 27 28 29 30 31 32 33 34 35 36
0 1 2 3 4 5 6 7 8 9 10 11
0 1 2 3 4 5 6 7 12 13 14 15
0 1 2 3 8 9 10 11 12 13 14 15
4 5 6 7 8 9 10 11 12 13 14 15
