5356
4525 3148 5807
2627 5807 8006
1979 8006 4597
1237 4597 4575
2197 4575 10269
2018 10269 6869
2425 6869 5394
2969 5394 9775
4150 9775 2030
2015 2030 3587
4586 3587 3845
4095 3845 8784
4242 8784 5551
1151 5551 8497
2141 8497 4445
5252 4445 8106
4860 8106 2018
3484 2018 10703
4107 10703 1303
439 1303 5511
2167 5511 4246
2862 4246 2762
19 2762 8014
5271 8014 243
5323 243 594
4850 594 8842
1685 8842 2445
3178 2445 5888
2675 5888 1009
3712 1009 2228
2995 2228 782
3797 782 5078
1709 5078 4019
1799 4019 446
3118 446 4022
5003 4022 3824
4512 3824 1995
4281 1995 3861
723 3861 844
400 844 7751
4343 7751 3313
4579 3313 10288
1548 10288 2167
3834 2167 3922
4937 3922 7629
3293 7629 10074
853 10074 7762
737 7762 9985
4591 9985 2925
192 2925 4222
2898 4222 6201
4870 6201 8592
5248 8592 109
4382 109 2066
3810 2066 9842
3307 9842 348
3654 348 2142
1807 2142 7690
4655 7690 2862
3619 2862 9320
3086 9320 10534
1192 10534 2304
3061 2304 7898
3399 7898 7241
670 7241 4206
4910 4206 5264
4328 5264 1794
5080 1794 9496
2309 9496 3501
498 3501 9745
946 9745 1947
2990 1947 82
4495 82 1876
427 1876 9232
2206 9232 5434
4239 5434 173
3429 173 4093
4260 4093 8396
65 8396 5113
912 5113 4470
4659 4470 6626
4486 6626 5715
4688 5715 8872
3693 8872 9892
195 9892 8241
2416 8241 2206
3074 2206 6865
4571 6865 3293
4002 3293 3526
2461 3526 7145
5145 7145 8873
1806 8873 350
5151 350 3233
992 3233 3536
2160 3536 7800
4736 7800 9758
3015 9758 5110
2846 5110 3815
743 3815 6680
5343 6680 5647
52 5647 519
1551 519 7501
1638 7501 9451
735 9451 6741
2587 6741 2236
4501 2236 2336
54 2336 7174
4079 7174 1011
679 1011 2771
389 2771 2492
3522 2492 6779
1557 6779 7936
3760 7936 1368
1872 1368 10518
3499 10518 9975
933 9975 2902
2003 2902 7940
1710 7940 4010
2631 4010 2381
348 2381 9855
3461 9855 2465
343 2465 898
5192 898 7096
5243 7096 4921
2630 4921 9994
3775 9994 1881
350 1881 7798
5214 7798 4313
587 4313 5739
3672 5739 802
5020 802 5713
2680 5713 715
2737 715 10611
656 10611 285
1324 285 2568
1762 2568 6249
5337 6249 3477
4901 3477 4733
3840 4733 10483
4613 10483 1254
832 1254 170
3687 170 1604
1909 1604 478
3721 478 3722
2428 3722 1581
1025 1581 1070
64 1070 7115
3651 7115 7921
673 7921 2697
825 2697 2924
476 2924 4218
2649 4218 7031
2935 7031 8928
5037 8928 9843
1546 9843 4558
894 4558 9009
1783 9009 2511
4186 2511 1501
4826 1501 4310
2164 4310 4011
5045 4011 10238
3039 10238 6480
1566 6480 9997
2484 9997 8945
2929 8945 5757
504 5757 302
595 302 2797
4043 2797 1833
352 1833 10203
3893 10203 8120
4059 8120 1128
2759 1128 4390
2221 4390 4185
4476 4185 5961
1130 5961 7136
5312 7136 7683
1864 7683 5948
4832 5948 5611
2343 5611 5706
5320 5706 2960
1350 2960 8819
401 8819 283
751 283 2182
4081 2182 6085
4491 6085 4829
226 4829 1591
1233 1591 3643
3014 3643 3417
4754 3417 4485
4135 4485 1756
16 1756 8159
359 8159 5387
2449 5387 8897
1070 8897 294
2435 294 3763
4226 3763 5196
799 5196 3558
3256 3558 4514
2844 4514 2804
1676 2804 8460
4280 8460 7879
371 7879 4350
4863 4350 7274
3254 7274 10685
4999 10685 2090
4675 2090 5133
4100 5133 3325
2130 3325 6522
2127 6522 700
1351 700 10087
4243 10087 3570
650 3570 4249
89 4249 3738
2277 3738 444
2361 444 625
3761 625 7532
3552 7532 3559
4092 3559 5153
676 5153 421
67 421 3091
1727 3091 6235
1877 6235 4065
861 4065 8378
2453 8378 7395
4967 7395 1053
3963 1053 784
762 784 9595
4045 9595 1153
4590 1153 6562
4532 6562 5762
4976 5762 6200
2395 6200 10190
4098 10190 638
614 638 4655
4548 4655 6538
1167 6538 2607
92 2607 374
1211 374 917
3749 917 6065
2367 6065 5462
2566 5462 5816
927 5816 9873
1289 9873 521
4245 521 2739
847 2739 4152
1510 4152 4579
3671 4579 6810
3659 6810 3712
2712 3712 4571
4699 4571 4635
4892 4635 1046
4313 1046 4509
337 4509 9369
139 9369 6163
4968 6163 1369
1284 1369 1026
3221 1026 7792
2364 7792 4014
1467 4014 8821
5251 8821 4947
4094 4947 9078
690 9078 5825
3717 5825 7206
2084 7206 861
5350 861 10306
5154 10306 6074
4068 6074 9301
1126 9301 2031
2909 2031 4060
2159 4060 7993
674 7993 7350
3582 7350 10279
2617 10279 856
3226 856 7877
4032 7877 9283
3252 9283 2784
2647 2784 10102
2391 10102 9452
2821 9452 10417
2437 10417 7599
1653 7599 5228
5266 5228 8783
816 8783 8967
2128 8967 934
3882 934 1144
2533 1144 2419
2026 2419 5836
4795 5836 8194
3906 8194 3782
4923 3782 1506
3081 1506 10083
1066 10083 9504
4169 9504 2379
3961 2379 6186
167 6186 10608
3628 10608 7783
3298 7783 2713
3699 2713 7900
1900 7900 1491
4882 1491 5463
1344 5463 3444
1107 3444 3511
3096 3511 5595
106 5595 7455
781 7455 3573
2137 3573 5194
3157 5194 7169
1873 7169 5302
1407 5302 9392
4477 9392 5981
1556 5981 6619
2504 6619 8896
42 8896 1422
1673 1422 1314
4480 1314 5724
214 5724 9241
2205 9241 8854
916 8854 2608
1737 2608 3719
3772 3719 1936
4946 1936 27
1603 27 492
5067 492 1988
2204 1988 3646
4364 3646 8187
4069 8187 7624
362 7624 2816
4157 2816 9047
3176 9047 1759
3419 1759 2970
3937 2970 8336
5116 8336 10514
2102 10514 874
2381 874 5901
3371 5901 3530
5326 3530 5518
2498 5518 10301
5099 10301 9902
1733 9902 10650
1119 10650 1529
1924 1529 1822
980 1822 4510
876 4510 7218
4029 7218 3838
2597 3838 3764
5091 3764 10530
2114 10530 8472
3143 8472 1574
108 1574 7525
4883 7525 3880
2565 3880 4730
568 4730 185
1677 185 8347
3194 8347 1350
4592 1350 9673
2916 9673 4110
3069 4110 3715
1623 3715 5424
4815 5424 2888
2908 2888 4970
895 4970 3631
2222 3631 4814
4295 4814 5819
56 5819 10022
3928 10022 454
2962 454 906
2775 906 8177
4238 8177 9003
1346 9003 9887
39 9887 522
4383 522 112
4325 112 8027
3646 8027 7984
4411 7984 9176
4803 9176 5159
693 5159 1242
1225 1242 8461
882 8461 9841
4434 9841 2756
2615 2756 8453
4118 8453 760
3524 760 9457
1748 9457 986
1729 986 8093
4423 8093 3562
2276 3562 5344
341 5344 3430
3216 3430 9109
3488 9109 5973
1657 5973 4519
1310 4519 4437
2787 4437 8211
4318 8211 9148
3568 9148 9376
771 9376 392
4009 392 390
5307 390 8343
3416 8343 5274
714 5274 2863
4708 2863 3844
5058 3844 10324
5331 10324 5132
2793 5132 10600
1283 10600 10187
4147 10187 8231
4703 8231 1402
1017 1402 5411
90 5411 9690
807 9690 6019
5336 6019 8996
5198 8996 3589
639 3589 3548
1645 3548 2110
1649 2110 5056
2812 5056 10166
4553 10166 8935
3418 8935 6588
577 6588 4474
4444 4474 5033
5360 5033 10705
2292 10705 10379
1193 10379 5851
546 5851 2578
2113 2578 9397
324 9397 1651
4208 1651 5506
4443 5506 4209
1148 4209 3507
71 3507 8051
4090 8051 9214
995 9214 1935
2122 1935 775
1114 775 3786
2667 3786 1851
941 1851 8269
2135 8269 7424
1365 7424 5104
2393 5104 3662
4575 3662 830
1658 830 5866
361 5866 331
2704 331 10123
4450 10123 5077
3145 5077 1414
3133 1414 7463
970 7463 3939
87 3939 3264
3059 3264 6348
3248 6348 686
4265 686 3519
1560 3519 6723
5096 6723 5881
4371 5881 81
3210 81 3762
1983 3762 712
613 712 5579
4824 5579 6274
4530 6274 457
4085 457 580
711 580 9129
3795 9129 2048
1113 2048 10369
4689 10369 9626
3660 9626 8691
1093 8691 4431
1754 4431 10533
462 10533 79
2089 79 8659
2503 8659 7041
1995 7041 131
2764 131 6692
1026 6692 5891
3038 5891 10042
1715 10042 8494
2241 8494 4791
5285 4791 5696
2067 5696 2938
4117 2938 9683
5195 9683 3937
3357 3937 3984
3608 3984 7702
1809 7702 7163
10 7163 7193
1297 7193 9233
1895 9233 7949
3598 7949 9659
2429 9659 3064
2378 3064 9368
754 9368 2080
1492 2080 7571
4187 7571 4766
2683 4766 8178
3423 8178 232
2312 232 1613
700 1613 7568
4904 7568 6318
5110 6318 3877
1460 3877 2305
1949 2305 7092
2930 7092 4647
3203 4647 10297
1820 10297 3385
1328 3385 6584
3379 6584 8005
3005 8005 4784
4402 4784 6956
1281 6956 8550
906 8550 4083
3364 4083 272
489 272 4202
451 4202 10263
2151 10263 488
1244 488 9862
4471 9862 3450
3182 3450 3343
648 3343 8799
1287 8799 1185
1345 1185 10428
1062 10428 8517
975 8517 7210
1010 7210 10459
412 10459 1677
1530 1677 7918
3701 7918 3483
2603 3483 485
3405 485 9928
888 9928 10448
538 10448 3948
2317 3948 4959
4132 4959 4818
3134 4818 1375
1522 1375 4119
2883 4119 5621
3390 5621 6238
3099 6238 5623
4705 5623 6679
2881 6679 3098
4981 3098 7998
5296 7998 5141
1539 5141 1913
1067 1913 1990
2874 1990 4845
4506 4845 5679
2072 5679 8083
887 8083 4516
3367 4516 6313
373 6313 3745
3695 3745 2798
1488 2798 8876
1942 8876 605
4731 605 6119
2830 6119 7964
245 7964 3405
4798 3405 9780
2823 9780 9290
1032 9290 2622
3024 2622 7749
749 7749 3149
3778 3149 550
3782 550 4769
1039 4769 9645
1785 9645 676
3151 676 10403
713 10403 5158
3629 5158 2859
3831 2859 2311
38 2311 8418
1784 8418 6858
2718 6858 4598
1442 4598 7821
1425 7821 78
1268 78 4469
2470 4469 3201
72 3201 9035
5239 9035 7780
1014 7780 10588
2540 10588 5105
756 5105 4363
3883 4363 834
3255 834 1247
478 1247 7401
904 7401 4120
3690 4120 7954
276 7954 10687
2147 10687 10120
1449 10120 7585
103 7585 4702
1482 4702 1411
1678 1411 10172
3361 10172 3538
5114 3538 4958
1992 4958 8747
1929 8747 4656
1584 4656 9267
153 9267 9068
74 9068 4097
271 4097 6593
5017 6593 5867
1632 5867 6591
300 6591 9566
3010 9566 7450
4101 7450 2382
715 2382 5527
229 5527 6918
4607 6918 6454
2728 6454 600
1396 600 5962
1459 5962 1607
789 1607 1042
4733 1042 9860
3605 9860 7247
1405 7247 8043
1925 8043 10242
3097 10242 7623
333 7623 5406
2570 5406 1839
3308 1839 1125
2808 1125 2223
1164 2223 9405
3329 9405 4557
4354 4557 3512
3483 3512 3147
259 3147 7832
4979 7832 3060
141 3060 7707
2331 7707 8422
4919 8422 6079
3102 6079 7176
638 7176 2400
5006 2400 2815
1278 2815 8814
5146 8814 6107
387 6107 9930
780 9930 7365
3403 7365 9474
2476 9474 1720
4748 1720 5718
3286 5718 8166
4839 8166 1891
1128 1891 826
4127 826 7598
3175 7598 3171
1886 3171 7383
3759 7383 5670
976 5670 1318
3685 1318 2183
1562 2183 441
4572 441 9207
1823 9207 7342
3078 7342 8296
4119 8296 9992
1887 9992 881
3385 881 2279
2509 2279 1283
1888 1283 9732
3042 9732 7457
5322 7457 8315
4645 8315 7512
1 7512 481
4112 481 10507
752 10507 987
4233 987 1659
4747 1659 8200
2925 8200 495
5093 495 2123
5299 2123 7379
336 7379 8837
529 8837 347
2507 347 5943
4913 5943 8646
3627 8646 6417
4616 6417 10602
3452 10602 4240
2611 4240 7237
2336 7237 3423
2486 3423 5795
5163 5795 5398
1022 5398 339
2414 339 4708
503 4708 6198
4327 6198 2121
3260 2121 10257
1796 10257 1331
5332 1331 9025
3996 9025 4172
1689 4172 9377
4341 9377 3753
839 3753 4500
5223 4500 8073
2207 8073 2552
2252 2552 6901
5117 6901 7434
4462 7434 6836
1216 6836 4506
728 4506 5050
2778 5050 5833
519 5833 8606
3351 8606 571
2997 571 6699
1964 6699 8582
869 8582 1932
1049 1932 4215
5094 4215 6087
1716 6087 19
5172 19 8031
1335 8031 2485
264 2485 10416
2320 10416 2343
3879 2343 5577
2912 5577 5419
1234 5419 10193
144 10193 1173
4317 1173 7391
1513 7391 4317
4438 4317 3890
499 3890 2727
666 2727 5225
3867 5225 1343
1337 1343 9307
3475 9307 3908
61 3908 3443
4735 3443 4043
204 4043 216
3349 216 5262
3106 5262 1745
148 1745 562
5354 562 3742
3716 3742 5311
3292 5311 6234
1512 6234 3699
2110 3699 77
3635 77 3287
278 3287 10135
5078 10135 10538
1791 10538 1292
978 1292 6773
4414 6773 552
4650 552 9084
4776 9084 9088
2740 9088 1683
2108 1683 7950
1868 7950 7740
1975 7740 9253
4584 9253 8758
3602 8758 10682
4960 10682 8870
868 8870 3541
2602 3541 10436
4312 10436 8665
1647 8665 8080
9 8080 5802
873 5802 7779
3261 7779 7625
3001 7625 3820
3636 3820 6775
2952 6775 8557
4631 8557 2831
5245 2831 4471
5342 4471 8882
2069 8882 2159
3909 2159 1260
4855 1260 973
1798 973 2472
1226 2472 9715
681 9715 5068
37 5068 10308
2161 10308 1867
5358 1867 9481
1400 9481 7618
1038 7618 405
572 405 2518
178 2518 6176
2273 6176 10044
3108 10044 9572
3951 9572 2745
1263 2745 5685
2239 5685 5603
2852 5603 5291
3828 5291 84
4810 84 3605
2616 3605 646
1682 646 8792
4857 8792 10221
3932 10221 8386
4606 8386 4664
3478 4664 714
5242 714 9126
2058 9126 7652
3585 7652 7958
4915 7958 5939
2322 5939 2702
3156 2702 2672
879 2672 5768
4299 5768 8995
2521 8995 927
2563 927 1355
2751 1355 1398
1382 1398 1652
3022 1652 9104
406 9104 189
269 189 1390
4537 1390 9499
3432 9499 9185
938 9185 2893
3374 2893 2830
1775 2830 5246
2717 5246 8
2074 8 9261
1013 9261 823
763 823 4609
1752 4609 592
185 592 5249
4006 5249 2604
3837 2604 1725
1176 1725 2041
1906 2041 1621
1390 1621 5565
3362 5565 2589
2143 2589 10394
1630 10394 9833
2548 9833 904
939 904 1684
3091 1684 800
4111 800 9563
1156 9563 7892
767 7892 707
1171 707 822
750 822 2046
1725 2046 4427
3997 4427 8679
1730 8679 1325
1186 1325 7649
2002 7649 3731
3826 3731 2629
891 2629 4589
297 4589 1948
3588 1948 8909
66 8909 381
1389 381 6179
3332 6179 250
3971 250 8843
2224 8843 2778
3183 2778 1078
2516 1078 8976
851 8976 723
1444 723 4024
1206 4024 4270
2532 4270 1966
5108 1966 7570
414 7570 9654
482 9654 9296
3208 9296 4806
794 4806 6611
393 6611 1617
1317 1617 6332
578 6332 7853
2834 7853 6663
3011 6663 8479
1855 8479 6444
3847 6444 7785
49 7785 5581
3063 5581 9422
1299 9422 3500
901 3500 829
4102 829 2593
3004 2593 3832
1958 3832 3404
3204 3404 10520
2789 10520 5609
4601 5609 8558
1561 8558 1275
1926 1275 8847
4921 8847 7887
24 7887 10479
1041 10479 4511
4782 4511 1888
1496 1888 3069
130 3069 7670
1009 7670 2301
934 2301 5640
2129 5640 8412
1511 8412 5558
1084 5558 2172
874 2172 74
738 74 3336
3814 3336 8774
840 8774 479
3684 479 7813
2538 7813 3254
2944 3254 2941
3986 2941 3760
1829 3760 4918
4104 4918 2233
4712 2233 1998
349 1998 10437
875 10437 2910
1187 2910 9761
1534 9761 7674
4830 7674 7299
1157 7299 2213
5258 2213 10122
3611 10122 244
4657 244 282
5232 282 5475
4050 5475 9010
1435 9010 878
2040 878 6895
1373 6895 1542
426 1542 4652
411 4652 2154
2139 2154 5480
4482 5480 4670
3526 4670 2930
5075 2930 7089
1173 7089 7295
4139 7295 6088
5260 6088 7875
3462 7875 2310
1465 2310 3311
3776 3311 10385
1196 10385 8129
3970 8129 3911
5077 3911 8798
394 8798 10195
3301 10195 699
2942 699 8293
3950 8293 2198
1705 2198 9544
3147 9544 7531
528 7531 8751
3741 8751 2768
91 2768 6439
1574 6439 4030
2189 4030 10480
1565 10480 8990
2157 8990 7812
2806 7812 8303
4303 8303 10377
4578 10377 9430
3245 9430 10702
4739 10702 9123
872 9123 3216
3006 3216 2954
150 2954 8912
1368 8912 3179
2092 3179 8957
4188 8957 7943
1788 7943 10063
2140 10063 9547
4031 9547 5102
1774 5102 7775
3980 7775 9120
4878 9120 2517
4838 2517 10562
3044 10562 2374
2030 2374 1626
3563 1626 2260
4257 2260 3077
4433 3077 7105
2686 7105 2676
2543 2676 2495
4988 2495 9370
1581 9370 3258
1671 3258 9533
1828 9533 1179
302 1179 3969
2032 3969 7698
4376 7698 6513
3572 6513 9602
740 9602 9734
5012 9734 5664
3158 5664 3379
1849 3379 7518
2261 7518 5163
3187 5163 9097
2561 9097 9049
4485 9049 2592
3284 2592 3268
4749 3268 6650
1595 6650 6035
3323 6035 652
2086 652 3274
4330 3274 2349
5213 2349 7963
3262 7963 8313
4373 8313 4923
2595 4923 10326
3677 10326 4678
720 4678 2530
1601 2530 10312
4413 10312 3353
509 3353 6804
3267 6804 9295
3490 9295 507
954 507 4681
4159 4681 1778
4770 1778 8952
950 8952 10553
1803 10553 179
3380 179 5238
4734 5238 7558
845 7558 5335
1750 5335 10121
2825 10121 10024
3785 10024 10620
4197 10620 10393
310 10393 2372
1501 2372 9200
3992 9200 6343
430 6343 4324
2963 4324 6242
4284 6242 3465
3851 3465 3075
3934 3075 7004
5279 7004 4669
435 4669 8338
4044 8338 10296
3816 10296 10565
4358 10565 1647
1446 1647 6986
3276 6986 8913
3198 8913 2427
4888 2427 2273
2826 2273 2989
4907 2989 1895
197 1895 126
2342 126 762
344 762 5214
2019 5214 310
4110 310 4296
952 4296 1049
2873 1049 8936
27 8936 3644
709 3644 5183
3686 5183 10237
1321 10237 4381
3281 4381 5903
1194 5903 8620
4762 8620 7654
525 7654 7373
810 7373 2753
890 2753 5345
293 5345 6519
48 6519 135
1484 135 5343
621 5343 2994
322 2994 6030
1740 6030 2928
1277 2928 10061
3711 10061 1061
1535 1061 9607
4973 9607 5381
4797 5381 5115
885 5115 1531
1078 1531 8736
682 8736 4017
1721 4017 10228
3067 10228 8044
3135 8044 7204
1816 7204 3883
4298 3883 6063
1599 6063 10
858 10 4552
4409 4552 2729
4133 2729 7187
4203 7187 3848
2539 3848 2473
3165 2473 2652
3844 2652 5253
3171 5253 4150
3787 4150 2597
3669 2597 5038
2244 5038 783
3 783 513
3162 513 8198
3969 8198 1748
4713 1748 16
4405 16 5736
604 5736 6177
4021 6177 1205
1282 1205 5754
5076 5754 4823
2318 4823 9996
1455 9996 9877
3082 9877 1618
1286 1618 3152
4953 3152 570
1502 570 8153
4814 8153 4251
2031 4251 3468
2 3468 5916
1708 5916 1276
3377 1276 10104
370 10104 7062
1276 7062 8836
4965 8836 10031
2694 10031 8036
2739 8036 8969
2399 8969 6648
1201 6648 8458
4862 8458 7614
407 7614 2787
4305 2787 4105
4229 4105 3591
2158 3591 3006
129 3006 3349
3095 3349 10025
183 10025 7925
4357 7925 9501
2052 9501 2067
4503 2067 5691
2784 5691 4297
281 4297 424
2628 424 2292
559 2292 4329
1640 4329 590
3570 590 2871
40 2871 9396
3985 9396 2673
1404 2673 7835
1776 7835 3174
4161 3174 9171
5201 9171 4012
3803 4012 8554
4780 8554 6649
3801 6649 4034
3854 4034 3358
4194 3358 7050
2423 7050 7094
736 7094 7448
5059 7448 6479
4397 6479 8266
1938 8266 7959
1490 7959 3282
4479 3282 8229
4363 8229 2932
1355 2932 8669
2729 8669 4688
4663 4688 6910
1217 6910 1227
4849 1227 4907
4231 4907 3013
2965 3013 3046
4400 3046 315
2126 315 3238
2296 3238 2763
3697 2763 9600
936 9600 3994
4656 3994 10709
4522 10709 8145
4489 8145 9344
2083 9344 3585
4391 3585 4988
4947 4988 1993
2230 1993 8181
1392 8181 9744
2940 9744 9404
4825 9404 5323
2519 5323 6666
4672 6666 2318
1122 2318 5822
2116 5822 9899
4344 9899 3474
626 3474 2758
3520 2758 3991
5022 3991 10206
1972 10206 9000
4320 9000 8989
321 8989 5863
3784 5863 6402
1245 6402 267
924 267 3142
4649 3142 6158
233 6158 9557
2767 9557 9771
5194 9771 2688
4831 2688 7700
3904 7700 5314
3900 5314 10522
734 10522 8174
1605 8174 4683
2652 4683 2083
2861 2083 7981
4441 7981 3842
4897 3842 3704
3715 3704 8309
3497 8309 9239
3037 9239 8939
1142 8939 9154
4425 9154 10084
267 10084 807
69 807 206
505 206 9293
3983 9293 7648
2375 7648 5678
2016 5678 2600
5014 2600 1953
1819 1953 8835
143 8835 8886
4959 8886 4483
1320 4483 5935
5303 5935 2648
331 2648 473
2183 473 237
1318 237 5062
2882 5062 4851
2780 4851 3288
4458 3288 3027
575 3027 806
3564 806 10465
2155 10465 10072
684 10072 1194
2779 1194 1695
4264 1695 1211
4005 1211 7000
3786 7000 5046
5084 5046 7781
4952 7781 455
5269 455 3117
339 3117 6033
1329 6033 5951
1224 5951 9954
4594 9954 7026
2860 7026 3276
1378 3276 4117
5064 4117 6628
3232 6628 3248
3740 3248 9560
4969 9560 4008
4600 4008 5470
4390 5470 63
2471 63 7248
3300 7248 8136
1248 8136 9341
1028 9341 7606
2736 7606 9791
2402 9791 10103
3857 10103 9108
4236 9108 8431
1415 8431 814
3036 814 2785
2681 2785 5019
3720 5019 5683
1711 5683 1632
486 1632 4927
14 4927 3549
1254 3549 2642
4524 2642 231
4367 231 96
62 96 727
2875 727 9098
3630 9098 106
909 106 2436
403 2436 1779
2619 1779 9907
4430 9907 151
4653 151 2918
3679 2918 6935
3535 6935 9505
1553 9505 2532
2632 2532 2467
3592 2467 9971
4941 9971 7309
484 7309 4787
223 4787 5686
599 5686 2383
5079 2383 360
1633 360 10525
5283 10525 5545
247 5545 2132
3104 2132 8110
5106 8110 497
4384 497 6827
3519 6827 1244
2899 1244 3800
1966 3800 6317
2623 6317 10698
3197 10698 7668
2926 7668 6824
1842 6824 9362
2304 9362 6727
3964 6727 7339
2080 7339 3168
2062 3168 7252
2992 7252 2807
1609 2807 1805
2290 1805 5785
3673 5785 6456
833 6456 2141
2181 2141 1239
3616 1239 1087
3273 1087 6542
1102 6542 1874
4452 1874 3881
1247 3881 10646
4679 10646 5494
3062 5494 4139
2986 4139 535
2551 535 10566
3656 10566 8790
284 8790 708
1456 708 8509
3927 8509 1345
1540 1345 9115
453 9115 4284
4872 4284 4220
3783 4220 5692
918 5692 609
1552 609 9145
3094 9145 6670
5221 6670 9170
580 9170 7114
4651 7114 9193
1051 9193 9518
4019 9518 8504
662 8504 6908
1770 6908 10148
1448 10148 7035
841 7035 4241
5169 4241 5149
1960 5149 10220
3046 10220 1730
702 1730 235
467 235 2089
2386 2089 3167
3431 3167 2855
733 2855 2719
4686 2719 7214
541 7214 9029
1499 9029 3498
3002 3498 1701
193 1701 9765
232 9765 1030
4876 1030 10453
2607 10453 9550
2325 9550 3318
151 3318 7362
4309 7362 152
2371 152 5347
1973 5347 3280
3012 3280 4118
17 4118 10527
696 10527 1873
2061 1873 8801
2786 8801 1628
272 1628 1321
3856 1321 1733
1343 1733 8889
2879 8889 6224
174 6224 5247
2411 5247 4898
2741 4898 709
60 709 6683
4314 6683 2441
1204 2441 5400
2672 5400 4054
210 4054 2149
2464 2149 6933
641 6933 7012
3218 7012 3014
1854 3014 3494
4567 3494 7744
1672 7744 6592
697 6592 3056
2900 3056 3927
1631 3927 9524
558 9524 6008
4165 6008 1223
5155 1223 2790
3539 2790 3561
703 3561 9926
3703 9926 765
4302 765 1335
1808 1335 147
2705 147 3278
2783 3278 599
4984 599 8444
5304 8444 4543
410 4543 10258
4958 10258 7788
2643 7788 9013
920 9013 2987
2417 2987 7935
3555 7935 3781
2584 3781 6253
1322 6253 3460
4759 3460 5926
3622 5926 1174
1493 1174 483
1458 483 1974
4036 1974 125
4349 125 8671
4693 8671 8567
124 8567 6778
1578 6778 8196
1817 8196 7615
299 7615 7541
4375 7541 8968
1190 8968 4336
2024 4336 5800
1005 5800 3169
2203 3169 6121
4707 6121 9640
2978 9640 6023
1814 6023 2086
1293 2086 5375
659 5375 8596
4205 8596 7711
3034 7711 4539
2967 4539 10637
1436 10637 3554
2214 3554 6467
2287 6467 8526
4622 8526 9688
5282 9688 1181
1950 1181 2799
4866 2799 1505
5177 1505 275
136 275 5639
1275 5639 3213
418 3213 1633
1777 1633 8445
114 8445 3164
11 3164 8547
1100 8547 218
138 218 8541
215 8541 10019
3030 10019 6931
1179 6931 7325
3599 7325 8853
3752 8853 1025
5254 1025 8518
4515 8518 6066
4837 6066 531
2692 531 2884
5144 2884 9691
2172 9691 9380
2614 9380 8562
748 8562 7232
3179 7232 7999
2794 7999 6412
2233 6412 7485
1316 7485 5442
5043 5442 4211
176 4211 2024
4407 2024 1454
3521 1454 2904
4536 2904 10571
769 10571 2050
672 2050 8776
369 8776 4466
2443 4466 9906
3410 9906 4854
4073 4854 6793
3435 6793 1863
2738 1863 8483
4003 8483 540
329 540 5034
94 5034 6369
2626 6369 10034
2432 10034 5813
3468 5813 10053
3113 10053 8475
4144 8475 8795
4926 8795 1201
363 1201 9876
3013 9876 10168
4864 10168 7104
1936 7104 2984
2319 2984 8314
5256 8314 9939
2878 9939 530
327 530 9858
5087 9858 2634
2796 2634 6959
644 6959 748
2693 748 8765
1794 8765 1577
860 1577 7170
1313 7170 10248
3466 10248 2800
4067 2800 404
4867 404 2029
2482 2029 5838
951 5838 1052
2051 1052 6164
5162 6164 3896
1235 3896 4349
5293 4349 8089
2434 8089 8144
539 8144 8779
5166 8779 1798
1135 1798 2345
2388 2345 4562
3043 4562 6418
4717 6418 6194
3407 6194 8850
325 8850 2857
4198 2857 1774
2961 1774 5087
2973 5087 1835
1731 1835 1624
5160 1624 1115
2773 1115 971
2612 971 3904
157 3904 10273
2469 10273 9549
864 9549 9211
5276 9211 9782
2843 9782 4518
2248 4518 3671
3580 3671 6377
3890 6377 5763
5041 5763 8559
2138 8559 4018
2774 4018 9935
1732 9935 1807
3177 1807 5885
2946 5885 7794
2851 7794 7642
5136 7642 8192
86 8192 10658
309 10658 9107
3736 9107 9674
3315 9674 3505
2439 3505 6552
3278 6552 8848
4472 8848 10177
4490 10177 756
2893 756 10054
2094 10054 2165
2837 2165 6061
5046 6061 5644
1108 5644 371
586 371 7181
3420 7181 4843
3148 4843 7834
4015 7834 6153
2725 6153 4594
4840 4594 9538
2098 9538 5066
169 5066 3409
2659 3409 8164
1140 8164 9556
3908 9556 6091
4228 6091 8023
3956 8023 1154
589 1154 4330
2596 4330 5165
3881 5165 8340
251 8340 4919
3603 4919 5498
3313 5498 3354
3655 3354 943
5032 943 8699
943 8699 10182
814 10182 10038
4216 10038 1308
2689 1308 4492
897 4492 1186
3886 1186 10008
2180 10008 10317
1636 10317 7859
2326 7859 6712
2634 6712 10141
4451 10141 4802
5055 4802 8283
1977 8283 3166
1986 3166 7799
2832 7799 3678
3105 3678 5582
3615 5582 8377
959 8377 6117
4080 6117 9183
3384 9183 4053
4431 4053 114
2760 114 3563
4141 3563 9515
3916 9515 6090
3387 6090 1379
727 1379 5069
3132 5069 5268
1172 5268 2825
4808 2825 1819
2182 1819 2287
3064 2287 10235
5063 10235 8389
2150 8389 7784
4422 7784 2421
2525 2421 9564
543 9564 4956
3304 4956 6041
170 6041 6735
4504 6735 4451
1541 4451 5248
4273 5248 2913
1608 2913 3219
1567 3219 2200
3558 2200 9192
4638 9192 952
4140 952 1554
4266 1554 6563
4792 6563 1671
423 1671 8605
335 8605 4151
68 4151 4180
3988 4180 7411
2219 7411 2757
2004 2757 8764
1035 8764 1203
230 1203 10700
4454 10700 5869
3972 5869 8985
2329 8985 7559
5288 7559 9225
1704 9225 2155
2193 2155 7908
1543 7908 10631
1208 10631 8796
145 8796 7418
4448 7418 6761
2665 6761 1923
2618 1923 1258
660 1258 4444
811 4444 103
5083 103 6247
2529 6247 3326
2625 3326 3946
398 3946 5006
2508 5006 1456
494 1456 10404
2401 10404 3959
2272 3959 6280
4682 6280 1424
4604 1424 6405
3824 6405 6331
3341 6331 2698
4464 2698 6597
1057 6597 8056
1367 8056 8130
4154 8130 391
4879 391 2208
3973 2208 5974
1215 5974 157
706 157 7151
5193 7151 7563
3444 7563 10155
2528 10155 2575
479 2575 9576
2279 9576 3769
2790 3769 6392
2226 6392 3638
692 3638 6752
1271 6752 9454
2415 9454 117
2960 117 4792
630 4792 9006
4037 9006 9589
4618 9589 5960
2236 5960 6850
3247 6850 6589
4854 6589 9143
3994 9143 982
3345 982 5089
323 5089 752
5272 752 9772
2295 9772 4352
464 4352 2964
253 2964 156
5016 156 4339
1674 4339 4952
4123 4952 3247
2515 3247 9864
4917 9864 9379
1615 9379 8782
4412 8782 8222
4763 8222 5271
314 5271 4610
5140 4610 1964
4534 1964 1446
2354 1446 9395
2677 9395 9769
1875 9769 1580
2763 1580 4333
2345 4333 7845
112 7845 9077
3141 9077 7566
2494 7566 3081
2896 3081 10030
2119 10030 8168
4001 8168 9484
3820 9484 4342
4190 4342 1686
3885 1686 9012
2356 9012 10278
5061 10278 3295
5220 3295 3772
3018 3772 7398
4247 7398 1682
5015 1682 9117
5018 9117 5233
1932 5233 8297
3366 8297 10384
1478 10384 99
4635 99 9633
2446 9633 4790
2562 4790 4772
4478 4772 1127
3382 1127 6399
4595 6399 5503
1412 5503 1837
5050 1837 3576
326 3576 527
2421 527 9155
1471 9155 323
5066 323 2962
2289 2962 10126
1968 10126 2456
3527 2456 7101
3833 7101 4341
1559 4341 3309
1591 3309 1732
3781 1732 9609
2966 9609 9695
113 9695 6103
3825 6103 9412
669 9412 779
4126 779 8537
3125 8537 4677
501 4677 6045
3124 6045 5191
4172 5191 8271
3763 8271 7894
1862 7894 2917
491 2917 5477
2162 5477 10032
620 10032 7195
5072 7195 8064
5157 8064 458
3995 458 4876
3199 4876 9461
358 9461 5072
5211 5072 3410
2211 3410 511
2300 511 38
458 38 1968
1255 1968 7465
2938 7465 10213
4222 10213 5992
4217 5992 5703
3348 5703 8598
2398 8598 1847
5217 1847 8946
3838 8946 1630
2358 1630 7294
3237 7294 8282
2613 8282 1562
219 1562 5171
2636 5171 9692
2350 9692 1007
440 1007 6907
2828 6907 474
3584 474 2444
2610 2444 2063
2409 2063 5538
2025 5538 8304
4446 8304 8987
4042 8987 4373
4779 4373 3329
3306 3329 9646
2173 9646 7721
4086 7721 8407
4040 8407 7127
2492 7127 2668
1330 2668 6689
1643 6689 3779
3789 3779 3004
922 3004 2276
1987 2276 1925
3757 1925 5837
2975 5837 3104
1071 3104 1875
3215 1875 1475
3214 1475 9583
3058 9583 8477
3317 8477 340
163 340 448
3411 448 8805
3154 8805 10045
162 10045 8367
4630 8367 4468
5329 4468 8943
2506 8943 6857
5109 6857 8994
629 8994 3156
1684 3156 5515
3710 5515 7491
294 7491 10264
5105 10264 1579
475 1579 6373
2991 6373 2509
3894 2509 850
2758 850 930
2863 930 587
3065 587 10717
3235 10717 3374
368 3374 524
3287 524 9222
5111 9222 1707
2467 1707 2860
1218 2860 2011
2629 2011 2394
2487 2394 7592
645 7592 2162
4950 2162 8602
2880 8602 9981
1279 9981 4997
1044 4997 6964
181 6964 8711
1879 8711 8170
4628 8170 5239
1617 5239 4745
1624 4745 7507
3681 7507 10110
1514 10110 4192
3430 4192 790
3943 790 395
1880 395 4109
1914 4109 1808
2807 1808 10462
4171 10462 2395
3843 2395 510
1999 510 202
4401 202 2840
3617 2840 3949
4750 3949 1719
3220 1719 4623
3498 4623 2247
1903 2247 8753
4051 8753 3364
1957 3364 4340
80 4340 4425
3433 4425 5043
4374 5043 239
1956 239 6993
739 6993 148
1588 148 4826
1160 4826 2750
222 2750 9593
3450 9593 1569
111 1569 781
2334 781 1509
4180 1509 6796
3338 6796 7109
5216 7109 6892
4192 6892 9922
2455 9922 4256
4520 4256 7854
4853 7854 5625
307 5625 5541
468 5541 2242
3976 2242 8392
2822 8392 10519
3645 10519 7705
392 7705 1514
3848 1514 10665
1781 10665 10336
256 10336 9857
3428 9857 6605
3560 6605 10721
4251 10721 10153
1139 10153 3982
4599 3982 5031
852 5031 6052
2803 6052 2124
591 2124 9091
2315 9091 5070
1787 5070 963
2555 963 7969
2853 7969 6899
4497 6899 7867
4326 7867 1715
5313 1715 2240
617 2240 258
3186 258 6114
3008 6114 1054
255 1054 4141
1053 4141 9795
1033 9795 9869
1629 9869 10597
3935 10597 4188
1291 4188 1711
3859 1711 1284
2571 1284 4480
1885 4480 3803
1262 3803 3775
241 3775 4232
4353 4232 1032
1116 1032 5180
3702 5180 5122
1207 5122 5529
2749 5529 3129
3414 3129 6166
444 6166 6084
1586 6084 6297
657 6297 10545
2321 10545 5252
1831 5252 3493
4013 3493 7267
1079 7267 7257
911 7257 9248
2948 9248 1929
1166 1929 3092
1515 3092 6071
4283 6071 385
4221 385 10360
487 10360 10091
3358 10091 3907
4828 3907 7543
2359 7543 49
5130 49 7458
574 7458 8838
2053 8838 3785
5095 3785 4809
250 4809 6885
1890 6885 7240
2964 7240 5615
658 5615 6710
133 6710 5243
3529 5243 6955
4563 6955 1266
3818 1266 3387
311 3387 5922
5129 5922 329
2330 329 4550
1285 4550 9482
4789 9482 4799
3537 4799 8677
428 8677 3710
1063 3710 7763
3612 7763 6744
2049 6744 6335
2268 6335 8092
550 8092 687
4442 687 10675
3830 10675 2979
1149 2979 8869
1169 8869 445
2655 445 6691
44 6691 8507
2547 8507 5569
3805 5569 3202
3084 3202 3392
3491 3392 2839
3888 2839 939
1749 939 1495
507 1495 3895
2684 3895 6832
3931 6832 8576
125 8576 1512
3238 1512 4874
850 4874 2299
1177 2299 4459
5000 4459 2000
804 2000 9182
1372 9182 770
308 770 3667
1523 3667 5648
552 5648 3047
3142 3047 6531
3196 6531 3986
217 3986 7564
4745 7564 1907
4896 1907 3765
4176 3765 9839
1912 9839 10096
4998 10096 4455
4130 4455 8651
2192 8651 912
4113 912 3271
4077 3271 6082
1393 6082 1857
3725 1857 8034
2579 8034 214
1043 214 5432
2648 5432 2538
4426 2538 1226
5318 1226 299
1377 299 10495
1627 10495 1815
57 1815 7600
149 7600 10612
421 10612 10409
1260 10409 8240
2970 8240 5731
5262 5731 7881
971 7881 4529
3790 4529 10557
3536 10557 6206
5222 6206 8964
4496 8964 2446
2451 2446 1416
5208 1416 4135
3192 4135 2113
4460 2113 575
4955 575 7575
4701 7575 4698
1133 4698 2775
2117 2775 9878
4790 9878 4067
2165 4067 6188
3528 6188 3708
1547 3708 10688
4416 10688 9921
463 9921 9617
104 9617 3979
3683 3979 6998
1269 6998 5358
296 5358 2238
2403 2238 3647
801 3647 4627
2472 4627 303
1480 303 5742
1137 5742 9824
2524 9824 3375
4456 3375 154
116 154 9147
4428 9147 4355
4253 4355 9124
1812 9124 2317
2347 2317 7016
3755 7016 9448
1340 9448 4456
1219 4456 7263
2923 7263 7397
2374 7397 4064
5238 4064 7481
2588 7481 2895
1576 2895 6881
623 6881 2144
1527 2144 910
2841 910 6128
562 6128 9741
416 9741 8823
8 8823 3480
2087 3480 1311
3700 1311 7574
900 7574 1625
4385 1625 4494
2924 4494 8096
2664 8096 2975
4541 2975 6767
3297 6767 10378
4783 10378 565
1757 565 980
4559 980 9455
5314 9455 10189
4890 10189 4644
5219 4644 1044
2800 1044 2098
46 2098 1059
2827 1059 120
3768 120 9822
4361 9822 2294
3586 2294 3850
1894 3850 1521
1604 1521 5750
5207 5750 3399
2526 3399 9476
5119 9476 10144
4322 10144 8063
1800 8063 5053
3372 5053 10595
1470 10595 5578
1786 5578 1220
5107 1220 1831
3397 1831 5414
3076 5414 7488
29 7488 5410
1866 5410 5010
4038 5010 2579
4992 2579 9390
2352 9390 7602
4279 7602 4213
834 4213 6833
1220 6833 3756
5346 3756 5193
4129 5193 7302
3467 7302 10275
3822 10275 1717
561 1717 7646
1165 7646 9882
1147 9882 8169
2298 8169 482
2871 482 2692
4820 2692 6629
665 6629 6005
1047 6005 8942
1832 8942 6109
4989 6109 1498
4072 1498 1378
2212 1378 8113
1590 8113 6888
3316 6888 7110
5164 7110 7487
1439 7487 9915
3026 9915 1006
4990 1006 7630
1921 7630 10300
513 10300 8501
2093 8501 8960
2801 8960 907
2495 907 5106
652 5106 3637
496 3637 7916
4994 7916 9670
2695 9670 2193
4063 2193 4038
1760 4038 9632
3813 9632 903
636 903 6706
4802 6706 4841
3209 4841 8910
2838 8910 8511
1509 8511 3615
2493 3615 8513
4058 8513 7825
4502 7825 1342
607 1342 7899
5028 7899 8429
1246 8429 7423
3533 7423 5259
4136 5259 7285
5181 7285 5543
1549 5543 7254
1327 7254 6123
4282 6123 9584
2902 9584 72
3940 72 4872
1951 4872 2201
865 2201 5743
4420 5743 2561
4191 2561 4856
2201 4856 10351
4054 10351 681
4629 681 10093
4213 10093 6183
1919 6183 3447
2427 3447 5959
4944 5959 1766
628 1766 3382
1334 3382 506
5085 506 7915
1670 7915 3241
1634 3241 1
3541 1 3749
4246 3749 4591
4492 4591 8618
2831 8618 691
156 691 3650
4300 3650 6516
2701 6516 1063
315 1063 10108
221 10108 10333
2362 10333 3466
4868 3466 9797
1959 9797 1553
2249 1553 1536
722 1536 7627
357 7627 9721
5244 9721 10517
4025 10517 7612
2242 7612 4348
3413 4348 10079
5060 10079 977
3191 977 3395
3923 3395 7416
4673 7416 321
2271 321 2922
2753 2922 1846
4817 1846 3725
2536 3725 7361
3817 7361 9512
5126 9512 8325
3426 8325 604
1994 604 6612
828 6612 4248
4727 4248 7253
2148 7253 1508
1075 1508 10261
1375 10261 10101
3792 10101 181
3698 181 8903
273 8903 1736
1897 1736 10358
1724 10358 5219
3408 5219 4198
234 4198 857
2513 857 41
1197 41 1304
5301 1304 3965
1935 3965 4447
3007 4447 7311
3832 7311 8094
800 8094 3899
4421 3899 9526
5233 9526 363
88 363 6222
3505 6222 3130
2497 3130 8041
3080 8041 8469
5353 8469 10546
1963 10546 7678
2397 7678 8317
812 8317 9240
1189 9240 5273
5359 5273 7376
2713 7376 9730
2023 9730 9300
3190 9300 4322
698 4322 7787
3188 7787 4435
3354 4435 123
3791 123 7991
590 7991 4066
5068 4066 10427
2662 10427 6559
983 6559 1121
3946 1121 7340
1507 7340 2556
2872 2556 9121
822 9121 9844
1188 9844 10617
471 10617 7036
378 7036 1079
4164 1079 4104
5023 4104 7332
3753 7332 10164
1635 10164 1871
4895 1871 8879
632 8879 9070
2068 9070 7363
3874 7363 3261
515 3261 8597
5321 8597 10577
3626 10577 1650
3122 1650 5931
5202 5931 10011
5196 10011 10513
1068 10513 1215
979 1215 141
3465 141 10330
532 10330 566
177 566 2225
101 2225 476
4540 476 10100
1012 10100 8468
2042 8468 7196
83 7196 1864
1007 1864 6216
5156 6216 2251
1934 2251 526
2441 526 1716
3745 1716 1941
649 1941 6437
1793 6437 10178
4316 10178 7261
3913 7261 8221
3747 8221 551
3350 551 5620
1720 5620 7168
602 7168 2632
3650 2632 3603
2768 3603 7591
447 7591 9582
3409 9582 4797
2687 4797 3865
4786 3865 7635
485 7635 631
1426 631 1231
1200 1231 8156
1589 8156 9462
2452 9462 273
5270 273 2654
2144 2654 14
415 14 4740
4 4740 1661
4925 1661 5860
1421 5860 9403
770 9403 10138
1570 10138 7058
1686 7058 1765
3691 1765 9446
837 9446 7498
511 7498 6864
1042 6864 9827
287 9827 10345
3663 10345 3774
2109 3774 7335
3310 7335 787
3340 787 4169
1129 4169 6786
3045 6786 8895
2620 8895 2499
4429 2499 3966
3327 3966 2385
1620 2385 9050
7 9050 5978
4528 5978 4395
1409 4395 17
2251 17 633
787 633 3079
2208 3079 661
4047 661 785
1529 785 320
1265 320 7493
758 7493 7287
127 7287 36
2788 36 6718
881 6718 8866
4608 8866 1262
4851 1262 1488
2257 1488 10502
3618 10502 5129
1861 5129 9836
5188 9836 6638
609 6638 7022
1891 7022 583
1029 583 537
3895 537 6900
160 6900 3355
2576 3355 9169
110 9169 5292
3724 5292 2074
2187 2074 812
1984 812 1385
688 1385 4356
2199 4356 7310
2265 7310 1865
5175 1865 6921
1723 6921 1064
4898 1064 3345
817 3345 4001
1088 4001 5818
4874 5818 10490
3518 10490 7147
4723 7147 5738
2869 5738 5553
815 5553 5741
3144 5741 7171
3593 7171 8858
3516 8858 5373
4004 5373 786
82 786 1486
2799 1486 336
4457 336 236
220 236 6783
3899 6783 6616
3398 6616 4495
334 4495 6730
4277 6730 1256
1413 1256 4414
2772 4414 9875
3320 9875 10243
4612 10243 1856
5081 1856 2359
4619 2359 10018
4293 10018 8019
4508 8019 6915
1294 6915 9030
1099 9030 8328
1073 8328 3260
2433 3260 6600
3939 6600 5884
4011 5884 9270
2721 9270 5905
1706 5905 10497
5120 10497 4252
2581 4252 8553
4148 8553 10635
3368 10635 7727
1434 7727 9867
1600 9867 3236
3632 3236 3273
3706 3273 688
2142 688 1952
3239 1952 9625
5086 9625 8123
2448 8123 960
3549 960 3402
2227 3402 6028
3360 6028 5425
4270 5425 3018
622 3018 2118
3601 2118 8727
3250 8727 9087
3217 9087 3588
201 3588 2019
689 2019 8542
2905 8542 6613
2001 6613 2838
949 2838 1295
261 1295 7211
4909 7211 2429
1859 2429 7613
1734 7613 5598
3845 5598 1640
2228 1640 8299
4954 8299 7380
3914 7380 5839
2468 5839 9309
4936 9309 7034
132 7034 7475
5027 7475 9423
1860 9423 3344
4408 3344 1832
1662 1832 6162
2246 6162 9310
4929 9310 6736
2034 6736 1403
3231 1403 4567
3009 4567 3664
4549 3664 4138
3891 4138 2331
4306 2331 7930
4801 7930 3978
4307 3978 9278
2761 9278 8572
892 8572 3891
2658 3891 2742
3120 2742 894
1178 894 93
4128 93 7511
5352 7511 8888
304 8888 9571
2209 9571 4725
544 4725 2721
2501 2721 2017
1429 2017 8180
3481 8180 544
438 544 9605
1840 9605 3784
745 3784 10001
2310 10001 1148
5182 1148 6077
1911 6077 1954
4822 1954 7447
4018 7447 2146
974 2146 8834
796 8834 4632
798 4632 9489
716 9489 4968
3277 4968 10423
3974 10423 1200
2727 1200 4734
3356 4734 7684
4064 7684 279
2458 279 142
3571 142 8634
3492 8634 2265
1485 2265 1883
1356 1883 1855
1835 1855 6716
3412 6716 468
2009 468 6333
663 6333 9776
4835 9776 8058
437 8058 9809
5104 9809 2340
194 2340 2071
4368 2071 428
1305 428 9911
5234 9911 32
4529 32 6714
4764 6714 5452
1349 5452 5657
1780 5657 8183
3506 8183 6276
3174 6276 7824
3718 7824 2455
1652 2455 10389
2956 10389 1190
5035 1190 1093
5290 1093 3120
2238 3120 3111
2845 3111 2006
2653 2006 6396
5025 6396 9553
871 9553 10080
1008 10080 183
2865 183 6560
3737 6560 10652
5152 10652 10167
2225 10167 9112
4993 9112 1003
4589 1003 4645
4927 4645 9658
2264 9658 6861
1357 6861 9101
5001 9101 10014
3557 10014 6725
2389 6725 10219
776 10219 2829
616 2829 10302
1690 10302 7836
2835 7836 10583
2947 10583 6944
402 6944 8463
3438 8463 7869
2301 7869 1584
1016 1584 2796
4175 2796 1820
179 1820 6214
3780 6214 7378
884 7378 8125
417 8125 677
96 677 4044
2120 4044 5594
1018 5594 7292
212 7292 2442
1901 2442 3452
2931 3452 416
1738 416 4315
1675 4315 4536
4970 4536 3128
3446 3128 7484
1736 7484 6677
3960 6677 5859
2029 5859 87
4773 87 4377
1918 4377 5226
5306 5226 4601
187 4601 8689
2462 8689 3535
1696 3535 6420
1998 6420 4945
4930 4945 8072
3878 8072 10105
2082 10105 4374
4744 4374 10256
964 10256 6154
2474 6154 5435
3779 5435 10582
1061 10582 2631
923 2631 10653
5173 10653 8249
1644 8249 3654
3574 3654 10114
4276 10114 3823
1844 3823 10605
1105 10605 6328
4455 6328 10372
3509 10372 3955
4499 3955 2102
987 2102 7255
5316 7255 7714
2697 7714 9326
4355 9326 7521
1295 7521 8867
1517 8867 6411
5150 6411 8619
2406 8619 8037
1383 8037 7430
3746 7430 6100
1181 6100 7842
5249 7842 2297
4588 2297 9687
1468 9687 7948
1054 7948 3319
732 3319 7426
1651 7426 10686
1347 10686 10411
705 10411 6470
4324 6470 1685
4360 1685 6809
448 6809 8362
3738 8362 3791
1680 3791 9959
1933 9959 10188
3501 10188 7968
5113 7968 9285
3709 9285 2079
2730 2079 1149
2465 1149 9188
1687 9188 958
2088 958 1463
3244 1463 6829
4120 6829 1801
262 1801 9528
3234 9528 2338
1699 2338 5101
1927 5101 5278
2661 5278 1462
3163 1462 30
3954 30 9701
3449 9701 5928
5300 5928 2707
4812 2707 657
433 657 10712
1558 10712 1349
4852 1349 6239
1391 6239 4384
942 4384 1316
1526 1316 2842
4220 2842 1981
93 1981 7221
536 7221 8366
3395 8366 5612
4014 5612 5305
1593 5305 3743
1483 3743 2712
43 2712 4217
3047 4217 9052
258 9052 6695
4945 6695 8138
4060 8138 8223
4275 8223 4372
5047 4372 5845
1161 5845 343
842 343 7208
3016 7208 25
3139 25 1982
1401 1982 223
2372 223 3816
1117 3816 3593
945 3593 4199
968 4199 3459
5033 3459 2576
3451 2576 8039
1592 8039 2459
4511 2459 8982
5167 8982 6503
921 6503 8657
2475 8657 8830
2011 8830 1950
2104 1950 7021
1069 7021 118
3589 118 7182
199 7182 2623
1597 2623 2217
3219 2217 9304
3391 9304 7301
4346 7301 7578
1091 7578 1516
2824 1516 5536
2037 5536 6246
4794 6246 5016
4637 5016 3758
4334 3758 291
4552 291 7063
2096 7063 1421
5183 1421 4537
3402 4537 4857
1521 4857 9238
2949 9238 5445
1654 5445 9706
2892 9706 1737
2111 1737 2635
2572 2635 6486
1077 6486 6988
2237 6988 7774
957 7774 5658
1487 5658 2181
2060 2181 6069
3734 6069 5178
1544 5178 8142
1797 8142 8700
803 8700 4966
4466 4966 9657
3352 9657 3393
1338 3393 1329
1504 1329 6386
1848 6386 1757
2314 1757 10012
5132 10012 6127
2047 6127 1722
2578 1722 10048
4214 10048 3439
5259 3439 2094
1865 2094 4636
1363 4636 10592
3637 10592 4624
830 4624 8078
5250 8078 7027
2041 7027 4023
3330 4023 6949
5101 6949 2015
78 2015 3337
152 3337 6366
1348 6366 9472
102 9472 6960
2700 6960 8398
4765 8398 5559
5203 5559 5955
5294 5955 4255
3396 4255 2835
2733 2835 5908
2982 5908 1364
175 1364 5755
4240 5755 3887
4767 3887 5451
866 5451 5156
123 5156 3383
4093 3383 6961
5229 6961 6168
4697 6168 144
2590 144 6791
2567 6791 7144
18 7144 7264
1364 7264 1978
2514 1978 8772
4889 8772 2650
1747 2650 130
3708 130 8622
1718 8622 5923
4726 5923 5298
1420 5298 8763
1453 8763 1480
1146 1480 9249
5357 9249 632
2545 632 892
4769 892 724
2904 724 5200
3942 5200 6862
4652 6862 5910
3511 5910 268
2266 268 1840
2056 1840 9023
3493 9023 3244
2750 3244 3421
1878 3421 1771
3621 1771 7732
3470 7732 2522
3849 2522 7986
4103 7986 7637
4183 7637 1310
2405 1310 10161
5226 10161 976
4694 976 3581
4075 3581 1357
2163 1357 5635
3987 5635 7158
2028 7158 10214
4843 10214 1637
4386 1637 5164
4566 5164 5446
1461 5446 7874
2747 7874 9016
3981 9016 3954
2106 3954 3525
2840 3525 2900
390 2900 6379
5057 6379 3384
3115 3384 6255
365 6255 10489
2115 10489 9226
940 9226 276
1851 276 1159
4010 1159 4833
4030 4833 8369
3415 8369 7019
4012 7019 35
991 35 5409
1661 5409 10449
355 10449 5604
3769 5604 341
1034 341 6640
2641 6640 1199
1163 1199 4865
379 4865 736
3689 736 1568
3758 1568 2411
182 2411 7742
531 7742 5382
3662 5382 1248
1308 1248 5144
1622 5144 3690
634 3690 1886
533 1886 9273
342 9273 6825
4685 6825 2059
3953 2059 7973
35 7973 926
4389 926 1347
1423 1347 4588
1692 4588 7770
3359 7770 4815
993 4815 10532
5128 10532 8161
981 8161 1086
4419 1086 5317
1896 5317 4936
3990 4936 6398
844 6398 8397
2890 8397 349
3136 349 7573
126 7573 418
2339 418 5671
3862 5671 8065
3485 8065 6527
585 6527 2876
990 2876 8141
683 8141 2034
1666 2034 6551
1940 6551 8121
4219 8121 1786
2854 1786 4789
1989 4789 4413
534 4413 7091
2365 7091 1167
1474 1167 8055
4623 8055 6995
3965 6995 4569
701 4569 10396
731 10396 7797
4268 7797 2980
1158 2980 4039
3230 4039 7037
5134 7037 2404
2560 2404 6146
488 6146 7576
4881 7576 6275
1765 6275 5586
3742 5586 672
1892 672 4247
3877 4247 2221
4957 2221 6919
2430 6919 959
2436 959 5748
4680 5748 6571
4986 6571 1287
4199 1287 4722
3066 4722 5448
1109 5448 3831
917 3831 7951
855 7951 8587
517 8587 9956
3137 9956 4280
1141 4280 2949
4301 2949 8491
3688 8491 9410
5 9410 6894
1837 6894 467
4920 467 1729
3930 1729 10699
1607 10699 3436
2235 3436 6704
2849 6704 3479
2210 3479 2564
4560 2564 6596
786 6596 171
1577 171 4938
189 4938 3161
3075 3161 8276
4633 8276 7996
2346 7996 7545
1438 7545 2562
4459 2562 9055
147 9055 9388
1089 9388 5364
3487 5364 5184
4517 5184 5537
159 5537 7839
4230 7839 3996
1810 3996 8809
3421 8809 2916
2646 2916 10563
4262 10563 10149
1953 10149 7275
4024 7275 3632
2678 3632 7191
932 7191 8042
4272 8042 6124
3166 6124 3250
3800 3250 8860
2473 8860 7658
28 7658 10655
886 10655 6731
3550 6731 3196
642 3196 8284
1833 8284 771
4065 771 10173
3551 10173 10392
208 10392 7250
1473 7250 4408
4581 4408 7018
4125 7018 4410
3562 4410 8674
2582 8674 4292
4669 4292 4063
2149 4063 4366
2348 4366 6042
2175 6042 7945
2918 7945 7844
2746 7844 4770
4933 4770 3849
3068 3849 5355
3436 5355 9316
4200 9316 4979
381 4979 1400
1916 1400 1075
4435 1075 6423
582 6423 3858
3548 3858 5925
3799 5925 2861
553 2861 8108
1804 8108 9313
1858 9313 3634
2848 3634 7282
1697 7282 4320
2457 4320 5803
2656 5803 5029
4516 5029 610
4788 610 639
404 639 896
2876 896 9828
466 9828 10348
2530 10348 732
1993 732 7415
4660 7415 9119
5115 9119 8350
2820 8350 1550
2478 1550 8326
5292 8326 5784
4997 5784 2937
1568 2937 8975
3240 8975 1578
2574 1578 431
5143 431 3700
4564 3700 8806
4035 8806 698
2185 698 139
5311 139 4143
4099 4143 4290
2177 4290 257
3823 257 3126
353 3126 364
2781 364 6142
5265 6142 7140
58 7140 3195
4648 3195 2596
3515 2596 7184
1371 7184 10055
2282 10055 1359
4267 1359 414
4570 414 10046
1947 10046 8257
4193 8257 7192
647 7192 3834
1202 3834 7357
2186 7357 6789
295 6789 1354
1863 1354 10081
4398 10081 3522
2169 3522 9647
1096 9647 5474
4778 5474 10656
23 10656 8628
1432 8628 4046
3766 4046 7743
1955 7743 8273
2877 8273 4535
4787 4535 1472
1642 1472 4908
1681 4908 9089
3302 9089 9713
3155 9713 3566
4856 3566 6094
3049 6094 4630
207 4630 8489
2651 8489 7298
4152 7298 2872
383 2872 722
805 722 4689
4602 4689 8095
5349 8095 863
3604 863 10373
2039 10373 4875
456 4875 3673
640 3673 8124
593 8124 4768
928 4768 1706
2303 1706 10642
4378 10642 2580
4155 2580 6942
2608 6942 3070
3788 3070 9567
1575 9567 9631
4212 9631 6615
3303 6615 7467
1811 7467 2705
2996 2705 3864
5137 3864 5900
5153 5900 2101
1198 2101 5985
3815 5985 9125
512 9125 2286
4603 2286 33
4610 33 6798
4949 6798 4673
4160 4673 255
2985 255 4107
4885 4107 5282
4557 5282 9202
1464 9202 2077
5013 2077 4747
3547 4747 8639
4493 8639 9186
2864 9186 1792
5185 1792 10616
556 10616 1557
1826 1557 4859
2479 4859 3414
5280 3414 3735
2836 3735 2694
4711 2694 4311
457 4311 8623
755 8623 1396
2512 1396 3367
3577 3367 4326
761 4326 1894
3623 1894 4616
5236 4616 4173
1352 4173 1775
2363 1775 5597
821 5597 427
4396 427 2528
4469 2528 4073
2442 4073 8947
1695 8947 9162
4087 9162 10023
2220 10023 6645
3945 6645 9948
2426 9948 8218
1397 8218 10413
521 10413 2545
3777 2545 113
3731 113 3400
4377 3400 7717
2915 7717 4612
1536 4612 713
3545 713 1817
3667 1817 6610
4381 6610 2506
3949 2506 4852
3447 4852 8702
3735 8702 3121
1533 3121 3868
3670 3868 3910
2591 3910 3851
1004 3851 6490
1381 6490 7939
1336 7939 612
4558 612 8600
5189 8600 8980
2456 8980 4533
838 4533 5289
2284 5289 9579
4481 9579 9314
5187 9314 10627
2987 10627 4719
584 4719 1371
79 1371 711
4315 711 1420
1354 1420 1084
2021 1084 1691
836 1691 325
3324 325 1739
982 1739 1065
3388 1065 680
3131 680 4164
5348 4164 8962
2440 8962 4937
1962 4937 286
4286 286 1404
4082 1404 2581
3661 2581 2027
3871 2027 3281
3389 3281 1750
3376 1750 107
4971 107 10128
1259 10128 8415
5327 8415 4793
2936 4793 4687
203 4687 4382
2782 4382 608
1267 608 6252
3991 6252 2749
2095 2749 8357
3335 8357 6108
4691 6108 1103
2945 1103 5629
1946 5629 435
3333 435 10362
2756 10362 376
2887 376 572
747 572 4641
3713 4641 5079
5257 5079 5218
5019 5218 9604
2132 9604 947
1528 947 241
1323 241 5357
878 5357 9456
3566 9456 9002
455 9002 10236
5125 10236 10473
1982 10473 5240
717 5240 4930
2934 4930 10094
109 10094 5580
4369 5580 10697
4753 10697 7551
746 7551 1602
2022 1602 4212
1240 4212 5815
3977 5815 7419
3101 7419 9398
2951 9398 4905
908 4905 5875
5024 5875 9561
1850 9561 2261
3164 2261 6664
5302 6664 1641
4027 1641 1752
782 1752 10349
5319 10349 8983
2903 8983 2558
4404 2558 6354
2644 6354 5244
1931 5244 3953
958 3953 5147
4551 5147 5061
285 5061 7333
1619 7333 8535
2412 8535 946
2914 946 217
1779 217 9990
384 9990 2158
84 2158 9399
1081 9399 3446
4261 3446 3897
442 3897 937
206 937 1843
1222 1843 9591
2809 9591 7032
2709 7032 6844
4500 6844 1767
2592 1767 10185
548 10185 300
1341 300 5148
5103 5148 5140
4908 5140 1890
4254 1890 10610
244 10610 8979
1702 8979 1882
5121 1882 1027
5344 1027 7810
3664 7810 1583
1056 1583 541
1967 541 628
4437 628 10292
328 10292 2901
2953 2901 3272
707 3272 245
3050 245 1285
3707 1285 3798
3172 3798 1776
345 1776 3177
1768 3177 3456
3512 3456 6000
270 6000 8013
2568 8013 7941
31 7941 3071
3658 3071 8811
235 8811 5407
3657 5407 3451
32 3451 7108
2594 7108 913
899 913 1208
4115 1208 4079
4114 4079 5082
135 5082 4530
5133 4530 9096
877 9096 9694
1428 9694 5674
4781 5674 3543
3613 3543 6566
2889 6566 4878
3858 4878 8454
4841 8454 1101
2481 1101 9581
4207 9581 51
3111 51 767
3804 767 4998
1249 4998 5523
4911 5523 1844
3314 1844 307
955 307 811
2972 811 1718
1023 1718 7758
2283 7758 10099
3445 10099 7090
4962 7090 5204
5070 5204 10649
712 10649 6700
3982 6700 1419
4752 1419 4513
565 4513 3623
597 3623 489
605 489 2148
5209 2148 1328
1311 1328 7956
3153 7956 1787
965 1787 6684
997 6684 2298
164 2298 3698
4861 3698 10004
168 10004 4362
2076 4362 1623
2166 1623 1565
346 1565 7555
191 7555 8803
4996 8803 10471
2707 10471 7816
3460 7816 1678
5123 1678 2329
1505 2329 3103
4550 3103 2037
4340 2037 4674
4934 4674 9724
2829 9724 10321
4677 10321 6709
813 6709 9749
2121 9749 1726
5281 1726 10281
5184 10281 2060
3123 2060 10285
1628 10285 2256
20 2256 4406
5051 4406 1460
4182 1460 8607
1596 8607 2130
1064 2130 6772
1845 6772 75
2559 75 3902
1506 3902 5914
3842 5914 6564
50 6564 1095
4184 1095 3808
1462 3808 10543
2868 10543 5048
3394 5048 10252
3458 10252 842
4348 842 6095
996 6095 6543
2014 6543 8099
953 8099 710
925 710 5483
2488 5483 4741
1203 4741 5139
107 5139 3429
1905 3429 342
4732 342 10017
2974 10017 1738
522 1738 6472
2673 6472 47
376 47 9722
4178 9722 4195
2928 4195 10558
1639 10558 2746
764 2746 2399
1745 2399 4433
4621 4433 7709
2580 7709 9487
795 9487 5367
3955 5367 6267
1475 6267 8356
121 8356 2410
3312 2410 8105
1778 8105 7805
1403 7805 4774
3967 4774 2934
3386 2934 6717
870 6717 2401
3958 2401 7665
289 7665 4882
2660 4882 2283
2599 2283 2303
1388 2303 3630
675 3630 5250
1961 5250 2352
436 2352 6155
2606 6155 8551
3342 8551 62
465 62 2911
2085 2911 7789
2054 7789 5438
2213 5438 3317
2523 3317 5479
4987 5479 6111
3083 6111 6678
994 6678 1076
360 1076 3578
1124 3578 2491
4151 2491 4816
4507 4816 9931
753 9931 3729
3941 3729 56
1180 56 7462
1359 7462 9509
631 9509 10485
1048 10485 1603
1944 1603 5520
2549 5520 3112
2232 3112 7178
3309 7178 3998
2400 3998 4418
2585 4418 7748
2777 7748 7795
4900 7795 8738
687 8738 8857
4761 8857 10337
2765 10337 9298
4248 9298 1107
1060 1107 8002
4738 8002 2788
1735 2788 8375
3167 8375 606
775 606 5599
4931 5599 5234
2349 5234 1299
1309 1299 9662
15 9662 3835
5224 3835 6312
1191 6312 8344
4338 8344 1513
4943 1513 6013
3285 6013 865
2091 865 2776
2055 2776 1921
1755 1921 3481
4696 3481 3873
3116 3873 10125
2081 10125 10630
5049 10630 5970
2604 5970 9656
4533 9656 6868
173 6868 5645
4122 5645 5401
1136 5401 4750
1457 4750 6321
5168 6321 4757
4730 4757 3170
4488 3170 3230
4704 3230 6860
4728 6860 6488
5010 6488 6360
75 6360 8208
601 8208 5712
1385 5712 8353
2888 8353 6014
2013 6014 1674
4983 1674 9463
829 9463 3310
286 3310 10303
2071 10303 805
4729 805 10266
180 10266 8644
3369 8644 2544
1087 2544 4517
2010 4517 5123
4816 5123 2012
2256 2012 7202
4791 7202 3016
205 3016 465
4756 465 6781
4287 6781 875
4596 875 6620
4848 6620 7079
5002 7079 10310
330 10310 8752
3184 8752 5804
134 5804 3160
3048 3160 7611
2035 7611 1069
3296 1069 9616
2107 9616 7902
3453 7902 5861
131 5861 1780
5274 1780 3701
4695 3701 7557
1518 7557 2974
4742 2974 37
4902 37 5956
4725 5956 5054
4662 5054 6478
4269 6478 175
115 175 2817
4942 2817 5641
1110 5641 8981
3283 8981 7952
1641 7952 1758
4785 1758 8640
1726 8640 8070
4206 8070 1146
4880 1146 7230
699 7230 322
3249 322 10231
1573 10231 10068
3070 10068 2966
3806 2966 1713
5356 1713 9803
4235 9803 9592
791 9592 2322
318 2322 9689
4859 9689 1692
1441 1692 9330
2198 9330 1204
1095 1204 8720
351 8720 10147
200 10147 469
2977 469 5206
4252 5206 6803
1076 6803 9964
4793 9964 8305
292 8305 8813
1312 8813 8712
3109 8712 7822
3077 7822 8992
2989 8992 4343
710 4343 2055
5315 2055 293
249 293 9199
306 9199 5574
2891 5574 8086
1303 8086 6458
3966 6458 602
3305 602 9999
1899 9999 3903
1884 3903 3695
1698 3695 7865
3378 7865 4521
5179 4521 8413
347 8413 6874
3236 6874 1751
6 1751 1704
3375 1704 9651
1020 9651 1646
3107 1646 2973
2278 2973 8661
3343 8661 4526
603 4526 9972
2870 9972 3564
1613 3564 3223
1882 3223 5058
2650 5058 2005
391 2005 1940
929 1940 9491
4807 9491 8856
3355 8856 4619
356 4619 10170
2792 10170 2812
367 2812 6967
3962 6967 7919
1741 7919 8112
926 8112 2365
3128 2365 7502
3496 7502 9643
1380 9643 8908
4388 8908 6416
441 6416 4370
53 4370 2391
3246 2391 3209
2370 3209 595
3863 595 9810
4449 9810 3611
2383 3611 13
592 13 5190
4972 5190 10027
429 10027 438
5267 438 3257
2723 3257 817
583 817 8672
2260 8672 1545
1422 1545 97
4263 97 8512
619 8512 2503
4609 2503 6634
2993 6634 6494
3896 6494 9477
1616 9477 2189
238 2189 3693
3476 3693 4590
2510 4590 3935
3534 3935 4955
2258 4955 2662
312 2662 4842
461 4842 417
1869 417 967
2424 967 5734
4877 5734 3143
2328 3143 2252
2785 2252 5013
1572 5013 3341
1744 3341 789
1257 789 9346
5308 9346 640
1846 640 2081
3644 2081 2262
26 2262 3028
1719 3028 169
1101 169 1810
2981 1810 4835
5180 4835 4307
2531 4307 6278
227 6278 1104
473 1104 6713
1954 6713 3208
4903 3208 7164
3040 7164 10284
5065 10284 2426
1659 2426 3822
3027 3822 5172
581 5172 8919
2156 8919 1112
213 1112 9729
1195 9729 5717
2136 5717 8217
4395 8217 6296
4585 6296 3869
2379 3869 394
1027 394 5897
4555 5897 4989
171 4989 5779
2855 5779 4949
4331 4949 1520
4237 1520 9418
2131 9418 9459
4465 9459 4210
537 4210 6026
2153 6026 215
3272 215 6161
2145 6161 721
555 721 358
1569 358 2674
492 2674 8885
4912 8885 10457
1387 10457 9184
5011 9184 4108
4224 4108 647
3189 647 6279
3459 6279 3265
2776 3265 2284
3732 2284 7689
480 7689 887
2755 887 8940
2901 8940 1058
1452 1058 3302
1722 3302 5501
1454 5501 1090
1050 1090 854
1121 854 9037
5246 9037 8447
1805 8447 20
374 20 8452
1270 8452 5327
2020 5327 8462
4365 8462 8199
4845 8199 4274
3168 4274 7082
2505 7082 6218
3224 6218 9548
2382 9548 833
4827 833 10432
5131 10432 747
5069 747 2275
3680 2275 4776
1125 4776 10715
2957 10715 7464
4158 7464 6621
2858 6621 4822
4966 4822 5588
3149 5588 8733
4576 8733 5439
1614 5439 3106
3898 3106 1340
4033 1340 7628
3812 7628 9520
3901 9520 7146
5021 7146 354
4356 354 2070
3887 2070 9102
2196 9102 3863
13 3863 3038
1667 3038 2725
2064 2725 8277
4647 8277 5423
4539 5423 8053
2955 8053 9519
3869 9519 4618
118 4618 8585
545 8585 8777
3591 8777 4243
1212 4243 6141
190 6141 7352
3057 7352 2691
2575 2691 514
2194 514 6327
3647 6327 494
2179 494 3041
4846 3041 5631
530 5631 4819
2460 4819 2040
1974 2040 5938
3085 5938 3099
5165 3099 2806
3161 2806 9021
2745 9021 6711
4774 6711 10718
1252 10718 2056
3347 2056 2667
3802 2667 2337
1059 2337 9093
2943 9093 8091
2316 8091 4971
2059 4971 2255
1625 2255 6698
1751 6698 5489
3353 5489 8793
5098 8793 6989
1489 6989 7088
3581 7088 10478
1713 10478 2406
1273 2406 6147
520 6147 9427
3471 9427 2335
1991 2335 10159
3714 10159 380
3291 380 5554
2842 5554 5862
2302 5862 4760
3400 4760 2174
1477 2174 6595
2593 6595 10180
3406 10180 2417
265 2417 9039
3213 9039 1117
1857 1117 7595
4641 7595 8868
1112 8868 9357
576 9357 6550
2444 6550 8287
2431 8287 6314
2477 6314 4225
4821 4225 8210
1131 8210 8000
988 8000 4544
2920 4544 1306
5100 1306 10318
4218 10318 9944
2817 9944 366
3525 366 7946
4644 7946 2502
1889 2502 1391
4335 1391 7503
4048 7503 2210
1437 2210 10355
2048 10355 4086
3233 4086 5316
506 5316 3981
4078 3981 4219
5253 4219 9206
704 9206 9874
2811 9874 6813
3054 6813 2810
2698 2810 3420
4671 3420 9555
608 9555 7768
1626 7768 1994
5112 1994 5229
3271 5229 5299
2373 5299 5481
4352 5481 3915
1648 3915 10226
637 10226 305
2105 305 2590
4582 2590 9872
2666 9872 6602
4569 6602 5737
3482 5737 2178
1331 2178 5388
2190 5388 4505
4709 4505 2267
3028 2267 7265
4106 7265 6465
3559 6465 6345
691 6345 7349
408 7349 335
4597 335 8563
2857 8563 9005
3809 9005 766
4587 766 7884
1976 7884 3453
1996 3453 7510
4168 7510 7370
1763 7370 6289
4799 6289 6694
474 6694 9710
5340 9710 8345
1231 8345 1878
3051 1878 5727
611 5727 2235
3929 2235 7934
4521 7934 6215
554 6215 3237
1571 3237 9243
3633 9243 8482
3222 8482 201
1915 201 6534
2174 6534 6970
395 6970 5882
338 5882 9623
4473 9623 9046
1948 9046 994
4291 994 2274
4189 2274 5111
827 5111 10134
2496 10134 9486
4215 9486 5011
2556 5011 7270
2511 7270 10454
1002 10454 1388
902 1388 6185
4568 6185 7861
730 7861 3043
2577 3043 2460
5036 2460 1132
889 1132 5853
2454 5853 2671
1408 2671 6854
1922 6854 1261
1058 1261 4111
3855 4111 1013
1258 1013 4961
3020 4961 866
76 866 6059
518 6059 105
3876 105 8205
4498 8205 5015
1827 5015 4672
5273 4672 3151
291 3151 1818
216 1818 9158
5264 9158 4858
4034 4858 164
4811 164 1649
668 1649 10539
5241 10539 2254
4975 2254 5377
3463 5377 520
1209 520 8499
1824 8499 8239
1080 8239 1709
972 1709 4662
1500 4662 9597
907 9597 7841
2937 7841 3909
1981 3909 928
4873 928 2469
1307 2469 7429
2099 7429 5783
1292 5783 9080
2886 9080 5607
472 5607 8632
3910 8632 6576
4336 6576 1489
98 1489 7394
242 7394 8448
2200 8448 3491
4007 3491 9178
718 9178 7258
848 7258 2521
317 2521 4972
5159 4972 9896
3270 9896 3958
2622 3958 3438
4453 3438 2115
340 2115 3035
1264 3035 1484
424 1484 9961
3860 9961 5365
1694 5365 6350
3865 6350 10498
1150 10498 9506
3477 9506 4026
3363 4026 29
774 29 6207
5102 6207 7326
4758 7326 10088
3959 10088 10674
1538 10674 10659
5255 10659 990
4760 990 2468
3089 2468 8316
2917 8316 9682
1818 9682 938
2445 938 2003
3494 2003 9627
4806 9627 3668
1301 3668 8119
4290 8119 1800
4020 1800 8411
4505 8411 8626
4755 8626 6048
4796 6048 6204
5268 6204 3941
1168 3941 901
2744 901 5221
4255 5221 134
2459 134 4463
986 4463 4925
2554 4925 1606
2941 1606 6579
268 6579 4586
3944 4586 1428
2075 1428 8832
3093 8832 5370
4379 5370 2909
5178 2909 8484
382 8484 2137
2674 2137 6580
1011 6580 3266
913 3266 5828
239 5828 10140
4424 10140 5209
5338 5209 1123
3968 1123 3889
1945 3889 9952
1969 9952 4892
320 4892 8243
3319 8243 7437
759 7437 995
695 995 1681
3538 1681 3680
588 3680 4694
4535 4694 1986
3404 1986 6658
354 6658 7069
3850 7069 5893
2676 5893 5895
375 5895 1429
469 1429 10509
1394 10509 6172
5176 6172 9888
4061 9888 1168
3889 1168 5719
5295 5719 10474
1024 10474 6300
47 6300 6496
3875 6496 6604
3098 6604 1253
2288 1253 3818
4039 3818 1476
4494 1476 10476
4271 10476 777
2390 777 3636
4380 3636 5786
5142 5786 9537
2100 9537 2926
1782 2926 3993
2885 3993 2551
3440 2551 7120
3071 7120 8237
2017 8237 1081
2894 1081 9650
1127 9650 7177
671 7177 1644
4418 1644 4394
4153 4394 9175
3665 9175 10244
4292 10244 3487
2544 3487 6397
724 6397 9464
4227 9464 1902
4893 1902 1996
5097 1996 546
3212 546 3901
4636 3901 7321
3569 7321 2483
5215 2483 6257
960 6257 1610
1856 1610 9191
2280 9191 2524
2884 2524 9407
802 9407 4667
303 4667 10708
1524 10708 3398
2168 3398 7470
5004 7470 6139
1358 6139 890
4847 890 10673
809 10673 8849
4706 8849 8770
2731 8770 7112
985 7112 1616
2708 1616 847
2112 847 1735
1537 1735 9291
5147 9291 46
4278 46 6447
3610 6447 7128
2046 7128 10028
3554 10028 1169
790 1169 5646
4145 5646 6682
2810 6682 246
4259 246 8364
4258 8364 3983
3146 3983 4289
2036 4289 5254
1333 5254 5583
1497 5583 8907
275 8907 626
2263 626 5307
3121 5307 5542
3915 5542 8999
1417 8999 8862
1398 8862 7148
2418 7148 6078
3819 6078 1407
2450 1407 3183
4681 3183 7071
2357 7071 498
2396 498 3445
3033 3445 4236
1728 4236 2614
3846 2614 1922
105 1922 6414
3648 6414 7201
4757 7201 528
4008 528 6282
2819 6282 7269
540 7269 10719
1525 10719 1845
3138 1845 693
3257 693 1158
2171 1158 10677
1339 10677 793
282 793 2669
3692 2669 4727
1431 4727 3015
5174 3015 3087
2654 3087 5124
3032 5124 3923
4702 3923 5600
4805 5600 8382
2637 8382 5533
3920 5533 3154
3938 3154 665
5228 665 240
4234 240 6210
1325 6210 9198
1003 9198 6572
3666 6572 1136
1155 1136 9212
3088 9212 10395
2537 10395 1919
772 1919 8568
1074 8568 5509
1430 5509 4685
51 4685 7116
4617 7116 1951
2254 1951 412
2500 412 1712
5026 1712 370
2338 370 3205
2215 3205 2179
4991 2179 5143
4766 5143 6017
2218 6017 6820
557 6820 9612
2998 9612 2487
3053 2487 7914
2344 7914 1083
969 1083 9764
1893 9764 1970
3510 1970 542
2380 542 2194
2907 2194 1507
5082 1507 4283
2313 4283 5747
119 5747 3702
5127 3702 5517
3401 5517 247
3912 247 2710
3793 2710 4987
3019 4987 2943
4818 2943 5125
4223 5125 7990
2520 7990 4805
4741 4805 8372
2766 8372 8401
443 8401 597
142 597 2983
3311 2983 5337
883 5337 5627
495 5627 8893
2710 8893 6325
1103 6325 1593
2642 1593 8941
3750 8941 3930
3531 3930 6159
1491 6159 1470
1943 1470 10681
3754 10681 9527
5044 9527 4244
25 4244 8933
2979 8933 5151
1830 5151 9329
4163 9329 4525
3998 4525 5602
386 5602 10679
4289 10679 879
2154 879 9051
4899 9051 5321
1342 5321 2431
1582 2431 8757
2999 8757 5012
4053 5012 7097
1923 7097 2874
1021 2874 584
243 584 4715
2012 4715 8420
3383 8420 825
1040 825 3206
5204 3206 2125
1904 2125 3328
4052 3328 4751
1980 4751 704
1118 704 8079
5042 8079 10419
3202 10419 9653
779 9653 4171
5261 4171 7538
1111 7538 2457
2818 2457 7372
1790 7372 2848
4527 2848 517
4639 517 7402
1306 7402 8649
566 8649 487
2385 487 8532
2269 8532 6330
2696 6330 4168
3508 4168 8863
4225 8863 4446
5135 4446 7103
1555 7103 8228
905 8228 10003
4062 10003 1977
1085 1977 5858
4554 5858 9767
4751 9767 6202
2306 6202 1931
3984 1931 7863
2968 7863 9372
2369 9372 8255
4772 8255 2620
2601 2620 5428
3130 5428 7142
1753 7142 2567
2275 2567 9955
5074 9955 8828
5005 8828 921
984 921 1772
4474 1772 10469
36 10469 5661
3464 5661 8616
2070 8616 8334
1072 8334 10536
2293 10536 4885
4526 4885 6916
5240 6916 2096
3326 2096 8817
3765 8817 2493
573 2493 2908
266 2908 7396
120 7396 261
1825 261 10431
1870 10431 4871
4577 4871 10576
654 10576 6410
4940 6410 5306
5235 5306 2447
3678 2447 4369
4977 4369 4916
5355 4916 7143
4468 7143 5138
1361 5138 8234
3140 8234 2951
5038 2951 6632
4201 6632 6724
5158 6724 2996
4819 2996 7156
1621 7156 6258
2447 6258 9796
524 9796 6520
3072 6520 6887
2770 6887 1663
4643 1663 4650
3295 4650 10239
3253 10239 3806
3600 3806 3879
1767 3879 2783
2191 2783 1319
3251 1319 7528
4654 7528 3874
2045 3874 2325
5054 2325 8520
3274 8520 5752
2133 5752 2308
3129 2308 8680
1902 8680 1432
2621 1432 630
122 630 10397
4674 10397 5809
228 5809 2435
2419 2435 3518
3999 3518 8238
2859 8238 9216
823 9216 3002
1769 3002 8190
2703 8190 1139
4392 1139 4863
2542 4863 9354
1564 9354 3600
4345 3600 8115
3439 8115 4867
5286 4867 4084
396 4084 6261
2950 6261 6054
1083 6054 10467
3381 10467 9331
5122 9331 6930
4339 6930 7190
4394 7190 1111
4627 1111 4556
2682 4556 91
1242 91 6422
2078 6422 3771
146 3771 8641
2103 8641 1373
3318 1373 4281
820 4281 532
4256 532 174
3595 174 6338
4684 6338 9306
3870 9306 8010
2491 8010 2010
2959 2010 2084
4055 2084 6849
624 6849 6320
4109 6320 5707
2027 5707 2516
4124 2516 10342
1144 10342 5404
606 5404 1141
3917 1141 9545
305 9545 9923
1598 9923 6759
1369 6759 7242
3258 7242 1230
1508 1230 7348
849 7348 5805
3373 5805 1196
4777 1196 4288
1913 4288 6175
3334 6175 3892
3344 3892 5360
5170 5360 10493
4974 10493 8638
973 8638 3703
4467 3703 8636
4906 8636 10165
3456 10165 1670
4995 1670 5003
2485 5003 5944
1241 5944 10549
4440 10549 838
2638 838 9988
4399 9988 9429
3480 9429 4527
4513 4527 5662
4177 5662 8756
1374 8756 429
3473 429 3330
856 3330 1096
915 1096 4697
3339 4697 6583
4143 6583 9195
140 9195 6337
477 6337 8244
1450 8244 260
2410 260 1358
5088 1358 2475
1065 2475 6790
526 6790 3377
413 3377 8150
1611 8150 4962
4156 4962 9678
2240 9678 3122
5030 3122 10200
5007 10200 2774
4210 2774 9943
2711 9943 6130
4406 6130 9317
3282 9317 10171
1036 10171 7046
725 7046 4538
2125 4538 4811
797 4811 5781
3639 5781 6529
4963 6529 9057
4661 9057 9747
1228 9747 7522
4447 7522 6556
893 6556 5188
1930 5188 8514
4196 8514 8890
2323 8890 2100
1052 2100 733
1304 733 8844
4347 8844 4231
1466 4231 2091
2351 2091 8624
3704 8624 6003
2553 6003 2053
4056 2053 5499
4026 5499 10218
1531 10218 7873
5009 7873 4277
567 4277 808
1758 808 4272
4916 4272 1804
2223 1804 6105
2066 6105 7806
4887 7806 4415
3087 4415 969
4598 969 9727
3794 9727 7446
3110 7446 10443
2353 10443 3799
4746 3799 8158
1746 8158 5675
4562 5675 2957
30 2957 3267
627 3267 7356
1386 7356 798
77 798 1676
1251 1676 6230
3676 6230 7006
1104 7006 8722
231 8722 1834
1908 1834 8775
3265 8775 4016
2262 4016 9853
4427 9853 1034
4935 1034 433
2005 433 6891
5034 6891 5251
3952 5251 9636
4982 9636 10020
1978 10020 10430
4956 10430 140
1712 140 3616
3751 3616 4564
4844 4564 2278
1419 2278 7904
5200 7904 7390
3205 7390 1091
3978 1091 10589
502 10589 8800
4545 8800 4502
2311 4502 5740
2008 5740 7605
2983 7605 8441
742 8441 1611
3073 1611 7113
3160 7113 6469
4134 6469 6383
2645 6383 6739
3575 6739 5189
2980 5189 6038
332 6038 9252
1580 9252 924
4813 924 2120
4116 2120 1330
5237 1330 1662
3393 1662 1022
483 1022 3840
4514 3840 2618
3169 2618 10535
1243 10535 7756
5073 7756 7316
3880 7316 4994
4074 4994 6500
2550 6500 9251
397 9251 885
4091 885 3083
1898 3083 6549
3455 6549 7306
3733 7306 3461
4393 3461 2963
4775 2963 4764
3902 4764 716
3119 716 7833
4886 7833 9094
4149 9094 6852
1789 6852 9848
3223 9848 4401
615 4401 4939
372 4939 2263
547 2263 9436
2813 9436 4762
1761 4762 7811
3269 7811 3090
3729 3090 3055
1813 3055 3768
2245 3768 10210
1376 10210 9814
1852 9814 9221
3743 9221 5118
2366 5118 4303
862 4303 311
535 311 7831
3173 7831 3037
594 3037 7645
1853 7645 7980
3631 7980 10077
422 10077 3827
3294 3827 7801
678 7801 744
919 744 7121
5031 7121 6492
831 6492 1387
4964 1387 6471
1937 6471 1694
646 1694 3124
4625 3124 9391
3903 9391 1782
4296 1782 386
1668 386 1528
2690 1528 2610
45 2610 10564
3975 10564 8442
3025 8442 8658
4308 8658 6722
3003 6722 2434
5345 2434 8925
4439 8925 1760
2933 1760 3096
2294 3096 5260
3993 5260 10293
4166 10293 8993
1214 8993 538
1985 538 1229
4642 1229 7886
5124 7886 9086
4333 9086 6770
1302 6770 4328
3422 4328 9122
3933 9122 2777
3266 2777 4850
3530 4850 259
4716 259 6639
4096 6639 8439
708 8439 9774
1440 9774 8251
2360 8251 8633
2720 8633 1540
4667 1540 7439
3796 7439 422
2146 422 3052
1637 3052 10222
1871 10222 5998
1563 5998 6400
5199 6400 2133
2564 2133 3163
4372 3163 1040
3502 1040 1098
3469 1098 10089
664 10089 9076
2583 9076 3787
4519 3787 9786
4387 9786 1224
446 1224 2554
3243 2554 6443
5052 6443 2802
2839 2802 1405
3866 1405 6746
2305 6746 8804
1416 8804 4713
4544 4713 6269
5092 6269 10340
2939 10340 4338
3730 4338 2714
3596 2714 7056
4510 7056 3657
2558 3657 3898
3925 3898 3242
4565 3242 10486
3229 10486 7786
1554 7786 8310
2624 8310 4149
3523 4149 6346
551 6346 10339
4865 10339 2290
388 2290 1323
863 1323 4426
5053 4426 6149
4057 6149 3734
2927 3734 3746
3728 3746 9056
3852 9056 7084
3836 7084 8209
2247 8209 9294
1250 9294 4357
2850 4357 6776
1082 6776 5957
3370 5957 8470
2534 8470 7271
1280 7271 10332
744 10332 4264
257 4264 1265
2420 1265 9500
3472 9500 252
4138 252 7607
1314 7607 9490
2332 9490 3224
4924 3224 1653
1939 1653 2886
405 2886 7095
2341 7095 8206
1610 8206 620
2589 620 4389
246 4389 10225
5138 10225 8706
2297 8706 9717
1606 9717 6355
2954 6355 6306
2490 6306 1803
2368 1803 10580
2188 10580 4983
948 4983 6708
4329 6708 3072
1587 3072 7965
3056 7965 10162
4580 10162 5348
2394 5348 10381
3576 10381 4430
1115 4430 3415
3201 3415 10142
854 10142 5495
2742 5495 3810
4319 3810 8653
1015 8653 6096
41 6096 8097
4105 8097 7847
2688 7847 10706
3486 10706 9686
3489 9686 2087
508 2087 9144
3100 9144 2224
1579 2224 7098
3861 7098 2782
600 2782 3441
2895 3441 1708
2805 1708 7399
3479 7399 3307
2910 3307 2270
826 2270 4397
4518 4397 3750
1030 3750 4534
5171 4534 3739
3112 3739 10036
5139 10036 9152
1486 9152 1029
3170 1029 1642
1256 1642 1267
2984 1267 6464
1683 6464 4259
3195 4259 2437
2097 2437 3357
2285 3357 3870
1801 3870 477
1232 477 5617
4046 5617 999
59 999 10554
1707 10554 6721
3921 6721 9703
3442 9703 387
2702 387 6322
564 6322 6143
4829 6143 5039
3441 5039 5834
4070 5834 7049
931 7049 3672
2387 3672 3651
3767 3651 975
1838 975 54
2077 54 9053
1843 9053 1367
784 1367 8254
4740 8254 191
3507 191 918
766 918 3067
3280 3067 2986
1319 2986 9787
569 9787 8024
4700 8024 1436
1839 1436 4570
4304 4570 9905
4646 9905 2116
3092 2116 6243
914 6243 5488
1764 5488 8264
612 8264 3473
1230 3473 10359
1867 10359 4187
5263 4187 2689
3573 2689 2854
896 2854 5857
3771 5857 8248
1451 8248 10599
470 10599 3620
1585 3620 1453
3090 1453 6745
5062 6745 220
4714 220 9174
137 9174 9993
5039 9993 679
1742 679 8601
2798 8601 979
3620 979 843
1086 843 1048
5029 1048 6138
196 6138 9781
967 9781 2250
211 2250 8878
655 8878 7205
4543 7205 10622
3532 10622 8898
161 8898 2993
1182 2993 8534
783 8534 8508
4891 8508 9284
3500 9284 3608
5305 3608 7319
3827 7319 8380
4028 8380 2358
1300 2358 9546
4546 9546 2706
5325 2706 5430
431 5430 7608
5206 7608 5722
3454 5722 4651
4836 4651 1332
2569 1332 3321
3624 3321 8603
5161 8603 8126
1123 8126 9349
4076 9349 6646
2124 6646 3794
2376 3794 7985
651 7985 281
2255 281 7305
757 7305 389
279 389 8683
3060 8683 9312
4432 9312 1600
5090 1600 3040
3719 3040 10136
3841 10136 5440
719 5440 4976
3926 4976 3617
610 3617 6089
3864 6089 1443
3811 1443 4837
2337 4837 1660
685 1660 2185
3578 2185 671
1138 671 6083
3225 6083 5933
793 5933 9615
1701 9615 1731
1472 1731 6131
493 6131 7013
1773 7013 4803
898 4803 5915
2195 5915 3369
680 3369 5284
1990 5284 4159
1503 4159 4846
3425 4846 8977
263 8977 4359
1272 4359 3073
777 3073 6801
3321 6801 2186
527 2186 8874
55 8874 15
661 15 6057
2802 6057 6951
4195 6951 2661
5191 2661 6928
2073 6928 10618
1717 10618 5052
1145 5052 5408
2178 5408 3484
4626 3484 1072
3957 1072 9861
3723 9861 2582
3052 2582 2332
2384 2332 5004
1874 5004 2927
4583 2927 799
3727 799 102
4858 102 9618
2771 9618 10694
2063 10694 5987
1152 5987 10364
1920 10364 6029
4249 6029 7173
2906 7173 3598
236 3598 2548
3181 2548 690
3264 690 3914
1097 3914 6905
21 6905 9161
2640 9161 1241
4204 1241 2315
1847 2315 8663
4174 8663 8294
4737 8294 6018
5227 6018 1889
2722 1889 9742
2714 9742 3437
5298 3437 10066
1143 10066 1097
2815 1097 1212
5287 1212 4631
859 4631 6129
962 6129 7719
3553 7719 1182
4342 1182 7007
399 7007 3368
1532 3368 9364
1594 9364 1028
2856 1028 10523
2663 10523 3676
2795 3676 2609
633 2609 1645
1822 1645 3356
3839 3356 4899
910 4899 8503
3739 8503 1522
2633 1522 8769
5231 8769 8591
1236 8591 5699
773 5699 4986
283 4986 3333
2229 3333 1024
1094 1024 4275
765 4275 3076
301 3076 10052
3126 10052 9140
5186 9140 7862
419 7862 3431
806 3431 6990
947 6990 9912
3206 9912 7688
3546 7688 1503
2541 1503 3063
2118 3063 6384
5190 6384 119
1941 119 4268
4088 4268 4795
4784 4795 7364
172 7364 2555
2407 2555 3220
768 3220 3488
4232 3488 9699
4690 9699 2616
4484 2616 7060
1098 7060 411
1928 411 8481
2466 8481 1573
2043 1573 7735
867 7735 4273
4922 4273 6195
4417 6195 4102
2932 4102 5979
260 5979 3026
2743 3026 726
3979 726 7284
2691 7284 6545
420 6545 9363
33 9363 314
2716 314 86
4939 86 7851
3892 7851 9116
1106 9116 7224
4715 7224 10246
3774 10246 653
1542 653 4614
95 4614 7249
2340 7249 2985
1185 2985 8686
4167 8686 6609
2732 6609 9870
4804 9870 758
1688 758 3577
1802 3577 6728
5351 6728 9983
2281 9983 6975
4415 6975 8261
4905 8261 10651
2057 10651 10587
3152 10587 4555
2552 4555 8267
4611 8267 4114
1494 4114 8788
4179 8788 3234
5341 3234 3568
1090 3568 10643
4698 10643 10661
2685 10661 456
2769 456 4931
3770 4931 10245
240 10245 4367
880 4367 3125
4321 3125 8007
3513 8007 6353
1370 6353 43
5324 43 6818
3638 6818 4261
4938 4261 1755
377 1755 10070
4932 10070 353
99 353 2615
857 2615 5304
1274 5304 5371
3437 5371 8920
1000 8920 357
3259 357 5456
3290 5456 10528
4523 10528 3042
2408 3042 6270
1910 6270 1386
4724 1386 2147
1792 2147 48
1663 48 3411
5339 3411 334
5056 334 1222
1210 1222 9681
3000 9681 5027
4461 5027 188
4142 188 4260
5118 4260 9201
4961 9201 4980
4202 4980 6769
999 6769 4888
4743 4888 872
1655 872 3270
4666 3270 7154
1612 7154 6
1399 6 6569
3947 6569 9020
1384 9020 7856
4980 7856 1383
5278 1383 7597
5347 7597 3514
4985 3514 9586
1691 9586 8383
4531 8383 8714
4089 8714 5846
2762 5846 853
3275 853 4005
579 4005 1586
1988 1586 3180
1170 3180 4948
3055 4948 5849
2958 5849 2981
3853 2981 6288
1174 6288 8390
4547 8390 177
686 177 4037
516 4037 6673
1759 6673 3688
2735 3688 9453
450 9453 3539
3103 3539 6068
2867 6068 2868
846 2868 9015
3773 9015 7312
1175 7312 2666
4722 2666 2413
5317 2413 6890
4463 6890 7085
4297 7085 18
2600 18 1019
3705 1019 3592
3756 3592 2052
2518 2052 4258
1019 4258 288
542 288 7186
2988 7186 3297
808 3297 3418
1134 3418 4910
3322 4910 5490
4173 5490 1879
4718 1879 6792
1669 6792 2808
449 2808 5988
4620 5988 3627
3807 3627 6636
2253 6636 2795
4403 2795 2093
3424 2093 4866
2286 4866 9535
3748 9535 9666
2101 9666 6264
2671 6264 3123
4370 3123 9779
186 9779 2461
4470 2461 6909
3021 6909 2188
1700 2188 2257
1815 2257 10639
1679 10639 7197
3764 7197 2152
963 2152 3148
3919 3186 5798
4871 5798 5231
3798 5231 346
2000 346 4600
237 4600 9714
2006 9714 6817
1223 6817 10270
563 10270 8426
4894 8426 3419
2791 3419 3048
4146 3048 7388
1031 7388 591
1037 591 3836
3922 3836 1234
635 1234 7086
4624 7086 4756
2299 4756 4642
3041 4642 6635
2480 6635 6524
3443 6524 5904
1917 5904 3463
2327 3463 1114
3821 1114 7486
4561 7486 9588
3868 9588 9269
3288 9269 4914
22 4914 3596
5205 3596 1442
454 1442 6751
4668 6751 9485
4614 9485 8402
3674 8402 5258
903 5258 4975
158 4975 10505
1660 10505 1762
4436 1762 7366
4670 7366 8354
3625 8354 10227
4710 10227 905
1650 905 1225
2308 1225 10540
218 10540 4992
4211 4992 4752
5277 4752 5399
3268 5399 8525
3989 8525 1599
3675 1599 3059
1410 3059 8029
1239 8029 110
3159 110 3284
166 3284 8101
1290 8101 6225
364 6225 621
2044 621 1830
4083 1830 3602
2333 3602 6122
3200 6122 9904
4337 9904 6555
3503 6555 2675
2897 2675 5510
4658 5510 8302
1766 8302 4178
514 4178 98
4359 98 4940
460 4940 2809
721 2809 1108
3517 1108 8768
2250 8768 9286
3079 9286 2075
3514 2075 9552
4366 9552 6740
3474 6740 10230
998 10230 466
2921 466 5392
3211 5392 7227
3597 7227 2626
3336 2626 5185
3579 5185 153
510 153 2014
202 2014 7129
2274 7129 740
2715 740 7008
277 7008 4498
549 4498 8703
3193 8703 8049
1841 8049 1116
5335 1116 2111
2598 2111 1525
3448 1525 3084
4665 3084 9532
3668 9532 4605
788 4605 2680
34 2680 1071
4884 1071 7974
1046 7974 5057
3150 5057 1235
3346 1235 7704
2586 7704 6578
2976 6578 3391
4274 3391 763
81 763 7059
3337 7059 352
2994 352 158
3017 158 504
3936 504 5429
4162 5429 2915
570 2915 1131
4121 1131 3945
792 3945 3847
1326 3847 7393
4842 7393 9236
1229 9236 7118
2377 7118 9085
560 9085 10482
1646 10482 6582
2573 6582 10552
434 10552 3089
2814 3089 6240
2699 6240 968
3542 968 1427
1834 1427 1021
937 1021 4807
523 4807 2166
1469 2166 8715
298 8715 895
4605 895 4142
4244 4142 2507
2734 2507 5669
1881 5669 6675
1162 6675 6631
2355 6631 1279
1997 1279 8973
3614 8973 10234
3762 10234 1408
5275 1408 2128
5040 2128 7454
4918 7454 2988
2307 2988 7226
1238 7226 423
2609 423 1680
3694 1680 2501
4800 2501 9340
5309 9340 9558
4350 9558 3066
819 3066 9763
4834 9763 8926
2267 8926 2480
4664 2480 670
4574 670 5469
254 5469 8617
2635 8617 1544
1463 1544 8762
459 8762 9708
3328 9708 2126
3114 2126 8135
4294 8135 1482
4809 1482 1673
3641 1673 1679
3289 1679 1147
1743 1147 5652
3495 5652 5076
4066 5076 9590
1550 9590 9335
2804 9335 650
2335 650 263
3924 263 4893
3325 4893 2693
667 2693 634
1476 634 5295
4978 5295 6643
4509 6643 1142
4131 1142 7054
778 7054 10151
5141 10151 9465
1253 9465 10609
2517 10609 9649
1199 9649 4561
2483 4561 3434
1154 3434 3432
726 3432 6774
4538 6774 2586
4692 2586 6508
225 6508 6866
989 6866 7955
3543 7955 8816
956 8816 4314
380 4314 8341
1159 8341 1749
4676 1749 6644
1406 6644 577
1362 577 3920
4311 3920 5749
3417 5749 6926
3540 6926 4507
2670 4507 453
2291 453 1654
1545 1654 7808
154 7808 2722
4678 2722 4891
5212 4891 7497
4410 7497 3158
2668 3158 9014
3607 9014 9684
3911 9684 7471
1298 7471 5166
2919 5166 1415
1971 1415 695
3117 695 9468
4022 9468 7722
1424 7722 7468
4023 7468 8546
3872 8546 5073
824 5073 6831
4768 6831 5035
2754 5035 7392
4475 7392 9968
2847 9968 673
1618 673 840
5328 840 2865
1288 2865 7917
2202 7917 8332
3649 8332 5746
2913 5746 6390
2971 6390 3828
3606 3828 10076
425 10076 5170
3561 5170 2291
3835 2291 9735
1296 9735 40
3808 40 10320
5071 10320 596
598 596 4368
3263 4368 5840
4241 5840 3359
5330 3359 9250
3457 9250 8692
445 8692 3454
3242 3454 3947
313 3947 4643
3726 4643 7123
274 7123 2484
2152 2484 2851
1952 2851 10579
1001 10579 5346
2833 5346 8381
4914 8381 4991
4720 4991 1334
1583 1334 1914
4719 1914 2212
1664 2212 8427
653 8427 1320
1205 1320 471
316 471 8001
4683 8001 9530
3696 9530 7977
4483 7977 923
280 923 8062
2679 8062 6460
1693 6460 4481
1771 4481 5936
4351 5936 3486
4097 3486 6482
1261 6482 4718
2639 4718 9069
3279 9069 234
1970 234 8760
694 8760 4237
500 4237 1259
5148 1259 9209
618 9209 8569
2090 8569 3852
1433 3852 4887
4875 4887 6540
1227 6540 719
4951 719 7051
1445 7051 4235
2463 4235 7496
1427 7496 2312
4108 2312 8647
5333 8647 2418
3652 2418 5397
2404 5397 5162
4542 5162 8521
1315 8521 2515
2422 2515 3186
85 2786 5796
3653 5796 2508
677 2508 4646
643 4646 1170
760 1170 6489
5218 6489 1100
1836 1100 9542
5210 9542 1214
1213 1214 1836
3567 1836 4739
596 4739 10015
497 10015 4308
2669 4308 5872
2007 5872 3222
2033 3222 5896
2557 5896 8171
432 8171 5773
2724 5773 10492
4634 10492 295
1184 295 7819
1221 7819 3294
935 3294 9142
2757 9142 7266
1498 7266 3162
3609 3162 4132
2748 4132 8540
4071 8540 4412
1520 4412 6173
741 6173 5368
5297 5368 3846
1045 3846 4705
5334 4705 911
2234 911 717
5089 717 1746
198 1746 10414
1418 10414 1384
2522 1384 9205
3185 9205 8155
452 8155 5192
1183 5192 1150
1756 1150 1178
3544 1178 9257
1360 9257 662
944 662 3639
625 3639 655
3948 655 5065
2231 5065 199
571 199 7738
4615 7738 9449
5197 9449 6372
3873 6372 3053
966 3053 6213
1120 6213 10561
252 10561 743
4170 743 7283
2535 7283 9832
3180 9832 6451
70 6451 7828
4593 7828 585
1479 585 4454
2489 4454 3669
977 3669 3144
3035 3144 6182
2546 6182 7579
4687 7579 10205
5289 10205 8202
288 8202 5610
4181 5610 3938
2816 3938 4346
4000 4346 10309
2657 10309 2603
2038 2603 8833
2065 8833 8709
155 8709 4620
3031 4620 4376
3829 4376 4615
3127 4615 193
1395 193 9752
3241 9752 6737
1366 6737 4193
1332 4193 9073
209 9073 6853
2413 6853 165
1739 165 10067
128 10067 7369
409 7369 1449
2123 1449 2617
3228 2617 10158
4137 10158 6756
2797 6756 2504
2184 2504 9606
2438 9606 8322
1447 8322 5889
3331 5889 2836
2134 2836 9575
2243 9575 127
3023 127 8725
1656 8725 3212
3640 3212 2350
3434 2350 2002
248 2002 10508
1481 10508 3604
2911 3604 6413
4323 6413 5585
4556 5585 1447
2270 1447 883
5149 883 8865
4771 8865 10338
1402 10338 983
4823 983 6763
1153 6763 7495
5310 7495 7135
1907 7135 5308
290 5308 997
2706 997 5969
3299 5969 9256
73 9256 10224
1703 10224 7489
1132 7489 3580
3227 3580 9723
3583 9723 4701
3207 4701 3034
319 3034 8609
3918 8609 3427
2499 3427 6523
3905 6523 5765
1353 5765 8739
3392 8739 8250
3907 8250 4771
2259 4771 4398
4573 4398 2122
3504 2122 6822
1495 6822 1667
2605 1667 2699
2050 2699 4934
4445 4934 9350
1516 9350 5491
4049 5491 1727
1772 1727 9577
2176 9577 4176
3365 4176 5356
1821 5356 6877
1665 6877 7580
1006 7580 10584
5225 10584 6978
366 6978 3656
3897 3656 2846
1443 2846 3182
3884 3182 8826
4632 8826 954
2726 954 3575
930 3575 7505
4250 7505 2195
490 2195 2367
3587 2367 2867
1414 2867 4269
785 4269 8681
3427 8681 9826
4721 9826 2613
729 2613 3074
843 3074 6262
4185 6262 2197
0 2197 10098
961 10098 2920
4332 2920 4266
188 4266 3995
3722 3995 6473
2719 6473 4305
2216 4305 1945
1965 1945 6729
2324 6729 6547
4487 6547 2670
4362 2670 1850
2079 1850 1346
5008 1346 5405
2502 5405 6811
481 6811 1365
1714 1365 4490
818 4490 8134
385 8134 7162
5284 7162 7803
1519 7803 10456
3594 10456 10298
12 10298 5906
3565 5906 9942
63 9942 9976
3634 9976 251
4209 251 7155
3744 7155 3150
2170 3150 2476
3590 2476 2852
4017 2852 9063
4640 9063 2700
1795 2700 2849
97 2849 7677
2922 7677 4574
4948 4574 3980
3029 3980 9060
2752 9060 3188
4310 3188 6375
2392 6375 6661
5247 6661 2878
5291 2878 9215
3643 9215 9514
3642 9514 3906
184 3906 9962
1055 9962 8270
2217 8270 9322
835 9322 864
1379 864 10547
100 10547 8891
224 8891 10097
1876 10097 10664
1602 10664 10095
4285 10095 5613
3682 5613 7300
1411 7300 5530
4084 5530 3235
1092 3235 5954
3556 5954 4334
4041 4334 2786
4869 8425 5776
4016 5776 7581
4833 7581 1366
5048 1366 5332
5230 5332 6104
2866 6104 211
1883 211 8033
165 8033 8425
