5361
2197 6431
7512 5326
3468 10613
5294 783
4146 4740
9410 9635
4103 1751
9050 10551
8823 2327
5 8080
7163 9336
7982 3164
10623 10298
2769 3863
2258 4927
1972 9662
8370 1756
4118 6002
9265 7144
8515 2762
1401 2256
7368 6905
4914 2211
7901 10656
7887 6050
7596 4244
2779 2262
8936 2163
5874 7658
397 7488
2957 2540
7941 2736
9421 3451
5493 9363
2680 4736
4881 7973
10469 146
6221 5068
2311 8111
5285 9887
7133 2871
8432 6096
4385 8896
1590 2712
8022 6691
2610 5965
2098 4748
6300 10033
5672 6519
7785 226
4712 6564
4685 9413
5288 5647
3416 4370
9355 2336
5792 8874
5819 6507
8929 1815
7140 2612
5975 999
9846 709
3908 2364
96 5080
9942 6553
9414 1070
8396 694
5426 8909
2716 421
4151 1627
5601 807
6451 8701
3507 8478
3201 7494
6305 9256
1710 9068
8321 6360
10470 866
798 4131
2015 2470
1371 5096
4340 1382
763 9470
4321 786
3943 7196
2158 7130
2786 11
5871 8192
2543 3939
363 10307
4249 2069
6839 5411
10090 2768
2607 5433
9308 1981
5034 10160
9280 4614
1763 677
8852 2849
9135 1489
353 3192
7638 10547
5331 2225
9472 9569
1105 7585
1828 9617
10115 1922
5595 9074
5139 2378
1574 9004
227 10094
515 9169
5026 1569
7452 7845
9695 10426
8445 2643
2990 175
154 7382
3527 2280
4618 7944
5747 2105
5546 7396
8356 3397
630 6132
5156 2424
9751 8567
4295 8576
7573 5389
5771 7287
9160 10067
2458 3006
8859 3069
4027 5861
9054 7034
564 6710
2647 5804
5082 1277
168 275
6536 9174
218 7988
9369 10366
9195 10192
3060 8822
2824 597
8835 7643
4634 10193
8796 9111
7888 3771
7141 9055
1745 5245
7600 5917
2954 7617
3318 9167
3337 10163
7461 9267
3085 7808
1187 8709
2157 691
6256 3904
6024 4975
5537 8690
6900 2452
8898 2814
8162 10045
5359 340
2298 2109
8104 8033
3284 8428
6186 5921
1445 10004
2398 5066
6041 9794
4989 28
7364 3252
162 6868
6224 560
1364 52
4211 3783
566 3582
10353 2518
10315 1820
7885 10266
7818 6964
8787 2411
10025 8604
6567 3906
592 558
3346 9779
7840 4601
4266 1812
4938 2646
9177 6141
7726 7555
1585 2925
6764 1701
2340 3736
9892 8288
6138 6748
1895 5681
1746 6115
7182 3184
5338 10147
3788 3588
9400 2014
1425 4687
4043 5591
5342 3016
937 3964
8040 4630
10392 9279
9676 9073
3658 4054
7651 2250
3365 7292
1112 6800
7288 5724
8541 6510
7371 1818
8965 3986
815 10540
636 1562
236 9746
10108 6196
2750 6936
4787 121
6432 8891
9663 6508
4829 4216
6278 4703
3372 5809
5527 9611
5829 1203
8722 3973
9765 4777
6972 6158
4950 4198
400 8811
3598 3259
4600 6815
2114 2189
6389 5828
1440 10245
3775 1575
7394 8081
1092 584
10610 7550
2402 7964
6304 4389
3675 5545
2002 6021
7330 293
9644 4809
8340 888
10561 5064
2964 5651
7912 5469
1666 1054
6672 10336
4264 4542
9834 9052
8697 3147
2781 5979
1295 9318
1801 7001
8977 1448
6113 2485
2417 7490
2908 9133
10084 5000
6579 1221
4417 189
8516 6000
4097 9936
1628 4486
8903 4071
7123 3323
8907 5181
5842 7954
7008 1309
6394 3287
389 7846
8467 923
5383 4297
793 3138
2474 4986
8790 5099
9196 5061
6226 3310
9827 6184
8202 197
7665 925
4810 5308
3151 3989
8305 7716
5345 10010
6265 7491
6789 4453
5358 3569
3859 4589
8715 4912
7615 8988
6963 6591
3076 6477
1179 1838
5821 4667
8888 6958
6606 9545
233 9199
266 5625
2140 770
10658 7422
10393 3435
10607 3387
965 2662
1164 3947
1197 5271
1063 6421
8528 471
835 2521
6840 2322
3034 7920
4892 8286
10666 8989
10499 2994
5089 5055
4156 9397
8850 2950
5280 3576
530 6671
2906 10292
773 540
10310 7777
5334 2648
6038 7277
7623 401
9799 4495
8605 1656
7692 7379
4509 7160
6906 5882
10496 3117
2115 2772
5344 2377
9273 9704
4909 2465
762 593
1776 2630
1565 8974
8413 9655
6674 2381
1998 6092
1881 8731
8720 6382
1833 6326
5443 3126
9460 6658
10449 203
6359 4619
7627 6808
9461 735
420 8159
1076 2229
5476 5866
7624 2991
6653 1201
5186 6225
6255 6040
2151 6978
2812 9562
3374 5283
8776 1341
9467 10104
1457 7879
3544 4939
6313 2062
20 8077
5895 4378
47 6807
1755 6459
4728 7036
4865 5071
8188 4314
4407 4979
3670 8484
2872 5085
3649 9990
9367 8134
5850 5602
6107 6599
4484 2290
2771 3315
2900 10150
2005 3867
7705 4293
4190 6611
8798 6334
6970 10647
10268 4084
9251 4922
801 3946
7007 2439
8778 844
8819 5524
6944 8066
2436 4028
4911 639
9434 2886
5618 9104
7614 3020
5472 7349
7369 4358
6271 4543
3653 4652
4130 10459
3377 8379
6875 7570
14 1067
7706 9741
5130 8125
3213 4174
2376 7862
7166 6545
6120 10612
1980 10077
1671 7924
6568 1484
637 10076
1542 1155
1876 7297
2097 8677
5369 10027
6343 1483
8921 5430
8171 34
657 5817
2718 10552
8191 4669
2352 10374
6720 8058
544 6924
296 1303
1007 9622
6416 1437
4870 3897
8401 5210
10445 6166
2353 8692
3253 1224
6947 7591
8167 6809
10541 2808
2268 9453
6266 4202
8155 615
9115 1523
1442 9778
9002 6293
2134 4875
4311 7906
38 3839
8762 6821
4940 2998
5390 4842
10533 5728
6912 9921
4352 2843
62 2896
6181 9828
3718 235
3565 5541
1429 6020
10599 2187
10617 9493
7897 5607
1104 9816
6819 6694
1579 10156
2924 1589
8285 6337
9128 1247
6953 2575
7689 4920
6811 4442
7233 9654
1022 1967
7309 1020
7635 5176
1632 880
10360 6438
8953 6146
1605 272
2195 3440
2917 330
7644 2674
6131 9516
6125 1456
7636 5627
8613 3637
10015 1499
3501 6784
3080 3890
4548 4237
4677 10484
10589 7729
4708 10331
5757 5505
206 7236
1826 5316
1912 1495
2087 7385
3353 9725
3793 153
9665 7498
9125 3521
10300 8028
4178 5709
7932 3261
4037 9856
8587 6573
6059 5702
5833 7923
7102 6147
10413 3262
1738 10057
3641 4807
10009 9796
7654 9156
6790 2430
2186 7655
7778 7531
5460 8837
5631 988
425 7742
5241 10330
7256 1886
4413 9438
311 8698
7221 8163
4210 10503
1859 10448
7750 8144
7269 5810
7214 7500
288 9343
851 9564
4725 3086
7752 8585
3229 5851
7093 2263
10185 5507
4498 7826
8092 5120
6190 6346
2760 5648
8421 2861
2570 6215
5449 721
4250 10616
6917 6820
10521 9524
2292 1478
9085 6047
8883 1717
6128 6788
8103 10270
6322 10386
4513 2184
8649 5320
4999 4277
4730 5622
9787 8505
2915 4676
8791 199
405 3289
2493 2899
7691 7458
5001 3027
9979 9357
1333 6588
8676 6332
4005 4221
9170 9415
7610 5172
1949 6423
7857 817
4719 4436
6527 2931
9348 371
4313 68
1113 3680
1154 1477
7991 1741
2124 7438
617 13
8124 1039
3037 8884
3010 302
6514 4739
5318 3623
1439 596
5686 3424
2366 2782
8208 95
7168 3175
4526 6557
5736 10352
3659 489
4666 5404
1342 8630
8761 9555
9507 6638
3617 10440
5727 3572
2334 8264
712 228
638 1152
4401 868
2829 6227
2240 5549
7960 9209
3304 8512
10032 9334
2813 5343
3018 3689
3663 6881
10209 6849
3639 5152
3049 3474
9173 3267
2425 1766
8994 2651
4792 7523
6044 9509
8879 7459
2609 4162
3690 3921
9443 1234
9823 903
10226 5502
7176 3407
3589 2259
3673 8405
6933 9517
3196 8245
4646 4637
5059 6959
3645 7592
2683 1694
1973 7192
7730 3343
1941 10092
3570 1558
7985 5526
5106 2170
4487 8427
10576 10119
9324 8878
5522 10611
5984 6297
5615 9819
5375 7933
1363 1258
15 10472
9621 8504
6333 6753
10089 7453
6629 10524
582 2727
5173 2693
5990 1649
9412 5028
7241 1601
7177 4163
7753 2050
3110 7921
7993 9179
3630 557
5153 5386
1161 2508
7801 5063
3036 1011
523 3369
739 9715
1790 8736
8141 3773
4613 10072
3622 1660
1770 177
8738 7672
1385 1451
7987 2019
10704 9078
9180 6345
9777 3638
4565 5159
8760 1570
4126 995
3934 10527
2751 6592
4322 8742
5485 7230
1613 8961
6133 4569
5572 1730
6603 3561
6655 9206
10411 10059
9378 157
3272 5562
6755 8439
3644 624
3752 4343
7400 580
10649 9829
649 10403
5274 2944
2382 280
839 9489
877 5240
9178 9271
5440 831
4678 3277
4699 2809
1536 8902
3861 4963
7065 6397
7046 1269
9755 3432
738 1379
757 4506
2733 2613
7861 2764
8732 10396
9103 3319
2855 3088
8355 10522
9451 9788
7094 9081
7762 6544
74 2471
6993 5659
6795 9602
439 6173
8441 4196
3815 9849
10332 1543
6528 3784
7551 4205
1166 572
8562 9297
2658 7749
3761 822
3625 283
10507 4820
9931 2078
3727 9368
4411 8623
1444 5105
7305 5418
9242 7493
4812 7437
10040 1170
3913 4326
6934 784
823 1198
3408 2746
4275 2731
918 2740
5100 7892
3220 2319
10571 3757
6391 9403
9376 5415
1919 7961
821 5699
29 10322
606 208
2978 10219
9728 3073
6378 7054
9653 1636
9930 9164
7455 2234
1752 6180
8534 8021
1367 8275
7848 4269
6596 5636
2728 633
4605 3127
1607 4765
1169 161
3485 9592
3945 1960
5933 6914
9918 4806
9487 440
1175 8834
26 4811
7040 4632
2249 5196
8094 1908
3647 1180
9407 1140
8700 841
2000 7347
1118 722
3431 9539
9690 10510
3297 2389
7680 10673
7373 3054
4444 5704
8317 7289
6709 6780
10182 6491
5553 66
8783 7562
3345 1806
8395 4490
6766 3066
4281 5275
5380 5597
9121 6685
9216 2805
5073 9698
2697 2883
1410 2270
5111 6395
1559 6612
9463 2497
4624 8451
4420 6492
1254 5637
3666 6456
4213 9696
9322 4943
1691 5482
9031 9446
4533 518
1307 3753
5328 8774
7035 1566
9321 343
3074 10267
8132 6398
472 7558
2868 7514
2739 1655
3286 7258
7348 2
3508 4874
8976 5084
10477 5031
8767 10074
10142 312
7951 7942
4711 3330
503 2615
10 1255
4631 10400
9359 1577
4065 8151
5496 4303
1323 1381
9549 7318
2201 64
651 5451
1534 7735
2266 8870
3875 8582
6717 3406
6449 9553
9123 2591
8750 5802
5733 2172
10437 2897
4510 9311
9096 6835
5357 7073
39 2672
2682 4367
6718 7663
6688 8461
5337 180
8404 7378
4276 5115
10655 9798
8083 1291
6081 9928
1132 10676
462 2753
2629 1218
8572 1916
619 6556
7520 4558
2176 4970
10672 2854
4492 4621
10614 4803
4599 913
7574 4182
3500 4978
10344 1388
832 5258
7401 1687
8228 6526
8550 1724
9597 8688
10654 4905
3371 106
4899 8026
7281 7257
1337 5113
10701 3266
6243 319
1110 1096
3199 8854
8578 3831
5198 5692
744 9408
9013 2820
7872 6503
3004 3531
5876 2631
2665 267
324 710
3442 8112
6656 5816
4101 4768
1940 7038
3575 9024
7049 2135
8487 7191
2905 9975
167 2301
3294 7387
9600 1813
1000 1021
9185 2914
4123 904
9226 5531
8260 1851
4384 4491
8699 6347
2168 662
1608 3593
3860 9745
6990 6617
4983 9821
2838 4512
8952 5976
5838 4755
4296 4758
8099 5097
507 1126
307 4996
1493 8816
149 7774
660 3953
10412 8377
4197 6257
10098 2887
6129 8810
2152 2659
10375 10256
9845 1787
3053 10316
9781 3557
2348 4199
1083 6765
7463 1868
7881 1278
1709 1145
2104 8638
7695 2146
8517 9319
5670 4489
2663 3669
9756 1292
5666 1215
1822 1297
8161 4721
1739 4742
6559 4686
921 4035
7112 4191
882 4463
9274 2102
8000 1263
6866 8574
8388 2876
35 398
3233 2271
5997 4815
4731 6678
3872 9214
9986 6095
6684 3509
5341 10230
919 6769
8920 5450
461 10579
10454 4419
9957 9198
3851 10039
2638 5800
7580 5945
1864 10313
10080 5624
3506 7670
7210 6070
6580 2541
10100 8061
4984 9261
5941 7780
10433 8653
1584 3011
396 1402
9237 5594
4258 5519
9651 4161
5223 2874
5398 5468
8771 1718
10229 10474
4737 1581
6692 10638
10632 394
8923 9341
583 5270
3750 1273
5216 7388
3185 9290
9795 6660
341 9889
4604 8764
10171 9483
591 1971
5402 7618
4769 6884
2601 825
1296 10479
6864 6702
214 375
9565 4997
3846 1102
750 7974
6005 7587
4204 10485
1592 1932
4953 1090
7011 9193
5074 2100
4141 6734
7948 2488
8259 9962
1583 5266
6597 8473
1261 1696
2337 7436
8527 1107
3176 10582
8012 10428
8766 3710
2130 9757
9739 2475
10083 7025
1913 3817
10513 4592
5689 7021
5513 8897
3104 3932
8334 5993
8328 2547
298 8568
6268 1508
6565 6803
6486 9541
7793 1531
9272 7267
4098 8239
9399 2361
10572 6776
6062 6054
3635 5558
1977 10671
843 4759
1290 2544
4001 10711
443 9388
5886 3568
7578 4291
3235 10575
1376 8691
1024 1532
7809 1204
9647 333
9624 3914
7060 5396
8201 9030
8547 5589
169 3997
3933 6542
6325 4214
7807 7006
10201 10605
9116 9305
2296 3444
5644 5436
1976 5448
7548 5641
7538 3350
8868 7172
2048 6160
775 2021
2392 4430
1032 627
2214 3816
704 8450
4278 10650
5968 6213
7492 854
10707 2318
8126 7180
3578 3316
4776 5814
9301 3776
9352 9650
4981 1891
9743 4169
5961 9393
8529 8210
7489 2227
4698 3032
897 3418
1798 3462
1057 5401
6705 5742
671 10446
10153 1825
6973 8164
4280 2858
7375 8939
4710 10066
10342 403
399 5052
1480 7280
8360 9882
4209 2300
2979 7660
7023 10498
8032 5551
5987 6165
9034 6763
2375 3434
7317 1136
8637 9563
3594 7299
1768 2980
4058 8341
4826 3057
5845 5464
6675 9898
1199 942
2223 7124
6647 7646
2715 1929
3200 6538
4906 3941
8869 5362
859 3180
4985 707
5268 2982
9234 7089
6288 8139
7312 3141
3766 1725
2299 1348
894 5714
9204 6931
56 9067
8687 6100
7995 2993
5192 4657
8710 295
7843 2985
8880 1325
6768 2910
9844 5912
9240 534
8968 1471
8185 6312
10534 3503
10678 10379
7909 5903
9729 90
8400 10385
4503 41
2101 10544
9649 1246
1231 8373
8071 6648
3834 9172
668 4741
407 2441
5336 1320
1537 4024
5122 278
10631 7733
520 8030
6848 1222
4890 374
10388 4243
1214 3971
8993 5269
5650 5974
6836 1301
6910 4580
3796 2860
9266 4456
6833 2051
2513 7819
6938 1843
6259 6817
6575 5951
8068 1242
2472 6814
6540 5088
9007 9747
9236 9411
3473 6170
3929 8345
190 477
1591 2164
6336 5419
1458 3896
108 8591
4597 1232
7226 5384
8029 5697
10714 4212
5980 5944
91 10107
8773 10535
6667 488
5540 6402
8429 9106
3881 5883
8136 7188
4998 284
9294 1450
1676 10299
3751 10718
9465 5920
3165 3549
9064 1968
4540 1642
789 7183
846 1013
8114 10128
8289 10409
6482 1089
3803 2032
122 2745
3035 4323
320 9036
6025 10504
608 10277
78 1338
449 6998
480 8452
6752 7075
2734 4359
10382 2406
5304 436
5639 2594
7693 7062
2928 6468
2815 7715
810 9981
6197 7271
7979 6956
1205 53
10600 6342
1369 4781
4550 7047
1618 2655
8799 4622
8612 2865
5286 9873
8101 10304
4096 4188
5783 7449
2086 432
6915 7499
7521 7662
5767 9735
7193 7296
641 7471
9422 2307
6983 2358
8410 3668
6770 1479
8086 10071
7685 733
6618 428
7880 7402
2469 9100
663 1248
6867 1299
4519 1370
8573 1328
7817 8813
6281 7170
7039 7607
3292 8521
365 7485
10197 1617
745 237
6742 2986
10594 4483
1426 10237
6253 2347
450 241
3239 285
6210 7331
9136 3847
7254 10406
9945 3385
10578 6033
9840 2668
419 2178
4193 7456
224 5254
5301 3382
8031 3322
7939 5195
7222 1343
3393 4478
10677 5014
1351 9448
300 659
3376 5321
1733 7640
2363 5463
6101 1185
6642 9003
6118 10686
7057 6366
150 5452
2960 7710
700 6442
4173 4032
5765 7790
4723 1420
2932 7860
3952 1883
6861 7428
6139 4917
7020 7462
9257 5145
8295 5138
1887 577
4636 5937
3829 7264
703 7424
6737 1614
8056 8399
2628 8912
9287 6759
5764 6353
7184 6474
9182 5037
6895 4265
8756 5378
6428 10261
10210 6715
299 6034
1690 3276
864 5982
7621 9643
6490 8590
4155 1398
9099 8037
8673 9020
5712 8176
5009 7356
7345 10457
2177 2303
10350 381
1621 242
1423 6239
8181 6785
3950 6082
10357 10509
6777 193
10567 600
8218 6116
8862 9381
6 9960
8911 9481
5584 1982
4824 10338
1033 7805
8694 2673
7247 8486
6644 5230
7137 5302
9675 2671
4395 5790
3059 8500
277 7300
3970 5503
1393 1256
2867 1538
8431 4993
1094 8804
8999 7667
4423 10414
8625 2278
5298 7766
7126 5860
5710 1545
1347 1219
9061 7722
7821 5729
631 4576
7496 3495
133 9694
2017 8349
1122 5509
4727 2792
1761 8628
3852 920
7727 6662
4929 9010
10637 2253
2210 6174
7545 3245
6614 7487
9774 8278
1692 7199
4598 8708
2846 2625
1783 723
1572 7051
1647 9543
10640 8322
10148 9494
8944 10120
5547 8244
8248 5930
1058 2505
8763 4327
4717 5501
9996 6652
708 8020
10208 4750
3833 483
5962 4200
3502 3877
8655 5446
5986 3808
7767 1544
9202 3730
2496 2310
4231 3716
7708 4014
8581 9687
2166 7814
10595 229
9155 5484
1731 10398
7250 1399
8474 1167
6267 8173
634 512
2174 9934
10384 5708
585 1353
303 65
10508 2203
4702 4396
3743 3095
135 464
3924 2265
4778 9152
5658 3626
7653 2798
9441 6989
2525 7959
6159 4337
2080 8958
5324 1174
4114 7741
4140 6822
1888 2738
5583 7622
2645 7266
2309 9029
4662 6932
2372 7329
8376 570
4159 961
10143 1329
2329 2704
3902 10615
7340 3251
9181 1230
2192 8511
1228 4152
8412 249
6234 2108
7391 1490
10110 1615
10458 3092
316 9350
8867 10118
7557 2833
7803 6073
10356 4412
7291 4857
1688 1375
3667 159
10708 2409
3962 10719
2965 1316
2144 4897
947 5566
5487 785
8611 1677
10218 8656
3368 7165
1939 3121
8855 9761
6922 1061
4612 5094
1735 7238
5870 10674
5141 3894
1345 7414
4451 559
653 1193
5898 7908
5178 8387
8721 1654
1249 9843
3708 5841
10288 3640
9275 5543
7194 9590
9028 519
7384 609
3275 9505
7786 8219
7103 8301
9910 5981
8593 6779
4458 10712
4341 2498
3519 9806
4532 8558
2183 5366
10129 5998
2207 9354
7539 10480
6480 6532
3219 3607
2937 7554
358 3133
10138 9471
7286 3237
2466 5013
6461 10231
1777 6439
6898 9567
2895 9648
171 869
6778 8333
9431 2224
9252 4883
9370 2549
2431 7772
3893 1334
4656 7262
3620 4354
10232 6084
8564 3072
148 981
8156 7067
9641 8113
4075 3309
8039 3348
2064 5305
4779 9364
6650 10494
3677 8607
3590 2623
9770 9923
6063 5797
9867 2571
6217 2530
6434 10664
5315 27
57 1521
8174 1124
10174 9717
2371 10699
2588 2913
2807 4002
5187 8206
8150 845
5801 7154
3564 2584
2701 5439
9379 7747
3618 9477
1062 5239
673 4967
7994 7333
7479 2385
7156 10271
5144 2117
383 3715
4745 9022
2255 9831
3813 7768
3992 10495
10285 3551
9869 5932
10394 6696
3927 7005
9938 5867
360 6004
5806 3241
3936 10164
10317 8670
6307 3052
7501 7078
3061 10558
5217 4329
7952 4049
899 1472
6689 2028
2153 8249
3548 3697
10482 9947
8665 8449
6303 3915
2110 751
4582 905
5843 7426
2455 6140
579 7599
6823 5445
2537 872
2595 8725
1288 5973
830 10663
2426 1985
10505 4045
5409 6080
10367 1832
48 2396
2212 8102
6877 8949
2034 9978
3082 3038
4279 386
2999 6792
7915 2566
3258 6996
9937 7744
4493 1422
855 4339
1271 4315
2804 8069
8182 185
6357 1411
9332 10639
6570 3791
4908 7440
646 7737
6464 1548
3156 292
8842 3362
7058 4042
4849 9188
2230 758
4172 7152
10302 8693
9586 8146
8759 4588
1326 6460
5365 10179
7367 8947
3535 10109
7282 1487
3695 8664
706 2338
3550 2188
9615 4076
3925 8979
9040 10224
9225 3652
2198 6985
6032 5905
10554 9808
5916 4531
1788 5078
1797 7940
5683 4175
2191 140
10478 3401
1365 1317
8035 10042
6087 5788
10618 755
8622 10606
5638 3028
9361 5620
4017 6301
306 3302
4743 6921
588 10358
2046 1380
8459 8640
10294 3091
4236 3193
986 8436
4482 8679
4183 1835
9935 4000
5879 9902
209 7613
2788 8154
9852 7484
2088 2608
1492 416
6462 165
2879 6030
8417 7919
7928 679
155 1147
5018 3341
1374 2399
132 8158
5677 2650
9457 4821
4312 939
5335 6408
6698 318
4609 5215
3240 7142
4431 5996
1921 2326
1150 4629
4827 565
1535 808
6673 2119
4038 6897
4762 8718
10280 2568
7370 10240
8265 5488
6275 221
8302 1629
3024 3879
2351 3177
3002 8339
6381 6908
4481 10593
6952 1727
1004 7013
8754 5102
561 2830
2633 7835
1633 8084
8724 8105
6539 217
5657 8346
10665 6193
2926 1814
3296 9009
9671 8418
9645 5131
5578 4587
4844 5070
6466 7943
6681 6852
2959 7372
4515 10538
2147 5759
6351 6437
8765 4230
2958 2700
4476 10257
7829 8142
3335 973
5361 4019
8063 754
5330 3870
3577 9801
10553 5628
8108 7216
8447 5787
5457 8873
8839 2142
5660 1335
9366 7702
3996 7720
3102 7467
9124 3490
3055 2039
6023 3721
2257 5890
7204 1924
8914 8196
9682 4869
7694 1953
10297 2422
9652 5356
1645 2451
9187 9207
8499 8290
261 6098
948 1557
1135 5015
9533 4628
889 3760
7200 5151
2314 5252
8942 10420
5036 8284
4786 1427
1855 9813
1100 6987
5340 6894
5753 975
1237 1436
9605 2023
4691 8049
6824 7167
9053 4440
3823 5924
6772 5732
640 3726
2315 7866
4050 6386
3379 9011
9561 3546
4648 276
7308 9814
8549 7645
2313 3014
8479 10085
1610 7338
8934 1117
2173 9313
2429 8916
9423 2463
5129 6693
2890 7894
1354 6448
10581 7683
2094 1171
797 5410
1620 10359
8789 7950
4840 417
10431 936
10531 10222
6011 1368
505 7169
5004 2880
4227 9769
5865 10097
1742 6235
4036 3421
8711 8359
1698 395
9854 5669
749 3223
8496 211
2112 3903
4480 2004
9146 3171
9992 4926
1283 6797
4416 2502
6885 9289
5224 7022
1560 672
9764 3837
3850 4286
9233 8580
871 5317
6171 1736
3083 9980
1904 9999
7900 4316
2355 2442
8680 4375
2247 7776
2479 2125
3429 5465
2041 4186
499 7135
7754 1834
5329 1604
4421 6270
3853 6077
9839 6433
10354 4288
3999 4109
9995 201
4732 1400
5904 2344
581 4377
6183 2360
10500 10364
7630 6229
6854 4546
2933 7097
3985 1529
8043 6287
7682 1275
529 5101
8048 411
8747 1151
5188 8015
5244 1854
8232 5233
6341 9959
2251 5281
1360 3965
2823 7104
6471 4113
8266 8570
1653 2921
8408 6551
1539 119
8876 5202
5848 1470
1603 287
3889 6577
5629 5372
10046 8272
9046 4813
9437 2305
3008 1181
4872 3606
5950 2851
9254 10149
6713 2599
7743 8256
9536 239
1467 3364
2403 3832
4254 9797
5149 6309
5250 3455
5521 4937
8851 10546
7947 6699
1945 9800
10212 3800
541 5179
3351 10126
9952 915
234 7769
1415 5112
10206 7529
2527 5347
10591 2040
7276 7740
2354 7884
8283 2641
10020 6099
1210 8006
5103 4751
4879 3909
10473 567
5095 3762
812 4422
538 4578
8730 3166
3882 2276
1586 2627
4789 1394
1648 5284
2335 6370
7782 4958
732 9114
604 9917
7041 5676
9019 3453
1279 7556
862 6420
5605 510
1207 346
2969 6613
2076 7649
2902 8589
2757 7765
433 9638
9714 9712
5872 2585
8924 5740
10196 468
684 4517
8830 3857
4715 8109
6014 4133
8430 6543
2220 2030
3207 5678
8237 4726
10269 9660
5214 5497
5327 8067
4116 1084
1602 1595
9730 7229
4336 7
8225 5538
10693 2419
5707 3291
6315 7158
5859 5720
2374 4181
2339 4251
3969 8831
10633 3222
6736 4404
7611 4738
4289 553
10283 5536
2603 7696
932 10373
878 9634
7027 1784
9333 8468
1573 8794
621 3977
3482 3874
6501 7128
4085 6127
10355 1721
6744 10194
2699 873
1052 10365
3740 9501
2022 8838
7789 369
2776 3886
1840 7506
10651 5942
9126 8877
4971 3552
10460 2181
1873 7728
3168 9277
10694 10542
8252 2725
8833 7820
6105 8723
2869 5696
9070 9166
3648 8882
8195 8616
5002 10303
5679 8446
6928 5911
8 7268
1428 7697
4362 4184
54 7476
2036 6422
1850 4461
2639 7339
5899 10125
1433 10105
9344 2222
4946 7206
2911 8740
2533 652
4496 3480
4344 958
7870 79
8569 1955
3031 865
7572 3179
7569 8501
10054 3642
8172 2749
4386 7063
2450 2437
9538 741
24 7429
9537 2881
10265 9666
4933 10514
4434 8641
1950 9508
305 3217
2282 3954
9616 8627
1683 8579
9194 3774
5730 3699
3172 1737
847 4072
7132 2578
10530 8057
10489 7303
6630 5822
6651 2775
10145 3063
10030 8361
4044 213
4081 9749
5032 1935
1449 3190
2013 6646
996 4538
315 2569
5107 6522
8967 4873
8117 5640
3325 10007
7070 9418
9604 4860
5752 3499
2836 6954
9105 8269
8312 5717
3573 613
1789 8559
2154 327
6982 10063
8497 1362
688 3855
6135 2589
5793 2654
6161 5086
422 2755
10687 6409
7253 4299
4063 1441
8389 8745
5319 10263
2956 2484
5592 6026
7478 879
6457 10465
4695 8919
8717 8990
2801 3591
8536 4060
8729 3536
3940 10308
6497 5477
1357 172
1796 4310
4067 10341
1623 4242
5511 1561
3398 9059
3522 6882
3331 3150
1158 5852
9691 7149
9646 8808
6534 9559
6042 8584
9577 1631
5550 4290
5408 2323
2766 494
6212 10008
2141 4568
1819 3520
473 5570
6923 2504
698 5668
7357 9740
4995 2074
10580 824
4030 6049
1302 5388
4488 2783
4895 8651
2155 8621
10202 514
2438 5915
1944 9102
6260 4575
4603 9330
9219 4356
2316 8448
4856 6178
8197 7917
3169 10408
1988 2161
7675 9241
373 9232
8073 3255
5146 3079
1082 9571
3243 3479
3410 5296
8416 1378
2490 5438
10062 3554
3628 3205
4305 3862
7207 8270
9709 6017
3050 7411
9884 10023
4390 1622
3631 993
10424 1804
8843 3029
10167 7417
6392 2169
10501 3402
8230 1640
3333 4783
1993 8348
5608 5065
9351 3112
6412 9044
5090 911
3436 9825
9679 5960
6988 8755
2696 3120
204 5685
2685 9678
8494 1016
7612 1459
5680 9575
5024 5038
6319 3768
7219 6162
7235 8209
4518 2136
1553 4271
7243 8768
5174 17
9628 2552
6636 3012
1951 5395
281 9224
9327 2012
1488 6027
4955 3145
1409 4771
4262 8672
644 7518
6676 4016
500 626
9658 9668
7310 3942
3967 268
8926 3327
6335 8437
8532 10199
4924 1447
321 2885
3959 10249
6176 6485
7129 5067
6574 2567
3562 463
3738 5363
7868 2973
9576 2038
9191 3283
9983 9554
4448 10055
6430 7758
5289 6950
3357 1937
4866 6994
6467 8003
1253 1989
6403 2962
22 1805
453 4153
6150 10705
922 10536
3096 547
9772 1455
3044 3238
6812 8706
5325 8169
4756 1165
5769 511
4223 7869
1047 5862
5887 1706
9362 9802
7725 6746
6202 3876
2988 9303
5989 1225
2306 9496
10001 4659
67 4502
4194 232
60 4283
6517 1757
9091 737
836 8091
848 3948
6533 4823
2984 8215
10416 3464
555 10545
5939 3105
8890 3707
6729 9982
2489 9550
9817 7859
4693 3463
3555 3143
8970 8985
329 1257
8107 7707
9490 2583
10407 3602
781 4298
5544 650
2384 7237
4147 4837
370 2602
418 136
2822 7249
7095 8323
5045 126
5611 101
4724 7914
8684 4333
7996 8984
2317 9513
4366 10487
4508 5234
9692 4800
7905 2091
9390 8927
10443 2008
1446 7134
4528 6631
9012 6251
5309 7071
9235 1630
7543 5758
8251 7896
444 5182
10333 2341
1775 210
1793 7792
4640 7091
5118 1504
345 6065
1803 5949
9372 8274
3209 5212
460 152
223 1991
5299 326
7397 1743
129 7648
8544 3794
7118 7444
7161 3064
5413 3869
542 3613
10628 874
9548 4974
3611 5794
803 2332
7997 487
2089 2640
3672 2156
2345 1245
6310 6725
777 2171
10102 7077
9868 6375
2145 5104
6148 5348
6339 6200
498 2362
8212 7678
8598 3960
9881 8969
3998 1389
10404 1848
6426 9791
2238 2160
645 5397
1310 6368
8619 8492
2555 2587
10259 3042
269 2063
260 4449
5247 909
8535 4861
5642 6853
1099 339
5690 9454
3601 8241
8594 2987
10451 7148
2435 2289
1265 7029
7374 527
2515 2621
7050 9435
73 967
413 6869
8311 9948
10570 3447
3722 4226
2743 9659
4848 6919
10215 8287
10716 10034
3260 9929
8089 8385
294 2044
59 959
10417 8930
8207 9606
9977 3505
870 8962
526 4091
7582 4073
6623 4466
6550 8242
3804 938
1017 9633
6733 6258
8123 4847
7632 5387
2624 1407
2446 4391
5534 9462
8378 9134
3136 5853
9922 1551
8980 1274
4 4320
279 5665
1344 134
4819 3767
9384 3526
8689 2272
9033 4235
2149 9596
7341 1149
8481 4234
1707 2947
7220 5839
10273 6980
4469 2606
9281 63
4627 5504
8860 8871
372 6154
7699 8657
9474 4087
6314 1582
1550 8203
4859 2393
10005 6635
6948 1101
2029 10691
2373 4561
7584 9997
5003 10585
3423 12
8937 2394
1066 5483
2138 4454
4004 6306
3797 8010
7127 3139
8016 3615
7566 2726
907 701
7043 10134
3130 8488
5518 6228
10006 3427
4095 412
2721 3790
9718 5405
9488 8659
6619 7633
7082 10311
8943 9672
347 10586
4351 5006
2279 4524
1872 4590
6075 7270
1396 2440
857 5766
7757 1978
3247 6665
7553 1078
10609 6880
2052 1549
5323 9863
1002 7990
8995 4880
7324 1384
3317 328
9824 2432
6965 2421
7053 3399
945 4862
10155 3232
6247 2481
5075 10348
4307 10251
4270 3841
3388 1144
8470 9258
6697 7283
3725 9168
3888 10395
2553 7813
3848 3334
10588 702
1503 2744
7175 4863
3312 2676
10132 3487
4915 632
6182 8950
8507 238
9833 4903
2695 5520
6500 7278
5963 535
8262 4555
3754 6003
4201 4925
963 8560
5011 9259
8358 5896
3657 1909
75 1905
2404 10383
9097 7480
4790 1035
927 4452
2133 2644
3880 1077
5462 10713
6791 9385
8588 8013
2486 1332
5406 3968
1327 1284
10043 2635
6582 5977
5376 1578
5293 2691
3355 7360
3043 3347
6481 1722
8034 5593
7709 7042
7976 4252
8674 1515
9076 2020
3781 10276
8781 4418
9951 7704
6741 3571
7481 2912
620 1418
9738 144
1956 3910
1767 6344
6349 6595
4894 7108
4923 6203
4330 642
2043 3838
2111 4282
3504 2283
4788 18
2620 379
3541 6093
5322 3483
6873 5970
3108 1667
7978 6155
6979 10453
6942 2737
423 4127
3744 2444
4240 9292
971 1903
4245 8282
9380 7967
2756 8076
3605 5161
4951 10279
4549 1923
1779 6622
3308 8895
5177 1432
2369 3958
6317 5831
8310 1658
3326 1861
6369 6495
8523 5807
424 3515
3413 2011
4921 6535
4010 3426
2532 3340
7760 1522
6388 6712
4263 8617
6837 5171
8382 274
838 6541
7460 4718
4566 9161
4608 6640
1593 7588
7516 7788
6354 563
9790 6383
2916 5966
6427 2784
3269 5432
9498 4218
5058 3802
9231 8489
4683 3724
2006 10133
683 3087
445 9838
5803 778
10309 3204
3065 3891
3409 8365
3524 4882
4345 5278
9970 10427
2131 10523
8096 2832
3884 6761
9927 9872
3786 3956
3158 7515
10657 4308
5354 4507
6264 2684
1753 5400
6472 5760
2137 9949
5888 4798
10634 5893
6760 9395
9338 3632
10069 8062
5092 5713
788 2785
5716 4556
8351 4766
3895 9697
10661 5351
3131 7105
1942 4797
5823 7847
1315 1308
3197 1528
9984 7284
531 2923
748 7764
10031 8493
9670 3614
6330 1639
7714 7203
2387 2810
4839 6240
8131 6960
4744 6516
387 10207
8190 4668
331 6406
147 2529
997 10560
8713 10471
1616 4960
7032 9685
10204 8893
9943 10399
3712 1236
7376 6799
9742 2370
9521 740
314 5721
5799 5246
1209 6858
6473 1502
4267 8633
10624 9270
1889 6787
4990 3257
5773 6037
1213 6153
954 2232
1073 1200
6454 5207
1119 8669
4658 2079
8770 9417
6609 6659
10621 2835
2507 138
7076 3688
6738 7606
5918 715
1863 8046
7560 8036
4124 9088
4898 5098
5495 1997
5081 3026
586 901
9021 9818
7844 1037
7874 7513
4132 7989
5529 2678
2386 3244
4409 1355
9060 2619
3961 2922
9137 5035
7589 887
10362 5431
9263 9142
4877 850
1417 1128
2244 114
7957 9278
4954 5846
1580 1474
131 9837
10337 7231
8128 8372
9557 6758
3603 8938
456 876
6887 4144
5835 9618
4414 6654
1115 4836
4018 6594
8352 906
3523 3265
7748 8734
5050 10696
1194 4112
4851 2519
10387 364
4382 5199
3278 5208
1510 5691
2252 794
8801 4179
8318 4437
9811 36
10520 198
3769 10137
3419 2759
2995 10170
5929 5132
7999 10117
3198 3676
9570 2634
6756 3303
8601 4828
1486 5471
1044 3709
4900 8960
6057 9578
3683 6052
5157 9335
9130 1708
7812 8226
6067 1808
1125 3584
9497 9591
5561 6682
9716 9874
6363 5056
9436 1045
10289 3089
4595 1097
1461 3938
9944 5441
9157 2457
6282 9260
8350 4257
6112 9452
6010 8392
9780 7239
271 1516
6505 10121
2273 2818
1059 5687
5333 6907
6208 9724
8565 6119
5116 8618
7799 2129
8148 5346
9866 7853
7836 5946
3735 3113
10468 2165
8018 8910
2802 4402
2907 3525
910 10401
10667 5554
9782 1289
4514 3003
3801 3111
5110 1992
9968 5134
3634 9247
2328 6704
9753 4357
7794 8887
5603 516
9630 7969
1786 1018
5779 858
1028 6006
8563 7524
6621 985
7313 8238
7026 2531
2083 8548
4246 3045
930 5220
4015 9186
9969 183
5596 6104
2939 6068
759 10543
254 5738
9972 2243
3115 482
2556 7408
7593 1049
1990 962
7431 727
6701 896
8273 1272
5277 9939
10305 8889
8602 6548
6679 2709
956 5062
4119 186
7122 2524
3256 3993
9080 200
376 5235
10515 8353
929 6566
5458 8397
8443 5574
4070 9706
756 6475
1081 6879
4099 3441
3081 6499
2675 297
10328 4222
1244 2007
1880 3056
4749 8940
9584 5735
8983 3249
724 607
9916 8542
2209 7173
2194 4300
837 2888
1747 2031
3537 3307
10116 3604
388 5577
5746 10139
5590 946
7717 1195
1697 9673
6847 8316
8685 7945
5166 4392
4501 4544
466 415
1233 7677
7263 9132
8433 4494
8200 5312
7668 9705
2061 3734
5971 4195
8945 50
7092 1160
5391 3452
4102 10550
1760 2711
6435 4930
7031 7601
1120 4793
1898 7841
7465 6316
1469 10340
7125 9744
9950 1606
699 8236
8438 9093
2866 3254
178 1103
5885 8735
9585 10583
9248 3878
362 9238
10475 6261
9398 902
7972 6775
2901 2535
10223 6355
8053 7010
10389 4617
9065 10715
5849 2826
3723 2010
117 1015
720 1774
454 4901
10287 4324
192 7240
3013 2761
9609 6834
5892 4539
7157 7863
6754 5394
8240 76
1979 6390
811 4089
5087 3972
4069 10017
2703 5837
6578 2416
469 601
9640 10506
656 8933
5189 10491
972 1810
5908 4443
8088 7605
1267 10065
1700 255
4139 5272
10627 1088
7186 2510
1464 8992
1947 5725
6373 3298
7252 3000
6634 10035
352 5649
5025 2228
1943 2705
571 9830
9612 3320
795 8757
780 9681
7625 1987
4106 3498
6722 3373
2593 1975
1023 8005
2853 3216
9218 4447
4753 6114
2143 4567
9079 9566
8050 6663
1689 3280
9876 6361
3643 2390
697 9758
7208 5782
158 5303
3772 9131
2864 4987
4941 4961
6909 3619
1652 7425
7804 127
8780 2622
7871 8442
9915 4801
3822 635
2267 9264
7469 3980
10019 9598
4620 1431
5124 1884
1571 3445
1268 7711
10347 3144
814 3022
9239 7590
6487 5891
10238 10049
7164 6245
4642 9894
9732 9072
4562 10111
10562 3433
6786 7634
4077 10220
4217 7477
3160 8918
1177 6094
4522 245
1878 80
2582 3475
2487 8615
6813 2997
4948 10680
7965 6367
7352 3116
8052 9583
10181 3264
8683 7217
2304 8631
1668 5494
7107 5581
2287 6294
587 5812
359 4722
10228 8485
3849 452
2092 4110
2841 10068
8292 7120
9642 6520
1611 9416
9664 2206
8253 3161
5414 9041
7822 7537
7342 8233
9286 3732
8041 8060
1506 6446
4189 9877
9851 6111
3202 2415
2708 5938
9320 5995
4838 4415
9212 6134
2468 8213
9784 1453
1684 5007
2116 10286
437 8832
9859 9145
3349 6504
3511 212
10242 8906
6604 4554
184 6238
3583 9144
7131 7419
9353 6079
3539 10461
2132 8419
225 3678
4062 5262
1646 2834
6957 10044
8707 8712
6086 7446
5040 51
3739 6493
10053 8054
2126 8394
3384 10274
6404 3873
695 7061
446 1785
716 8696
4913 2742
5307 265
10598 1650
2060 6244
616 6045
8537 1130
10052 7389
4615 5614
2365 9027
7849 2308
5428 9387
1643 680
539 5069
1414 9066
4818 4432
8044 9325
349 8956
1527 9956
1845 5114
25 3825
2856 8234
9077 8963
3047 9998
8472 4233
9358 5741
4393 5077
3983 1518
9544 8998
4843 8695
5588 7796
5057 4572
676 6126
1252 10587
7956 4020
8805 6484
9713 2241
3135 2702
9360 5194
5664 2428
2523 110
10060 7113
7508 2806
8331 513
1462 5777
9865 2261
3155 2473
6124 2557
8375 5201
4274 9447
2618 5994
4165 1029
1657 5253
3798 4031
2770 7831
8705 6276
7598 2636
9047 4048
1807 10644
10641 2445
8530 7232
10078 9832
5117 2548
2464 3450
4729 2778
3 8752
9205 8374
10415 258
5163 7432
7787 1372
647 10250
1485 9300
2412 977
4135 3694
8703 8480
8347 4457
3370 4259
6531 1821
10698 8861
8913 3380
4876 7068
6122 6625
3415 6387
10419 6876
4647 6232
3404 6009
4716 7390
9912 8841
2773 4701
9296 1001
7619 4841
81 2045
9302 5392
1906 546
4690 9039
6946 1475
4332 1875
3430 7420
9087 2219
7012 2793
7225 2217
1184 1719
1026 8737
5606 8482
9848 1406
6218 6981
10596 6083
856 8652
3580 6806
6371 2617
10486 8743
9492 4039
1240 1403
2559 6628
491 4086
3469 9528
10717 2433
6874 4056
7294 8247
933 1512
6904 1952
4229 8975
9792 9752
1860 3454
2554 10086
9700 1463
5827 9430
2391 2598
6850 9940
5121 6348
6298 322
8727 7442
9001 1319
9283 3023
2001 10239
7274 5844
4560 834
3558 1293
4649 693
4577 7242
351 357
6272 2121
8904 7779
7963 8216
4368 10689
1893 690
1791 8775
2777 957
6804 7234
5399 8004
7811 2717
9896 1849
5229 508
10368 215
9987 1087
8520 55
1802 853
7616 6986
4968 6106
7681 6552
5573 9069
3067 2821
10626 4381
6358 9317
8981 8577
2592 2539
4942 6013
8363 5718
524 7307
893 9269
1679 4660
6001 5456
253 380
5311 10295
7629 6455
8728 3827
6290 4650
6913 1069
6151 6767
3094 7783
7273 5969
8393 7248
5108 10195
6816 9089
9062 6615
4956 10488
6530 602
6883 3329
5459 9842
4682 1839
1809 7178
7335 5020
470 2983
8424 2410
5498 2453
1844 5500
2302 9674
6888 9419
8477 5467
1373 1526
8243 9092
9875 6286
3621 6801
4910 317
5155 6035
325 4068
3114 4893
7712 2096
3422 3966
9708 3681
9405 1250
4023 9580
2971 5889
6179 5557
6167 435
6175 1915
10421 8357
2626 622
5455 7059
9420 6796
4697 9946
1638 787
6331 3109
5745 8551
1281 8661
3892 447
982 718
8825 1235
3140 2056
5703 7931
216 545
187 551
8606 5236
2414 9657
5489 7736
4435 5684
1188 8856
8845 4734
3937 1823
10091 1900
992 7770
382 6028
2269 10172
5565 3218
4026 5778
4083 5535
451 4176
6145 8297
10216 4516
10635 8802
8644 3263
8059 5957
2277 5901
5053 5934
4611 5805
2977 2893
6878 1704
5700 1750
1276 6425
1286 7865
6584 8524
179 569
10467 7198
1127 10130
4982 8420
1754 9183
881 3528
2934 9812
4428 6090
1065 5127
4057 3281
10291 5621
9304 9228
8279 8739
1662 4785
5048 6277
195 8366
4255 2972
393 1831
1312 6616
9288 7898
3633 4760
5517 5560
4537 950
7055 7365
9871 1986
485 6601
3390 10180
6194 7679
5219 1609
9582 1010
9906 953
7724 448
5339 6716
4348 6450
3129 10363
9510 8369
533 8343
5749 9603
9941 8935
2837 1759
964 7181
8809 2891
7407 4328
5575 8178
941 2093
7552 4846
5203 8325
6703 8681
9924 9857
173 1714
4192 5017
3167 2952
7344 9499
4425 764
2350 3805
3944 6793
5355 7213
7609 5371
8660 8463
8115 940
9409 2551
10695 5039
9703 5420
6524 10625
7563 6374
9439 10099
3128 9045
7827 4852
1525 2723
9701 10601
4238 9593
8490 2576
1567 10602
10668 7902
5722 1156
6549 9223
4137 10165
9250 7837
4965 10252
6279 2542
7816 4129
9855 3342
7875 3497
5377 5287
7913 5661
141 6199
10248 3007
6254 7302
6476 5813
6440 1098
7732 3285
9427 3472
5555 9500
2477 429
6299 6740
1899 9307
1217 3693
1781 9506
5093 4664
7399 2500
1280 9429
8180 5263
5737 3629
2660 3512
5826 2018
8065 10002
6843 10706
5364 623
9109 10556
9686 3720
5300 9295
3392 2968
3542 8634
9023 2563
2003 6902
731 5652
6886 7502
8309 7290
4623 3560
6554 10518
9284 2199
8561 10188
1040 4709
6555 3132
2122 9707
6222 2677
8183 10253
191 4889
4168 7666
10372 1852
5265 1970
5539 5910
10529 3456
10176 8007
6977 2075
2596 9345
8858 434
7761 1108
10490 9382
6827 4563
1816 2758
2903 1454
2492 9750
10183 4149
7072 760
8583 366
4670 2877
9428 2456
6188 2099
9574 5243
4850 5548
10370 3930
7631 10622
548 7423
3935 852
6935 7024
10557 10323
4799 7852
1681 2127
2246 2790
1300 6926
1 2058
4380 968
7713 7955
1178 7272
713 3990
4304 7688
7890 4747
3858 10604
2405 960
6731 2611
10173 6137
2248 7532
4625 7719
10028 4638
2026 7935
1473 5954
10014 9804
7337 2200
6465 10184
5808 6605
5170 3516
7855 4410
1626 3547
6064 806
6587 5906
7527 9456
1068 1836
9148 7153
3324 7321
2936 590
7895 142
6927 6513
2689 2953
3654 6415
6739 618
10381 1377
3367 1481
2185 5136
5654 5185
3671 10152
6051 7088
7350 6250
1106 9723
3363 474
8571 7652
1957 2294
2940 2367
1948 7620
118 9347
2955 2476
8777 1564
6558 2467
7171 7671
6231 10456
10191 174
9473 2714
7227 3181
7949 6870
7325 7676
3806 1928
2118 7802
8758 5847
4919 309
863 6156
9860 9282
6453 3828
6845 9014
3984 8827
3162 1675
9401 6447
5563 10122
7763 9785
9963 3543
8973 6295
5582 8152
4720 1239
1858 2840
10502 678
2862 7209
4964 979
8797 1771
5926 4633
1191 1894
3321 7926
8354 6302
4157 10577
8646 10112
8746 10608
5158 2948
5701 9098
6452 7980
2534 3236
9243 8047
9976 5556
2520 77
3820 9754
10592 1183
1546 6818
5781 10000
3457 3212
4128 1673
9514 1901
7015 9215
2081 3545
10519 8824
8027 8545
5313 6327
6414 9328
61 8332
2632 2204
7115 8608
2418 410
3299 5796
348 3665
3354 4864
10566 7739
2356 5407
7718 3071
6810 2095
9626 7838
2581 3780
5382 4559
10345 2033
7810 4224
9175 6285
6572 4671
9919 1817
9532 1202
2597 769
3868 1897
4579 9719
5739 5005
10073 5785
8402 549
1599 2748
6230 9523
1129 10326
1438 2447
9594 2918
2275 1031
6419 7507
9229 5613
9531 3979
479 8716
1318 3624
5183 6292
170 4203
8491 7119
4239 736
4120 8575
7083 1765
2669 1080
6637 8872
3306 1680
3745 3009
8552 9530
2763 6929
7626 181
8629 2713
1311 8955
7918 2324
685 5180
5042 9926
10526 8624
1019 2215
3273 5119
1285 2009
7907 130
3728 9285
5515 9038
10061 4746
3579 1009
728 4641
10159 5427
3704 8220
496 3742
5825 9323
3352 7824
6393 3040
5019 124
2085 478
3995 10056
3225 9861
5292 3733
8495 1857
4643 9406
799 5705
3746 7473
3090 2752
3093 4338
113 2407
8840 2284
7306 2346
629 6069
8702 2686
9107 6855
6560 5877
8362 2016
8503 4285
3248 6969
3039 8751
5135 5586
689 9221
7155 2657
3866 1716
7430 10429
5256 8221
9535 6863
10464 917
1877 8941
3616 1243
4782 8853
7332 6365
7002 10681
7016 7081
3592 3755
10692 1925
3396 1568
137 7383
7936 4439
625 8997
10234 4399
8271 8635
7197 3655
8817 3314
8786 4046
4832 3651
6707 120
5604 5466
4931 6284
5857 8281
3871 3719
9217 9015
10246 5154
9994 3926
3311 6144
5694 2545
3149 5257
5947 5435
6214 9151
1732 6920
1038 550
115 4220
10127 5863
10024 5909
761 7000
4150 3210
3070 6962
3779 2803
5972 4529
123 8538
10101 5626
2710 820
9083 9727
9129 3759
7439 5385
782 729
5231 5461
5925 2946
7669 3250
1773 6649
2667 3470
7975 4012
767 809
5569 2605
4094 2966
3627 9893
40 6209
5041 9005
2066 6687
970 1443
7628 7009
9632 4904
7755 3336
7404 5985
5964 10296
7361 7017
2420 1266
4400 6078
1465 9484
1114 9043
4090 10275
2681 257
10198 6405
7117 6103
3178 3731
7319 8149
5723 5291
1192 4376
2828 10675
2859 3496
7311 8435
1466 7101
1885 2167
6794 2291
8320 7084
2604 4082
8946 4177
3356 908
4733 6046
10136 367
5914 9965
5297 2395
2652 554
4167 5598
3885 2614
6444 8744
5864 1514
8543 2522
10636 7069
3465 2732
9445 9056
10241 2981
2449 4034
4794 4111
1321 4074
7421 10103
8075 4878
4523 1711
442 9961
3025 7098
8464 5671
595 6719
4364 6089
6031 6350
1405 9783
4464 5225
7260 9588
9519 1189
9306 8519
2027 2526
734 8546
6372 2754
7363 2546
9925 6496
105 8324
3586 4247
6424 8072
230 2343
813 7316
8189 5165
934 4663
4363 4973
3182 7703
7517 1686
1186 6521
2070 7427
2839 4868
1168 88
6377 44
4138 3476
7413 7851
10203 8409
4957 2509
9629 537
7052 6494
2961 3656
3106 4467
9913 6783
5314 6007
9520 9383
4764 5091
4025 9391
493 7700
42 6523
2025 8194
8250 1036
10438 9556
2159 4547
8632 9953
9058 9684
247 3097
8308 7261
10690 7380
7530 5542
9515 10439
1141 6984
8609 2380
9 3186
2653 5533
6721 6826
4573 3836
9113 3395
263 914
2565 3898
2190 4976
8509 4462
10022 5353
8595 2235
1729 5830
6832 7953
8143 10221
3030 9122
3075 9525
1619 10597
378 504
8193 2970
5142 3154
10645 6600
935 72
5751 3729
9667 5200
5412 790
4586 4379
6581 6645
9189 1121
7509 6569
742 655
2506 955
8293 3609
3062 9572
5251 6893
2059 8556
30 6828
5367 10262
8023 4653
1072 6668
8864 2401
10088 5855
10670 6677
2379 10343
6967 8610
5023 1053
9190 6727
1238 6995
5205 6458
2873 4774
1123 1918
8198 4059
8129 1896
7686 250
5869 7544
10555 2208
10423 4607
10564 8087
2242 8137
9110 5815
5940 1091
726 9245
7409 7775
1853 9016
6700 4388
9293 8881
8666 1931
3134 9396
2047 2941
9371 5635
4180 9118
8525 4208
10131 4936
3058 6252
10186 9200
6236 5260
9143 4825
458 931
1635 9025
7850 4427
4525 205
3518 8291
6220 4346
8168 7045
3293 2281
5267 8483
5373 5021
9529 1211
5249 3203
3491 7351
528 10247
5417 392
1159 974
5884 7259
5772 7019
9262 3493
502 5612
7834 10376
5776 8948
7466 2852
7447 3661
9518 8025
1800 8118
6177 4602
9468 8807
7468 7983
7275 2175
10517 8917
5499 6311
1641 4055
3449 8380
1969 7218
4833 8160
9547 705
7246 7877
1340 8901
5643 4858
5109 8806
1974 5682
9006 6940
5010 3228
3818 4331
8407 9402
4334 3021
1434 8987
3974 2797
8338 6233
4654 9595
5617 4808
661 5022
7503 3597
4080 5491
5475 7519
2443 8753
3328 1056
9432 5012
10351 5126
2084 9680
308 2053
2073 6149
8513 8704
8120 4679
8138 8306
4639 9888
10003 3830
1769 2193
7684 5528
6356 771
5076 6939
2800 5403
7228 6074
8187 8905
9480 5834
1395 8540
1498 4429
9736 4854
10029 4994
3581 4450
9349 9883
10447 3271
1588 3981
4796 7174
6117 7346
2182 10444
1404 3226
1830 2205
5530 2572
5227 457
7721 8122
6506 9162
4268 1012
10683 8714
8051 7315
2724 885
3559 654
9568 3383
7451 4947
7745 3845
6639 8090
10047 3486
10190 5169
4143 1517
2482 5133
3425 7450
829 3214
8892 7986
3574 4918
8097 8682
7265 10064
4504 10703
7882 2312
100 6320
1511 310
6966 800
6022 481
2536 912
725 4079
1208 1728
4477 2120
6846 2938
8453 5047
8296 6537
6829 4006
1131 1862
5645 406
4952 2560
6187 2516
1397 7018
779 7992
8931 826
93 9018
9227 5193
7878 4455
1142 9475
989 4959
9342 2729
10146 6469
4051 4485
9244 5259
9773 10158
8922 252
7295 10441
4253 952
7014 3563
188 1547
6583 7334
7734 8475
5646 9847
3048 9141
10187 8298
8553 5894
9677 9094
9775 3777
2491 991
7298 2935
4394 7354
5416 8130
9587 2580
4962 6851
2816 7482
9908 7464
4029 4681
4673 5552
3174 7358
2892 5429
9329 1282
1079 1703
4584 6008
10293 7536
9920 8686
9159 7510
3428 9504
9246 743
10462 3412
8258 5191
3928 5490
8235 8663
3987 2796
3765 6690
7773 5662
1612 9722
8788 2573
1509 9733
5610 1869
1460 7922
7637 4497
1095 1999
6262 3610
4306 2511
1041 7571
8586 8957
2274 696
4342 4121
951 2561
6607 6892
9337 8257
3358 9479
3146 6951
8514 7639
6136 10620
2857 4033
1287 1085
9316 828
9805 6632
9760 4980
1959 7187
1241 3492
8818 8596
8070 4661
9581 5756
301 1651
251 9374
6586 2774
4992 1055
9631 9914
10346 10093
10048 2368
9486 796
4499 10038
5992 104
6585 10318
8121 4021
3826 2842
385 6169
10537 10213
8539 5125
5160 4108
8863 1361
611 3763
9464 3905
6091 8506
2216 4105
1811 7839
2794 4907
3488 6830
987 4148
240 10319
9803 6937
9108 8098
1520 7111
7526 8177
5434 5634
1920 5755
2448 5840
8784 256
10087 2237
3300 4142
3068 521
1216 3749
7398 4125
9298 4700
6029 9356
3612 7505
10721 6376
5206 9726
7405 4355
1890 5919
5673 5221
5633 532
2260 2730
8364 1824
8165 246
4093 8133
1910 3446
6380 10563
97 8017
1695 4596
2288 686
1554 9966
5393 1359
7797 2827
6478 5632
2789 5425
5030 10476
10405 8042
5248 2894
5044 3391
1435 8223
10114 1984
6730 4551
46 10082
7602 1594
8460 8650
1995 1946
6945 6123
5422 6071
6242 2342
10095 194
4403 286
6781 4932
8074 8455
10679 4928
4007 8119
994 3533
2320 10244
10018 8510
4325 8135
4814 10710
5421 1782
7085 5789
10466 3883
5768 7534
10013 3650
8038 2949
4472 765
6152 8303
6624 4570
1702 2787
8599 2331
3978 7251
8658 9807
7362 5655
10154 3188
58 3920
10436 7864
1298 1046
6683 3366
711 4387
10178 9268
9138 1173
7381 8211
7876 3810
9000 7540
3125 8522
10144 8466
6413 222
4122 6470
112 8502
4092 7867
3686 6198
5264 4013
2735 6708
3458 3274
4287 4949
2920 1541
9759 9086
5516 3758
9026 1391
4318 6576
9974 9904
4294 8344
6930 9339
1133 2037
2054 9377
9522 1182
7751 2494
9899 2333
3600 8414
8951 7301
8844 1576
10434 842
125 7858
9558 2741
5936 2321
1892 5481
4232 4775
4557 2295
9326 9008
354 3737
7925 7028
4160 10565
867 98
9720 1685
3513 9822
2670 3957
8229 2875
8342 3646
8462 8330
9552 9789
5711 231
2071 5379
5832 5580
3123 6750
5881 5726
4767 3163
884 8313
5043 5568
7561 7541
7698 10016
3400 8812
10642 3227
5370 2898
21 3636
6610 3301
3741 109
5695 522
9702 497
1313 1625
643 1637
4583 9786
8908 10113
926 4460
5470 5744
3585 819
1139 944
3461 2844
7190 4696
8217 10233
3279 427
6479 8263
2285 10081
9988 7100
3046 5492
202 2967
4784 9573
2795 3714
2558 10175
16 71
6130 7212
4353 2024
3344 3975
3078 4552
7497 2649
7353 7984
8307 8782
10312 2454
6773 5255
8268 6975
10688 6608
1705 6195
1644 1413
1086 490
3246 5743
3899 7003
7784 3386
8093 2245
598 10140
9154 6445
2538 4581
9853 4773
9147 1452
2499 1841
9907 5656
4053 5693
9312 4207
9424 3077
3051 9841
10106 1075
1762 9163
628 6237
1917 4317
4047 8925
10549 4969
7981 1965
687 5854
5506 1598
4474 774
7179 4934
8304 7542
7522 9973
7418 9768
2196 9810
10123 730
1005 10141
1874 1926
3692 3438
10700 10660
6157 6328
3375 5653
336 5571
2780 3288
7474 2562
2113 5232
5027 5619
9693 7434
6890 9444
2698 9932
9459 1597
6872 4966
7893 3703
7143 669
2528 1734
9620 2461
2357 9862
6352 8848
9623 7483
1772 6060
7392 6561
10568 4185
9392 10548
4680 4772
8300 3282
1314 83
7215 9579
5480 1137
4884 7977
9469 2616
3215 9049
92 6626
6547 3137
2577 3170
7185 8145
5051 10177
6085 978
4591 7911
8639 7343
6053 1476
82 3931
8964 3361
8662 6899
8205 792
3955 3705
4040 6844
2236 3471
7825 4465
116 2067
1356 6735
7903 8411
4845 128
6598 4816
8019 9614
4665 6643
7056 2150
2459 7547
3812 3824
4527 145
3189 3840
10463 8518
5197 5029
5184 270
4397 2057
6743 3787
4256 8675
7934 10314
8384 10709
10528 2765
2642 5576
3148 0
9613 4885
5290 2848
1412 5978
9815 32
6274 5350
7815 8383
45 6562
9656 9661
1964 4361
3821 4694
2904 5958
7030 1390
6774 3221
8476 5423
476 6429
9762 2975
8008 5162
7205 5907
4713 10260
1305 8800
3101 9546
8390 5630
9991 4655
3664 1669
3103 3770
5147 746
291 9466
10166 7594
5858 6762
5897 818
5585 4360
7327 5282
7929 612
7074 980
2564 9933
6941 7486
5675 2850
6955 4541
3700 7723
6043 3242
5164 361
3494 8785
6185 8668
6602 70
414 6483
6865 2514
7322 441
3685 4398
670 338
4977 3662
8733 368
5953 4871
7099 10377
3313 6241
10162 459
4408 9511
2590 6657
2927 5008
7771 9253
1938 6296
1962 3587
8645 766
6842 2297
1162 1003
1153 9967
2882 9985
6856 1350
7828 5222
9954 9503
6399 304
9909 875
7966 335
969 6802
3982 776
337 4008
5609 7971
4689 8434
5774 2286
10124 1424
1665 895
8386 1143
6918 10075
8866 4545
2503 9895
9731 33
1693 8267
3951 10243
10483 4553
9485 8127
7738 7080
6417 5927
7116 3856
10569 9589
6511 2359
2180 5988
8820 4433
6841 8526
9534 8055
1051 7086
3124 7138
3484 4735
1111 1251
8170 568
681 6436
8367 1339
8557 2976
4853 8826
8276 8533
10492 5512
6896 99
3901 9208
5016 2049
9192 4855
517 9127
9063 3107
7661 7595
1229 8643
1663 1157
3305 7946
9017 8315
9905 3691
8277 384
3195 3211
3142 10371
7445 552
7114 7336
10619 6862
151 2889
1933 7528
2945 7690
5820 3994
244 5525
8227 5510
9903 4470
7410 7415
6782 9057
10051 5054
9619 4688
2480 5137
3084 6997
3270 9375
1540 9090
7044 6751
4292 1744
8175 7366
6974 3420
6666 3489
5486 7416
10720 10397
674 2090
1749 9885
10321 9820
2722 916
313 10646
5748 9958
9458 3183
6280 4383
8001 6999
6338 7223
6825 3748
9315 2719
7579 6324
7657 5715
10369 6903
9699 3191
4704 6108
2586 10021
8671 7962
2226 976
3701 8972
1934 3481
5663 6168
5868 10643
4571 1172
8024 4371
1109 7575
207 3923
8231 4405
9669 3230
5623 9850
7759 8849
6889 6121
2863 1963
4505 3540
4902 10227
2694 1496
2233 3809
1748 5791
7355 220
6283 7224
9890 259
10335 6418
9737 1879
3595 1914
4473 4991
3194 9826
3394 2666
69 7147
3660 1386
753 5956
5923 509
4248 9276
10041 6860
6263 805
4757 2637
605 10410
342 6512
6669 1042
8971 5238
1764 3443
6771 7800
8294 10511
3019 8002
10702 7406
8254 5616
4805 8157
5770 2974
4888 4935
6273 4374
7564 3900
8371 3799
8329 1659
89 1720
3268 9879
4088 3949
9767 10327
1294 1419
10697 8978
1322 3417
10481 8626
9748 465
5279 7201
6441 7326
10603 3460
3339 990
6192 8857
8620 8875
8222 536
6714 355
8398 248
5143 10512
3887 356
6831 772
892 5083
1778 7577
6191 8865
3187 8255
1430 87
5811 6711
2963 1043
9084 7441
1196 1519
5873 5474
4373 2478
8554 9880
5674 2264
3919 4511
10378 5242
9165 4795
7889 1758
3865 8894
4335 4535
610 5168
1008 9482
9878 1740
2791 7202
4136 6563
8224 9964
6246 791
5836 8335
10325 6048
692 5381
6749 3405
9835 6289
7189 2501
1829 7930
6706 966
9176 648
9870 5049
5600 8147
9627 2139
7673 9491
3988 2825
1482 4134
84 2202
164 4158
2707 5150
924 3687
1556 8153
5424 2919
3795 5123
2082 1846
2943 682
9373 2996
2692 9900
4225 8319
9082 1954
983 9766
5579 10255
9404 484
1501 1497
6097 833
8986 3907
768 6143
9230 7674
8829 2688
196 5948
7581 4441
9763 7603
8471 9776
4475 4651
5276 6066
5967 2517
8166 3916
4594 6991
4706 8454
7393 7293
10214 4170
3529 4564
8199 1533
176 3041
5856 890
9450 6620
1227 900
7687 594
1262 4319
10290 1349
7854 182
6589 7386
4834 1260
3566 10435
6308 8792
6911 102
9689 4115
3789 8106
6525 3698
8458 8915
4350 9255
9425 10168
3517 10339
4302 2799
3778 404
3466 6732
8425 31
6201 7937
5798 576
4284 1587
3338 928
5818 6039
9989 4887
6076 1030
2664 5734
3290 9120
3599 391
9299 1146
7576 10254
1491 344
7525 1927
8555 1071
525 4107
7435 7833
7806 1392
3534 2427
3157 8772
1163 10189
8508 7245
4761 4635
1902 3811
8426 2388
1871 7650
2042 1907
2103 3842
1064 2462
9051 486
7795 7791
3477 1074
10573 37
3208 9365
10211 7568
5878 8261
6364 8636
3912 2989
3917 5140
7211 3378
4206 543
5523 3963
8885 6072
5943 7883
816 8381
7958 10590
4003 4272
9864 7150
2819 7454
10450 8422
467 4078
8847 8642
10334 4273
4301 3782
4154 3224
1661 10669
8795 4606
6871 4645
7087 9442
9310 9793
4945 8457
5599 573
10070 5454
4770 1958
4674 6805
5374 1034
9495 9309
3922 8900
4261 4052
86 8678
6410 501
9971 9220
2817 166
10516 1513
4041 5959
8391 6695
5780 1936
3814 4988
4574 1827
1134 6798
7927 2162
9478 719
5352 7781
3152 5237
8299 9149
575 8954
10430 5667
2221 9610
8741 10258
8886 1324
10682 7659
9201 827
7090 603
7472 6529
1387 10058
6498 8836
219 4822
4754 7395
6163 4438
1799 9560
4536 2679
6401 107
6502 5190
9607 426
10493 7891
2254 430
10329 5762
891 4369
5295 9886
7832 2747
7856 4424
3098 8531
9636 6509
1674 7066
8085 599
6943 3514
6571 4520
5479 10418
7159 2495
6109 4309
8899 1006
664 2179
2579 7139
9112 4804
6859 7916
804 1670
6058 8803
5784 2870
10096 1352
10685 3717
4459 3807
6515 9101
6219 7079
4022 1983
7470 10390
8828 4886
2400 2992
3033 10200
402 1346
7873 1530
10169 6488
1699 9184
143 9734
2077 1060
3854 2600
7412 1682
156 1468
6593 10662
9117 574
6925 5218
802 94
5453 7146
3991 6323
9197 4104
5875 6968
6396 6976
5437 1712
7475 7106
8100 7899
10391 1048
6329 3122
10037 7121
943 7830
3459 3231
556 6891
1190 4714
4675 2460
8928 6686
2951 9897
5128 9993
2128 9075
5763 7970
6110 8079
5442 1596
9527 1563
6291 4011
163 6061
4372 10684
475 1366
10630 10559
1837 2231
4406 4347
3005 6443
10380 4426
2325 8009
4802 8246
4585 334
6379 2423
3844 6205
10050 7448
10079 4830
10278 2512
6745 5587
8140 10235
9901 4117
10284 3381
2845 323
3819 492
4066 6102
747 3532
5880 5204
10320 5211
8465 7195
7756 9213
7701 9955
2930 9440
984 5754
7731 3911
5991 10135
2383 5447
1794 7033
3448 1856
1507 1524
10282 103
5046 8748
506 8614
9625 8406
3173 9858
3332 1358
717 4061
2767 1600
3764 5999
6189 6269
3684 495
10442 4215
998 3785
10648 6723
1996 5261
9540 8793
6627 10301
1306 6211
6949 3792
6207 9203
667 5148
3467 9809
4228 10264
5310 8110
3976 1220
1966 8959
6857 7535
6318 1930
9222 4100
1994 578
7968 7244
3538 849
9119 8179
6015 8336
6901 9095
7328 4260
9476 6385
10497 1555
4780 1882
9599 9331
1678 3478
7443 7886
10236 6056
9512 8204
3702 290
10532 8368
5478 5922
9071 49
10432 5060
10402 10012
7433 4530
7037 3403
4446 9426
8337 7642
3864 10629
7823 10225
7377 10036
3843 4610
7064 10151
5786 6992
2107 431
6838 2884
7656 7145
8814 10422
5761 9291
1259 7320
7664 883
6411 7910
350 2574
6362 10652
5900 3706
10455 10306
1223 3017
3556 6216
8064 5349
6724 2811
6633 4972
4692 1624
8403 8603
6164 1911
409 5795
9042 7110
3001 3099
8779 4009
10026 8982
6321 1050
4241 658
5360 6036
2068 4534
19 8498
8280 10653
2720 3015
9608 1865
6172 6641
1505 5532
2909 8045
8116 4521
1500 4835
7285 264
1148 10452
1270 1421
10281 3747
5913 1792
9140 8667
9314 5902
9836 9891
7549 8600
6384 5688
2661 9601
898 9433
7151 8966
3119 9771
9683 1870
6016 10011
9449 10157
2218 8996
6400 3674
9139 7904
1795 9171
5931 6518
10574 5559
3206 3682
3596 4365
85 7608
2408 5750
1416 1672
2148 4479
9542 4593
5072 2397
4891 9032
8566 2349
7798 1494
10272 2483
7109 9637
1847 7583
4707 6489
4644 4763
2035 3295
6670 7359
7565 6206
8456 4500
3835 10217
9551 10584
4831 10161
3918 6018
665 5567
10361 6961
5332 10425
8769 7938
332 282
5444 9526
5775 9911
3360 5306
4616 1634
4145 1330
4064 9048
9035 8749
3711 6916
3553 10539
7403 714
7096 886
9721 6012
1336 2831
8082 9037
2929 6661
5698 8592
3510 7842
8078 9502
860 8821
8423 4445
4219 7323
1025 8011
10659 4817
8314 6590
5079 589
2213 6407
3713 3439
8654 6088
8991 4171
8648 5731
3118 4187
9158 949
9389 6142
5228 7746
2550 438
1866 6204
2690 455
273 3153
8014 5564
752 6757
4672 2656
1780 2106
3679 1408
6747 9211
408 4752
8932 1383
1138 7004
3414 2072
6248 1726
9688 4626
10525 262
7162 8726
111 4791
4867 1723
1176 1212
7559 7304
10205 8327
1093 2687
7314 2878
23 8326
4349 8440
5955 1552
6055 5719
7998 666
5368 1961
3437 6463
9150 2123
3100 5928
1842 1304
6664 4166
5935 3159
1264 8444
9210 3608
5226 1206
8186 390
5167 9346
9340 6971
7495 9394
1664 139
7136 8846
3567 1715
9455 6340
2055 5514
8815 7255
2413 9639
5508 1226
10349 7546
2847 5706
8597 5952
7457 8214
5213 243
43 9711
2706 377
3530 289
1014 8415
2942 840
7586 4468
3359 7279
10324 675
7504 1331
3389 8647
4705 4896
3696 1116
6019 7533
2330 6249
4684 5209
3411 5473
9710 8184
2239 3234
7647 4471
160 6680
1027 8719
7604 2434
614 3756
2293 7597
7567 4164
4944 8095
6223 861
6728 6546
7511 7641
5983 8469
2065 562
9386 4916
6726 1713
5175 9249
7048 1867
9153 5273
5033 5824
