18 19 20 21 22 23 24 25 26 27 28 29
18 19 20 21 22 23 24 25 26 30 31 32
18 19 20 21 22 23 24 25 26 33 34 35
18 19 20 21 22 23 24 25 26 36 37 38
18 19 20 21 22 23 27 28 29 30 31 32
18 19 20 21 22 23 27 28 29 33 34 35
18 19 20 21 22 23 27 28 29 36 37 38
18 19 20 21 22 23 30 31 32 33 34 35
18 19 20 21 22 23 30 31 32 36 37 38
18 19 20 21 22 23 33 34 35 36 37 38
18 19 20 24 25 26 27 28 29 30 31 32
18 19 20 24 25 26 27 28 29 33 34 35
18 19 20 24 25 26 27 28 29 36 37 38
18 19 20 24 25 26 30 31 32 33 34 35
18 19 20 24 25 26 30 31 32 36 37 38
18 19 20 24 25 26 33 34 35 36 37 38
18 19 20 27 28 29 30 31 32 33 34 35
18 19 20 27 28 29 30 31 32 36 37 38
18 19 20 27 28 29 33 34 35 36 37 38
18 19 20 30 31 32 33 34 35 36 37 38
21 22 23 24 25 26 27 28 29 30 31 32
21 22 23 24 25 26 27 28 29 33 34 35
21 22 23 24 25 26 27 28 29 36 37 38
21 22 23 24 25 26 30 31 32 33 34 35
21 22 23 24 25 26 30 31 32 36 37 38
21 22 23 24 25 26 33 34 35 36 37 38
21 22 23 27 28 29 30 31 32 33 34 35
21 22 23 27 28 29 30 31 32 36 37 38
21 22 23 27 28 29 33 34 35 36 37 38
21 22 23 30 31 32 33 34 35 36 37 38
24 25 26 27 28 29 30 31 32 33 34 35
24 25 26 27 28 29 30 31 32 36 37 38
24 25 26 27 28 29 33 34 35 36 37 38
24 25 26 30 31 32 33 34 35 36 37 38
27 28 29 30 31 32 33 34 35 36 37 38
0 1 2 3 4 5 6 7 8 9 10 11
0 1 2 3 4 5 6 7 8 12 13 14
0 1 2 3 4 5 6 7 8 15 16 17
0 1 2 3 4 5 9 10 11 12 13 14
0 1 2 3 4 5 9 10 11 15 16 17
0 1 2 3 4 5 12 13 14 15 16 17
0 1 2 6 7 8 9 10 11 12 13 14
0 1 2 6 7 8 9 10 11 15 16 17
0 1 2 6 7 8 12 13 14 15 16 17
0 1 2 9 10 11 12 13 14 15 16 17
3 4 5 6 7 8 9 10 11 12 13 14
3 4 5 6 7 8 9 10 11 15 16 17
3 4 5 6 7 8 12 13 14 15 16 17
3 4 5 9 10 11 12 13 14 15 16 17
6 7 8 9 10 11 12 13 14 15 16 17
