20 21 22 23 24 25 26 27 28 29 30 31
20 21 22 23 24 25 26 27 28 29 30 32
20 21 22 23 24 25 26 27 28 29 31 32
20 21 22 23 24 25 26 27 28 30 31 32
20 21 22 23 24 25 26 27 29 30 31 32
20 21 22 23 24 25 26 28 29 30 31 32
20 21 22 23 24 25 27 28 29 30 31 32
20 21 22 23 24 26 27 28 29 30 31 32
20 21 22 23 25 26 27 28 29 30 31 32
20 21 22 24 25 26 27 28 29 30 31 32
20 21 23 24 25 26 27 28 29 30 31 32
20 22 23 24 25 26 27 28 29 30 31 32
21 22 23 24 25 26 27 28 29 30 31 32
0 1 2 3 4 5 6 7 8 9 10 11
0 1 2 3 4 5 6 7 12 13 14 15
0 1 2 3 4 5 6 7 16 17 18 19
0 1 2 3 8 9 10 11 12 13 14 15
0 1 2 3 8 9 10 11 16 17 18 19
0 1 2 3 12 13 14 15 16 17 18 19
4 5 6 7 8 9 10 11 12 13 14 15
4 5 6 7 8 9 10 11 16 17 18 19
4 5 6 7 12 13 14 15 16 17 18 19
8 9 10 11 12 13 14 15 16 17 18 19
