101
75 105
82 136
28 36
24 118
9 143
39 149
78 2
60 160
67 155
121 26
35 99
16 108
85 138
148 126
179 171
95 33
6 198
25 94
192 151
191 5
41 132
113 74
187 167
98 31
111 122
87 66
81 13
1 127
101 37
125 83
77 157
49 88
57 93
89 90
168 166
152 123
163 97
141 30
124 14
112 53
133 100
190 162
110 142
70 45
59 131
116 44
186 128
176 183
172 175
80 170
61 107
137 181
76 184
12 178
18 185
51 42
91 180
73 150
174 145
104 130
3 199
72 64
43 38
169 7
165 153
11 92
177 27
15 117
135 8
197 156
22 62
140 56
134 109
19 159
40 161
29 68
71 17
47 182
79 146
144 158
106 34
164 147
103 50
10 139
0 23
188 65
102 194
32 86
52 119
114 58
4 96
154 200
115 195
84 173
63 20
196 129
120 193
21 55
69 54
189 46
201 48
