99
84 23 21
97 21 168
34 168 57
32 57 130
59 130 119
88 119 171
14 171 44
45 44 107
50 107 162
41 162 33
15 33 128
46 128 37
28 37 122
24 122 112
39 112 170
49 170 143
4 143 12
53 12 45
43 45 153
64 153 58
89 58 109
72 109 89
33 89 133
40 133 123
35 123 71
76 71 4
90 4 127
27 127 20
94 20 160
7 160 163
36 163 126
13 126 75
0 75 118
3 118 199
60 199 18
54 18 38
62 38 180
56 180 132
20 132 182
77 182 176
47 176 40
74 40 62
70 62 201
100 201 175
48 175 51
55 51 181
51 181 86
87 86 191
19 191 16
11 16 115
92 115 28
2 28 187
22 187 56
71 56 83
29 83 98
23 98 192
18 192 72
61 72 159
73 159 2
6 2 145
58 145 49
31 49 135
68 135 13
26 13 142
42 142 113
21 113 149
5 149 184
52 184 147
81 147 59
44 59 92
65 92 10
83 10 84
93 84 50
82 50 120
96 120 30
37 30 82
1 82 87
25 87 157
30 157 146
78 146 144
79 144 65
85 65 35
10 35 124
38 124 7
63 7 54
98 54 154
91 154 23
16 198 15
67 15 106
80 106 189
99 189 177
66 177 196
95 196 94
17 94 198
9 121 197
69 197 67
8 67 68
75 68 194
86 194 121
