618
545 99
782 935
975 986
35 981
256 393
347 46
221 435
802 1050
85 333
840 772
66 972
824 366
297 222
205 1225
580 74
193 641
1172 164
658 236
1123 1231
470 1030
140 914
1210 707
994 1062
486 441
89 1158
901 440
158 217
1010 945
120 699
413 1017
180 493
898 1078
240 767
1160 173
625 936
239 535
721 587
186 511
132 334
1040 882
953 437
855 102
65 298
851 956
258 410
1072 1148
1219 1128
706 744
654 533
253 475
283 18
506 996
305 318
670 1074
1035 1090
732 75
681 620
146 807
766 926
473 223
519 991
301 1079
87 820
77 281
424 621
1157 404
1054 586
453 264
989 104
427 1046
679 722
249 1033
664 978
22 859
1143 1131
414 498
742 980
1169 524
553 1043
330 204
307 1159
446 912
220 215
629 5
656 710
1029 1112
1217 701
109 219
175 690
512 148
729 303
1132 304
479 1196
867 50
879 812
514 653
216 674
894 831
481 1014
724 195
338 698
830 937
719 325
360 188
88 716
1011 61
595 597
626 608
1193 241
1036 1027
922 302
20 896
63 717
1182 308
33 783
200 90
750 1140
826 402
116 542
319 682
559 671
1068 589
43 864
555 863
1153 357
966 809
549 1180
530 954
382 547
335 174
428 520
1103 62
412 47
569 10
368 967
1024 1205
619 228
970 510
746 244
339 875
780 460
862 2
1092 344
356 1058
817 367
354 845
852 292
993 133
1226 752
49 97
1055 1166
314 1175
574 960
929 206
686 350
644 269
1186 529
398 1134
793 309
462 165
290 623
997 765
395 1117
370 411
55 873
718 673
1125 187
611 278
141 1201
610 1016
748 1071
160 578
523 1039
1073 439
636 161
351 884
680 919
162 467
458 870
399 1023
214 777
266 189
579 800
598 142
324 908
110 1100
1106 478
1133 854
805 691
1146 457
770 434
566 100
1034 373
436 179
229 1077
803 3
995 1235
207 756
56 1007
144 328
456 775
515 582
1191 727
796 421
751 522
976 272
371 794
295 372
1022 197
1006 1063
185 892
785 152
138 647
199 818
776 567
147 118
1223 1082
25 1020
139 1088
1056 1163
505 563
117 135
1167 1067
365 757
169 880
921 331
257 1199
40 349
878 499
114 127
224 723
592 69
1109 279
381 708
1192 288
599 968
311 632
946 876
1209 1081
652 1107
949 1165
242 430
1233 969
971 343
68 1221
389 86
568 271
531 252
119 1094
638 850
1057 725
1066 191
72 1111
181 791
282 633
745 1195
584 1151
1065 521
28 1114
1049 823
6 163
48 407
468 795
759 504
714 111
853 156
798 251
918 231
1185 703
526 635
387 44
1104 715
83 1187
508 38
1120 91
556 388
1002 544
503 36
465 320
909 615
819 842
274 60
614 534
1200 1162
323 265
1116 900
1126 930
829 361
907 1015
184 23
940 938
1203 1110
760 957
487 697
326 528
342 1227
865 416
202 1038
1052 651
157 815
364 951
313 37
432 843
832 93
81 358
662 260
992 728
454 24
1005 345
571 211
363 910
76 1099
495 1122
1000 80
190 194
573 34
1129 585
694 816
858 95
518 982
600 235
920 1001
1149 984
827 693
405 605
1031 660
1137 655
1208 296
959 974
300 151
933 755
1095 998
872 113
601 29
1188 685
57 856
973 1189
447 409
247 1097
1173 1102
886 874
502 336
455 955
42 448
476 386
459 897
913 384
126 848
346 1091
1155 939
54 443
1228 688
480 355
731 285
287 159
275 1
640 903
683 648
352 1060
561 844
170 509
603 466
737 378
196 952
64 426
988 1136
622 353
771 1044
624 734
84 1212
1045 668
709 778
1174 327
198 618
500 497
1069 306
689 154
4 631
1003 964
792 961
934 1059
31 1204
546 733
609 590
1190 226
415 628
289 39
711 484
124 768
15 538
73 630
928 103
1130 262
145 695
71 905
1207 375
1215 808
390 942
45 92
130 837
1018 1025
232 617
483 245
591 552
899 1096
738 540
445 391
846 885
337 548
322 234
79 1150
754 263
208 1047
576 1108
1145 122
525 557
101 659
112 888
108 665
890 286
172 155
7 312
570 1021
649 423
1041 150
1009 604
861 137
250 787
26 581
562 461
213 11
692 700
1012 669
115 168
1202 0
227 977
246 58
1064 1194
769 963
532 433
917 634
19 1156
255 923
839 904
463 726
931 1224
577 1198
16 233
1216 784
422 259
243 106
212 736
672 248
429 1154
1127 983
1004 82
489 134
1051 1142
143 316
786 280
781 401
1101 105
488 583
527 616
123 740
1184 442
564 779
1179 1183
932 1115
811 814
9 471
182 397
41 167
720 747
833 869
474 704
472 1161
1211 230
1098 516
400 804
1086 1087
238 593
1147 806
1093 136
477 849
789 178
774 21
822 452
987 1119
1138 893
1170 317
78 210
425 661
650 1080
666 594
94 663
645 575
203 958
979 799
270 712
27 539
1053 1222
490 1181
925 1075
1177 1234
947 70
201 801
513 383
1232 51
315 1113
572 687
129 1028
419 340
444 596
838 554
1026 277
924 438
558 1089
406 883
1008 637
887 171
543 705
1076 8
749 329
1084 536
639 1118
192 836
906 1176
1213 166
667 627
895 1164
835 881
675 267
1124 1135
877 797
944 965
696 713
1042 1178
550 107
254 1019
183 758
121 871
469 369
588 927
380 177
657 408
450 128
612 943
507 261
59 646
392 1171
684 1105
607 1061
451 376
813 377
1141 30
32 911
1037 225
1144 1139
763 294
394 149
537 1013
643 485
417 941
362 1206
1085 739
17 517
764 98
790 762
492 866
359 847
642 565
310 396
237 602
1214 676
418 678
828 291
449 13
1032 403
1152 1168
176 950
1197 868
743 735
464 985
284 1230
53 889
999 496
96 834
606 788
551 321
1070 825
125 276
810 491
821 67
1083 916
753 1220
341 860
332 385
560 273
153 915
268 1229
131 948
773 891
420 431
962 541
299 741
857 613
990 14
730 52
374 1048
379 293
12 348
482 209
1218 494
1121 501
702 218
677 902
841 761
