614
434 1202 455
342 455 736
451 736 243
450 243 349
227 349 415
385 415 1063
209 1063 685
334 685 503
277 503 419
512 419 115
433 115 287
354 287 296
327 296 483
402 483 210
491 210 377
554 377 878
228 878 1192
234 1192 167
472 167 414
75 414 1193
108 1193 214
180 214 914
20 914 315
509 315 578
171 578 295
207 295 83
272 83 504
263 504 932
468 932 576
413 576 583
462 583 1203
291 1203 581
428 581 429
453 429 537
561 537 678
575 678 37
301 37 142
183 142 1093
483 1093 319
119 319 1009
425 1009 1087
480 1087 605
324 605 50
93 50 824
11 824 89
24 89 533
48 533 1037
557 1037 230
477 230 480
352 480 100
191 100 1125
166 1125 268
600 268 462
159 462 290
160 290 1068
121 1068 1102
339 1102 518
319 518 709
371 709 913
346 913 71
394 71 786
459 786 175
88 175 1001
321 1001 771
367 771 647
212 647 317
490 317 521
257 521 626
107 626 1083
594 1083 775
200 775 1235
196 1235 696
536 696 978
72 978 1027
109 1027 655
326 655 554
514 554 853
265 853 299
605 299 950
580 950 279
232 279 582
201 582 1176
527 1176 785
211 785 303
90 303 962
604 962 1150
410 1150 376
553 376 4
377 4 1060
358 1060 103
391 103 763
559 763 161
174 161 1055
150 1055 525
415 525 1134
157 1134 57
335 57 835
531 835 810
592 810 1200
283 1200 529
156 529 505
220 505 1128
46 1128 472
476 472 530
127 530 737
362 737 77
63 77 174
129 174 120
28 120 992
306 992 963
438 963 922
110 922 153
599 153 776
214 776 1124
533 1124 556
275 556 67
593 67 870
178 870 1233
242 1233 722
70 722 1012
432 1012 1022
208 1022 258
44 258 45
398 45 363
310 363 781
460 781 54
350 54 12
611 12 107
538 107 1141
555 1141 425
492 425 1030
19 1030 1221
244 1221 387
270 387 411
163 411 85
8 85 122
414 122 546
382 546 958
497 958 252
247 252 1160
33 1160 282
254 282 1058
143 1058 99
0 99 1146
189 1146 1234
504 1234 514
95 514 1038
297 1038 253
49 253 1216
448 1216 907
288 907 676
574 676 477
484 477 842
280 842 872
332 872 342
295 342 464
583 464 706
47 706 947
505 947 385
597 385 123
464 123 951
300 951 91
274 91 571
309 571 244
138 244 945
27 945 681
56 681 1071
170 1071 943
547 943 1079
61 1079 154
376 154 1002
276 1002 1147
482 1147 885
407 885 845
145 845 101
416 101 1032
578 1032 52
608 52 961
379 961 899
404 899 595
106 595 1094
248 1094 336
341 336 1189
336 1189 718
165 718 1018
400 1018 666
494 666 1097
338 1097 208
412 208 644
155 644 186
37 186 1180
126 1180 1142
457 1142 640
356 640 788
588 788 1085
565 1085 952
363 952 259
449 259 33
114 33 908
184 908 131
601 131 743
582 743 956
43 956 840
9 840 919
176 919 1011
105 1011 394
560 394 306
375 306 622
366 622 102
41 102 836
526 836 263
411 263 937
101 937 861
426 861 318
52 318 150
424 150 650
493 650 611
167 611 177
544 177 75
55 75 959
328 959 717
112 717 392
550 392 520
130 520 27
500 27 1152
579 1152 523
172 523 652
239 652 584
256 584 540
405 540 953
40 953 18
50 18 172
420 172 300
329 300 304
91 304 559
120 559 1020
217 1020 430
241 430 213
430 213 444
513 444 1095
331 1095 693
323 693 864
122 864 412
132 412 408
545 408 1034
192 1034 82
455 82 687
510 687 1119
488 1119 704
475 704 1217
86 1217 990
607 990 441
23 441 1205
135 1205 667
529 667 1064
437 1064 497
374 497 1191
202 1191 964
378 964 688
351 688 463
444 463 965
535 965 747
473 747 971
243 971 112
417 112 803
195 803 452
487 452 869
474 869 858
318 858 360
103 360 267
532 267 1016
169 1016 1081
238 1081 482
612 482 246
436 246 397
471 397 273
598 273 1131
74 1131 548
408 548 118
215 118 308
113 308 509
360 509 285
353 285 960
152 960 1117
162 1117 60
281 60 181
253 181 900
285 900 575
496 575 1046
69 1046 28
258 28 577
446 577 493
30 493 275
355 275 454
307 454 431
603 431 35
3 35 710
84 710 1035
54 1035 601
333 601 426
364 426 391
406 391 10
133 10 1122
312 1122 1196
92 1196 1212
369 1212 371
206 371 897
345 897 1232
508 1232 404
65 404 534
282 534 1077
194 1077 226
384 226 501
614 501 570
422 570 670
53 670 617
401 617 223
59 223 1218
613 1218 1197
581 1197 823
259 823 642
571 642 1126
286 1126 761
617 761 850
249 850 1053
501 1053 469
542 469 86
245 86 66
10 66 719
102 719 130
399 130 854
187 854 558
517 558 602
573 602 218
615 218 989
68 989 351
175 351 807
57 807 309
158 309 898
31 898 613
606 613 834
587 834 359
570 359 844
359 844 1130
392 1130 193
15 193 1050
7 1050 889
585 889 402
117 402 865
296 865 39
386 39 166
528 166 478
186 478 585
316 585 562
429 562 1230
584 1230 171
520 171 804
479 804 55
164 55 818
213 818 256
4 256 62
131 62 588
543 588 764
567 764 357
124 357 538
389 538 440
25 440 790
568 790 929
153 929 249
71 249 658
17 658 219
87 219 346
348 346 600
320 600 220
82 220 240
32 240 924
516 924 17
566 17 1174
372 1174 128
546 128 5
83 5 1062
22 1062 697
293 697 1204
381 1204 424
64 424 1070
590 1070 866
569 866 1199
226 1199 198
373 198 1073
173 1073 16
447 16 222
12 222 158
26 158 238
481 238 1098
478 1098 1175
151 1175 141
168 141 490
502 490 510
137 510 721
36 721 1104
271 1104 976
205 976 183
540 183 933
330 933 936
34 936 1066
251 1066 264
67 264 2
141 2 829
287 829 94
495 94 1028
511 1028 326
294 326 1163
219 1163 635
269 635 1165
240 1165 742
76 742 711
387 711 1207
395 1207 80
313 80 691
188 691 886
340 886 817
144 817 88
104 88 975
2 975 705
521 705 1148
45 1148 619
136 619 227
435 227 714
264 714 344
142 344 599
235 599 723
230 723 231
267 231 773
602 773 800
182 800 1112
85 1112 662
305 662 195
99 195 967
134 967 87
62 87 871
541 871 334
38 334 323
284 323 190
314 190 261
548 261 1184
465 1184 13
577 13 6
260 6 292
146 292 839
443 839 787
427 787 205
13 205 466
361 466 1088
218 1088 316
458 316 312
421 312 448
343 448 413
29 413 674
96 674 239
35 239 1156
441 1156 436
193 436 276
591 276 330
79 330 251
266 251 893
489 893 553
78 553 648
357 648 1008
519 1008 1054
66 1054 1105
551 1105 1007
198 1007 399
179 399 668
370 668 646
549 646 396
572 396 145
393 145 996
51 996 1185
268 1185 988
365 988 555
123 555 828
576 828 164
16 164 519
60 519 700
431 700 999
586 999 1195
255 1195 946
237 946 815
299 815 298
42 298 390
397 390 749
523 749 126
347 126 843
302 843 23
289 23 271
246 271 1123
18 1123 460
140 460 911
556 911 423
423 423 1042
537 1042 513
507 513 72
252 72 580
14 580 381
233 381 983
454 983 564
466 564 912
81 912 9
470 9 1220
595 1220 938
290 938 751
204 751 1169
77 1169 1167
222 1167 624
368 624 957
292 957 931
445 931 467
177 467 293
610 293 76
311 76 592
231 592 386
344 386 1215
396 1215 883
518 883 49
149 49 358
304 358 374
609 374 643
562 643 1206
564 1206 93
303 93 859
73 859 433
439 433 1159
80 1159 148
89 148 1179
467 1179 508
273 508 417
563 417 750
116 750 551
589 551 134
456 134 1202
522 1076 447
337 447 46
5 46 108
418 108 1026
515 1026 178
485 178 902
616 902 1014
98 1014 1210
21 1210 984
322 984 542
118 542 339
139 339 816
317 816 997
161 997 926
58 926 925
503 925 616
463 616 1164
530 1164 796
203 796 34
315 34 1118
525 1118 1052
298 1052 1040
39 1040 809
125 809 725
250 725 634
440 634 774
486 774 434
190 434 921
225 921 124
388 124 923
442 923 200
115 200 365
223 365 934
380 934 632
236 632 144
199 144 127
229 127 341
596 341 831
97 831 797
534 797 814
469 814 880
224 880 286
419 286 801
506 801 254
539 254 672
452 672 207
197 207 935
1 935 909
279 909 1076
111 896 435
6 435 234
409 234 133
147 133 698
100 698 117
221 117 320
278 320 1226
148 1226 939
349 939 536
524 536 607
552 607 630
390 630 382
128 382 1144
558 1144 552
403 552 1100
185 1100 345
308 345 686
154 686 105
461 105 590
383 590 1082
216 1082 468
262 468 896
210 892 270
499 270 979
498 979 892
