603
385 637 9
216 9 182
136 182 868
169 868 930
489 930 163
249 163 450
154 450 445
455 445 911
124 911 51
222 51 383
503 383 819
285 819 759
279 759 991
413 991 603
268 603 1164
517 1164 1183
277 1183 870
110 870 1160
468 1160 345
482 345 962
359 962 953
163 953 178
134 178 546
101 546 488
108 488 856
515 856 158
366 158 195
568 195 493
273 493 171
411 171 30
137 30 423
412 423 987
440 987 924
469 924 8
164 8 1106
589 1106 466
428 466 558
195 558 971
0 971 511
499 511 302
36 302 707
43 707 303
102 303 914
252 914 635
267 635 295
188 295 451
32 451 249
311 249 91
291 91 146
507 146 533
1 533 905
157 905 430
243 430 27
555 27 512
31 512 638
530 638 412
189 412 945
553 945 882
2 882 830
260 830 33
211 33 692
512 692 701
576 701 1019
290 1019 1189
52 1189 1138
321 1138 923
247 923 547
215 547 1067
194 1067 63
520 63 857
518 857 337
587 337 360
427 360 513
472 513 1061
158 1061 893
280 893 969
129 969 916
28 916 248
545 248 1087
183 1087 793
257 793 1093
128 1093 176
162 176 1111
373 1111 138
98 138 411
419 411 1044
109 1044 899
142 899 622
64 622 97
231 97 141
387 141 822
390 822 636
230 636 401
35 401 867
117 867 1072
401 1072 395
93 395 827
508 827 11
111 11 350
269 350 127
505 127 1027
339 1027 1139
354 1139 557
551 557 651
38 651 1129
212 1129 496
22 496 1102
605 1102 1177
23 1177 413
89 413 869
307 869 283
274 283 1173
528 1173 1015
283 1015 506
175 506 1114
232 1114 1156
521 1156 498
421 498 519
14 519 697
420 697 1201
564 1201 293
340 293 521
166 521 68
599 68 1169
79 1169 126
306 126 164
223 164 75
310 75 313
115 313 210
13 210 669
30 669 965
106 965 591
345 591 889
96 889 419
59 419 99
42 99 990
344 990 578
550 578 601
529 601 479
213 479 1078
6 1078 325
534 325 823
500 823 1008
590 1008 805
466 805 459
139 459 296
66 296 499
297 499 1071
149 1071 647
253 647 40
271 40 165
397 165 644
374 644 641
490 641 425
74 425 312
119 312 1076
456 1076 992
10 992 266
296 266 1145
367 1145 740
575 740 563
376 563 901
588 901 600
122 600 80
487 80 375
309 375 597
393 597 785
600 785 922
326 922 1182
186 1182 187
410 187 902
121 902 485
60 485 859
463 859 470
312 470 1004
333 1004 766
602 766 456
535 456 173
171 173 556
281 556 261
155 261 749
407 749 559
263 559 631
264 631 264
405 264 1003
276 1003 1001
226 1001 579
598 579 744
480 744 594
255 594 201
214 201 655
567 655 1200
324 1200 841
172 841 323
522 323 112
571 112 1140
240 1140 43
71 43 571
250 571 321
227 321 954
539 954 227
45 227 25
403 25 397
501 397 2
265 2 903
579 903 443
138 443 1055
87 1055 678
218 678 1079
99 1079 3
488 3 346
543 346 691
323 691 212
228 212 191
561 191 1065
475 1065 254
125 254 1100
203 1100 129
556 129 1205
494 1205 106
596 106 568
439 568 817
502 817 1101
46 1101 1070
461 1070 1116
355 1116 613
39 613 731
196 731 528
94 528 277
133 277 288
391 288 1074
523 1074 289
165 289 1010
402 1010 433
578 433 714
492 714 331
50 331 1081
485 1081 407
409 407 1038
270 1038 172
248 172 851
433 851 207
566 207 491
147 491 526
573 526 1052
40 1052 726
180 726 1108
352 1108 873
57 873 98
464 98 981
153 981 706
127 706 567
318 567 1118
103 1118 335
493 335 629
78 629 287
392 287 435
445 435 1163
495 1163 476
100 476 950
206 950 47
197 47 46
51 46 816
478 816 79
27 79 799
130 799 748
483 748 739
429 739 775
425 775 349
302 349 999
198 999 22
225 22 235
114 235 845
577 845 935
381 935 343
29 343 834
4 834 673
595 673 534
176 534 1195
474 1195 958
308 958 35
191 35 881
395 881 315
379 315 993
360 993 139
336 139 525
77 525 389
394 389 940
351 940 803
68 803 752
343 752 317
5 317 392
372 392 541
48 541 604
585 604 434
91 434 750
459 750 359
67 359 198
542 198 782
314 782 12
426 12 382
204 382 341
350 341 111
486 111 1016
201 1016 1165
288 1165 1035
210 1035 734
83 734 1012
97 1012 280
549 280 381
369 381 1135
3 1135 1000
135 1000 294
347 294 894
92 894 1006
75 1006 1062
200 1062 64
364 64 1032
471 1032 385
161 385 772
199 772 516
151 516 847
146 847 648
34 648 372
21 372 721
112 721 10
338 10 414
70 414 797
509 797 672
284 672 279
584 279 943
251 943 1192
244 1192 937
120 937 572
49 572 168
557 168 330
174 330 760
208 760 985
123 985 66
337 66 602
167 602 1002
504 1002 1086
559 1086 333
131 333 979
219 979 468
453 468 719
547 719 15
150 15 527
449 527 59
179 59 1096
514 1096 978
476 978 539
160 539 554
88 554 611
25 611 1024
538 1024 1198
293 1198 131
305 131 532
601 532 1033
193 1033 614
289 614 185
261 185 216
348 216 431
536 431 102
53 102 949
126 949 988
298 988 190
331 190 37
510 37 408
238 408 200
63 200 645
292 645 842
524 842 1059
266 1059 1022
65 1022 378
17 378 718
159 718 1068
205 1068 18
473 18 812
316 812 767
353 767 804
177 804 562
202 562 712
95 712 732
334 732 1167
593 1167 774
41 774 1147
82 1147 864
554 864 34
357 34 783
423 783 523
237 523 1040
76 1040 801
586 801 1046
594 1046 130
327 130 14
399 14 101
371 101 432
81 432 735
235 735 892
86 892 1161
603 1161 1131
368 1131 605
582 605 71
72 71 77
460 77 1176
185 1176 108
113 108 517
540 517 737
229 737 390
170 390 666
217 666 301
220 301 1018
443 1018 537
330 537 1159
246 1159 72
481 72 989
462 989 87
558 87 338
570 338 833
69 833 122
9 122 441
148 441 806
458 806 582
525 582 1060
477 1060 848
484 848 1125
447 1125 818
242 818 713
328 713 49
389 49 1028
442 1028 565
358 565 226
236 226 550
349 550 716
56 716 244
491 244 536
384 536 835
457 835 492
152 492 88
168 88 936
145 936 910
221 910 598
16 598 410
365 410 589
313 589 929
451 929 887
256 887 625
107 625 1088
239 1088 258
26 258 959
496 959 24
44 24 123
19 123 1143
526 1143 1041
562 1041 184
572 184 55
519 55 460
382 460 367
8 367 913
569 913 300
301 300 192
398 192 89
454 89 282
55 282 711
563 711 863
254 863 895
116 895 393
424 393 540
532 540 717
370 717 1126
422 1126 274
580 274 606
498 606 866
513 866 853
431 853 575
604 575 1128
479 1128 155
295 155 1025
105 1025 480
430 480 440
560 440 174
415 174 998
47 998 84
224 84 858
583 858 561
325 561 265
209 265 966
342 966 626
207 626 494
386 494 581
294 581 747
315 747 815
184 815 553
18 553 475
362 475 800
437 800 657
446 657 304
58 304 170
245 170 132
20 132 997
178 997 764
303 764 306
33 306 1077
465 1077 784
467 784 1064
435 1064 1069
15 1069 94
533 94 478
335 478 314
434 314 756
187 756 344
497 344 779
304 779 1117
262 1117 124
591 124 50
378 50 661
383 661 1190
537 1190 850
404 850 100
37 100 204
581 204 652
143 652 136
436 136 260
140 260 885
346 885 1151
286 1151 637
182 996 5
452 5 241
104 241 377
377 377 951
388 951 699
341 699 28
156 28 633
531 633 356
544 356 483
527 483 855
320 855 361
448 361 253
574 253 238
470 238 17
144 17 239
233 239 1104
190 1104 290
299 290 427
546 427 544
192 544 245
272 245 676
417 676 19
414 19 273
329 273 501
432 501 970
118 970 1103
241 1103 1152
444 1152 247
565 247 1007
73 1007 448
380 448 237
258 237 467
84 467 167
406 167 257
317 257 821
282 821 518
332 518 612
361 612 1013
173 1013 686
319 686 1185
375 1185 531
438 531 758
300 758 369
552 369 109
278 109 679
11 679 837
506 837 1154
541 1154 179
24 179 1179
396 1179 683
592 683 1208
416 1208 587
441 587 946
85 946 1073
259 1073 73
356 73 453
61 453 1084
408 1084 309
275 309 952
90 952 497
322 497 452
516 452 825
511 825 1105
400 1105 1107
80 1107 792
7 792 85
234 85 777
450 777 458
141 458 1180
132 1180 342
548 342 897
54 897 464
287 464 551
62 551 53
181 53 874
418 874 996
