606
971 710
316 533
882 391
221 1135
548 834
829 317
896 1078
1136 792
308 367
780 122
955 992
384 679
426 795
552 210
524 519
1069 1127
598 811
503 378
553 746
78 123
224 132
500 372
119 496
1177 808
42 179
197 611
258 262
79 422
973 916
343 387
256 669
583 512
451 972
306 144
648 849
354 401
302 514
1017 100
651 92
490 613
495 1052
74 774
231 99
918 707
24 1098
227 1196
151 1101
1137 998
617 541
572 1053
140 331
405 46
1189 83
272 102
757 897
282 510
716 977
1123 873
304 1051
419 1122
362 485
453 137
551 1168
200 576
622 1124
1022 843
296 722
359 1023
469 803
1099 833
414 424
650 43
71 1144
1007 773
425 909
1006 159
420 1040
832 525
934 629
1095 1169
429 1107
486 432
1147 357
734 209
467 1054
946 148
892 60
543 1055
554 610
352 413
952 724
434 471
894 215
394 395
944 528
489 712
802 889
941 1012
810 138
6 1079
271 476
546 733
303 307
1118 886
844 241
1025 741
965 630
133 625
365 488
322 1044
61 870
871 11
1211 721
108 704
235 376
1011 313
828 895
867 149
970 118
145 312
937 649
736 902
1141 600
1155 985
1170 911
121 254
949 233
654 706
1045 1093
305 969
799 473
242 333
1180 879
277 933
675 178
1000 927
182 353
798 30
443 166
459 925
336 260
458 41
899 599
652 1085
982 17
936 311
573 847
695 491
415 441
574 1071
694 15
516 374
1133 492
981 515
450 776
261 472
28 588
905 791
328 1061
718 153
539 667
449 385
176 110
953 1043
8 115
211 289
1153 521
219 602
88 285
291 868
390 555
665 173
898 841
535 1013
330 461
107 506
26 534
659 804
457 997
59 125
726 113
53 347
4 996
1087 428
815 668
1113 1176
1182 1034
877 756
295 770
412 276
931 1104
35 340
544 976
607 1033
1158 1067
250 558
693 731
47 1175
1199 999
772 705
1157 1062
1016 56
562 509
1100 1092
382 880
1068 1203
950 1174
727 626
760 236
255 265
1035 487
33 529
725 1129
143 479
201 566
154 547
9 1039
666 920
142 678
979 753
203 301
623 910
838 51
1146 164
363 84
22 986
642 1001
321 267
212 1030
737 831
636 820
1080 97
65 1114
117 239
444 85
329 735
671 226
181 523
1021 408
1088 963
1178 1140
1103 69
508 818
430 1194
284 1192
1089 170
1159 1149
923 674
172 370
163 771
900 571
29 943
586 914
647 1181
326 863
594 1020
887 596
793 128
237 754
1073 1148
1188 830
1005 185
1097 1117
590 559
957 631
318 2
1059 199
926 635
57 603
1094 350
1049 1038
1056 40
245 545
493 1050
48 283
309 269
1003 220
1183 351
542 109
230 759
252 893
556 960
703 821
1015 715
672 942
819 462
1151 584
464 670
1165 186
1036 614
32 1019
1075 91
379 645
1198 1090
581 474
196 155
266 76
499 150
988 1031
794 290
852 758
1029 300
349 222
915 764
779 104
131 689
1057 126
938 869
958 1186
624 375
908 75
1130 249
470 217
292 589
1209 782
406 747
812 454
400 257
567 103
686 36
860 855
1138 298
497 769
691 1009
1200 380
956 561
922 39
1207 130
1172 713
720 273
537 62
1184 190
609 518
455 1004
54 732
907 478
696 139
619 66
10 807
82 1027
293 700
1193 699
966 595
752 904
990 643
591 332
885 70
327 294
790 216
505 550
1110 341
940 418
348 1108
767 417
1139 664
608 1116
73 768
438 34
565 995
962 268
993 1082
612 208
421 475
628 593
189 64
632 410
158 1026
1145 481
616 1131
86 381
717 95
101 789
392 680
1083 1111
580 644
1185 690
563 320
377 270
560 50
228 315
984 448
935 878
854 460
31 661
386 536
0 637
494 640
399 141
951 522
193 49
822 585
147 288
786 287
436 597
389 281
881 906
538 1179
165 577
1132 192
14 1120
1105 114
1072 826
1010 788
25 824
850 1121
218 264
167 964
662 749
912 1084
407 183
187 319
1191 171
234 423
991 618
19 948
223 174
1208 634
1202 676
225 874
177 411
20 697
702 498
1126 947
698 783
681 393
775 872
12 839
360 708
466 663
739 446
781 480
646 853
501 251
851 1014
314 465
1064 152
136 961
800 564
463 531
568 404
297 987
587 275
1028 656
684 1018
1152 974
435 58
657 917
1125 403
968 361
527 1162
777 763
334 929
5 980
502 468
939 89
310 445
1076 229
729 835
806 639
750 862
45 77
1070 105
1134 989
859 751
240 98
437 1077
805 762
784 157
1160 876
1 924
1204 238
836 1032
160 513
409 18
1195 263
1065 967
978 682
1060 373
1142 816
1128 1066
744 627
72 232
345 259
482 748
848 96
814 1081
205 111
846 80
3 875
930 1058
796 641
244 685
714 890
335 592
1205 1115
1163 745
1197 959
442 344
355 606
511 919
823 213
7 397
120 817
402 383
1002 135
127 194
837 67
146 688
1210 827
797 549
813 37
825 116
520 692
368 866
243 1096
856 1063
452 396
38 1164
857 884
55 761
63 364
1156 723
1109 323
932 1074
162 842
161 582
180 1143
366 483
1173 206
601 742
638 809
633 865
540 504
743 94
398 325
456 1048
1119 431
1190 371
23 1024
994 954
484 517
1154 1042
198 439
346 530
738 356
248 134
427 677
719 1206
342 324
280 840
578 620
557 570
1112 369
339 945
1187 864
709 27
16 129
891 168
883 87
1086 888
1047 440
156 191
1037 1041
711 358
928 1201
214 247
207 730
655 21
728 195
913 921
338 388
112 81
1166 184
526 169
253 983
658 740
202 701
286 845
433 507
903 778
615 274
204 569
1150 605
660 858
278 279
787 604
175 801
861 337
621 901
755 1106
416 1008
1171 124
683 13
447 1167
1046 1091
673 687
106 653
975 246
579 477
68 52
785 299
532 188
765 766
1161 90
575 93
1102 44
