1000
1090 354
110 627
166 304
1330 1654
1150 867
176 1490
585 1667
1729 1105
31 140
724 1327
1116 286
924 1639
471 137
54 274
76 571
199 618
951 1669
1182 1480
197 1858
1264 474
1673 524
846 733
1371 1970
1241 851
644 1983
1971 755
449 1054
1306 1897
261 1515
522 1079
1770 532
1320 1167
156 1504
1956 1723
1007 669
1775 1901
1357 144
1418 1938
885 1126
959 1869
939 1113
816 868
1272 253
818 1246
1400 535
1885 1982
479 353
8 529
1424 1472
1910 829
1071 1513
59 1277
436 225
1280 769
565 387
1384 1392
791 1875
856 1414
1975 569
371 1795
1615 1012
1314 86
1526 273
687 468
546 1252
888 1593
1604 1245
1980 1236
1393 1672
1235 1343
729 1225
731 614
1575 1078
671 1138
1578 1756
1151 335
1903 1106
1180 1270
1810 1139
183 21
990 477
1279 1179
1583 1346
1690 1588
813 1706
486 262
950 1421
1904 827
603 1695
962 1786
475 1312
327 1173
1247 721
1098 1797
927 1198
393 1388
396 994
1121 439
685 1744
72 1572
1149 306
1344 1452
781 812
230 1815
1354 1518
1689 18
1040 1168
160 1973
1162 1704
916 840
215 620
624 655
547 1727
256 1630
1325 1481
797 983
1765 1000
805 1907
434 388
1378 653
9 1218
1207 1839
363 996
1812 210
1988 1204
1137 99
1624 997
1064 1889
1355 892
94 1154
194 595
457 922
1094 759
747 896
187 399
437 557
578 1632
728 1391
1766 1724
748 1070
589 1963
591 1244
1976 1713
686 119
407 476
979 1377
164 1213
741 1993
1871 1699
1961 14
1935 639
217 1749
454 709
1059 232
899 985
1747 1773
1462 1368
1047 1409
1239 1715
1171 654
753 1278
1777 1398
1943 601
570 1315
69 847
1584 496
148 302
1817 1370
1043 775
664 1867
646 678
1602 732
177 1383
573 1255
1072 1032
182 743
1190 511
1321 1373
1569 341
605 394
1675 606
1915 1974
1335 832
1774 737
836 703
1679 1108
417 1489
1164 27
1870 7
451 1769
64 52
71 1297
1038 1362
633 1114
694 246
981 36
822 722
213 623
636 1413
1410 1170
1957 344
336 810
862 1712
1676 150
1263 588
999 45
402 770
629 1577
386 1460
380 1823
320 365
1397 312
691 1516
389 945
1916 1290
1387 657
1276 1401
1428 801
368 1819
1227 1622
1523 1372
310 1587
886 1995
360 348
66 1192
579 1028
523 662
291 859
1934 710
317 1806
466 57
1208 931
1326 622
659 784
702 963
329 170
211 290
1195 936
220 920
292 81
1435 1728
143 1668
84 746
716 1109
1581 155
32 1482
1825 558
1642 1952
1338 517
1677 260
693 1994
1233 254
34 13
0 395
1275 1238
824 719
189 1796
1145 1629
1981 1803
1906 104
1896 145
1299 1450
297 515
49 1118
1254 1331
1702 1517
1890 226
531 172
241 234
19 163
1836 1905
660 403
41 186
1761 244
1553 207
804 1284
392 740
412 1399
6 537
1041 1177
237 1497
1430 1144
1618 1366
11 1117
1339 1978
1302 1030
1856 375
1979 1336
584 978
1283 1883
385 926
932 1625
865 933
1062 1361
1962 333
10 508
1544 469
1616 1067
884 1779
165 965
1419 1152
242 1649
205 1136
552 450
349 1316
1458 1441
1196 882
1599 1549
318 1479
1758 773
1088 1650
609 682
1404 738
1422 102
416 425
1130 15
918 544
1527 1543
982 677
852 458
1597 1442
369 295
1125 1579
51 1193
1142 1932
1228 1104
1808 212
948 406
257 762
1379 563
1776 1772
599 91
779 1709
168 692
971 1267
1178 38
424 1257
112 814
1197 1846
635 101
1694 391
39 105
1914 1016
157 789
1124 467
1449 630
43 1260
1359 1340
1495 1730
120 219
1382 438
263 711
1524 1930
1849 707
1857 684
906 566
117 1265
750 1042
40 1888
1627 1514
1451 1328
1687 1882
937 1931
1683 1534
376 1273
419 1546
870 1230
1039 967
1129 1128
314 956
1157 774
1004 20
1861 782
838 802
1352 894
572 938
871 1358
656 575
1657 1101
1561 1433
1574 1891
111 850
1697 1860
1582 126
1928 1096
218 465
1520 845
1866 1801
1538 1025
1123 869
1176 1674
714 355
1738 704
586 1596
1842 608
1977 410
1055 1521
29 1987
88 598
1001 103
1447 287
969 849
79 1003
1537 1967
1698 305
1998 831
1556 973
1782 1651
562 1965
61 1789
1691 1385
1948 1201
1018 74
1065 490
432 1107
309 1111
1614 1434
1220 648
300 452
1877 1703
689 690
1509 619
1547 485
946 362
1655 777
248 1688
221 634
1552 1999
638 510
322 815
48 1174
125 1140
1282 1417
1215 593
473 600
1473 501
1591 1023
331 80
1612 808
4 352
95 359
87 334
833 455
1429 1876
785 1644
1217 795
1148 1507
1329 159
1285 1390
481 915
1865 1959
1288 596
718 1985
1847 1658
661 1026
228 1576
1296 398
1564 1902
1831 272
135 559
1095 854
783 900
121 116
984 506
1949 1386
1437 190
77 1752
1740 875
1944 1091
1862 202
1294 1659
1444 723
1232 1191
1992 1997
1955 1044
790 1945
560 1049
1852 1881
12 725
577 1813
282 1115
820 626
1721 1411
188 1662
277 998
1921 23
252 1348
1557 1223
1647 46
1541 324
889 139
1253 1087
1838 185
85 1291
1474 1633
1324 1081
497 323
154 1933
502 1989
940 90
1262 370
1389 243
666 100
1408 441
1912 70
204 923
1594 745
1395 893
1394 697
995 1033
17 1986
866 239
1635 1483
1511 1648
1816 879
1809 1665
668 1682
1868 1141
1292 1937
1311 713
839 513
1249 1643
1522 1506
1671 174
442 26
1427 1525
1017 954
1996 592
180 1069
1083 1939
1778 806
1006 53
367 161
133 1661
1143 811
1895 203
1972 616
115 1617
727 1484
1304 641
1202 1829
1053 35
1092 735
366 1692
1595 1037
1122 602
377 974
1475 153
504 542
196 240
1056 1705
895 383
1609 1432
1364 935
128 1680
1638 1082
409 426
986 905
823 1886
1559 1554
837 1457
1652 270
1103 858
1307 538
1057 1014
1350 78
1783 47
1681 1351
138 1968
113 964
414 1063
422 961
904 1224
1478 1477
109 1093
484 123
459 1790
898 1446
1425 658
1908 761
1717 1269
760 1722
613 701
400 1958
408 1563
129 1381
440 1590
1505 339
1420 1468
307 1529
754 1573
551 1464
1309 201
1592 673
696 1788
1603 1221
1787 643
1863 429
764 193
1736 1693
1798 902
681 325
488 1922
1589 1864
541 1533
158 1493
670 1133
642 1739
712 1048
1251 1298
819 631
872 281
1160 250
420 705
44 1732
1405 1496
1248 1802
453 487
345 706
1884 1827
647 1531
208 1767
1009 676
430 37
1512 970
1189 1560
901 1532
1271 1013
42 1551
1851 988
1342 1360
876 736
625 989
175 223
1771 1084
136 765
1964 1119
167 1606
460 191
1840 1894
1684 1879
1005 1110
1855 1461
1555 284
768 826
1600 1898
1954 1793
843 332
251 772
514 152
941 1873
1448 1022
1212 744
1811 443
209 492
491 1416
611 607
1685 1487
1700 540
1580 817
350 757
567 1760
1454 73
928 247
507 60
346 1781
381 280
1848 238
1471 269
319 530
1085 992
1990 308
313 1015
1696 1203
576 494
1969 830
55 1804
1794 1754
1613 321
855 663
800 98
1459 1947
1467 283
637 427
1443 97
1166 680
799 1034
1345 1759
255 1539
1837 500
1718 1535
22 1824
1146 587
1356 1571
1799 108
1184 1854
848 1859
495 141
1155 361
1161 92
844 493
914 149
1068 640
342 1566
717 1725
1733 343
1365 1445
93 1940
1607 516
897 1636
288 1406
169 688
1112 1295
1508 1645
1156 1941
1258 1229
505 178
1250 195
1498 415
258 1131
1743 1308
1132 821
1426 794
1423 528
483 271
695 1746
958 1369
122 1768
525 65
1656 991
227 1953
1021 264
1476 1086
1845 58
555 397
316 463
554 1222
751 734
68 1628
1608 980
447 1833
1052 382
266 356
1844 1911
1924 949
675 448
1470 1805
825 1210
543 1455
1519 976
763 919
147 1828
114 235
874 793
700 299
1923 106
683 798
796 1950
24 649
1163 1147
767 1878
1301 1436
418 279
214 672
1880 1929
328 1936
1872 1363
1286 1565
296 1562
1501 1158
446 1558
1750 351
1186 374
118 878
1841 1036
1242 553
1194 1061
276 1926
651 222
1634 1548
384 1714
835 881
534 1751
776 1927
877 1745
594 903
972 1510
834 1303
1375 1742
1438 1259
259 1492
1919 1991
1317 245
1748 25
1620 929
1720 89
347 1631
1097 556
1830 1073
1075 527
482 1439
293 413
1058 421
975 756
615 960
278 1678
30 151
909 787
184 934
1946 470
1626 1200
1102 83
788 1035
1716 1466
1206 1322
699 1077
1568 863
1586 944
1031 786
456 1623
1887 581
1485 947
16 1289
1051 1653
993 1853
1209 1219
758 1536
1019 5
674 1469
1530 880
1187 597
887 1664
925 977
1542 968
428 913
1735 301
1287 749
1835 1757
315 533
1463 1076
957 679
1216 519
357 478
621 75
580 1440
1755 1211
921 1380
1333 953
780 1646
379 1060
390 303
582 1243
1726 1374
1376 1942
1074 628
1753 1050
1966 433
861 198
337 1762
489 1231
1134 1300
1274 568
1611 1784
63 146
1737 127
590 285
841 1984
1169 1293
955 1010
1874 792
809 907
373 911
1045 1205
142 1785
1334 1663
720 518
1488 1500
1734 766
583 472
498 1800
1185 873
952 1503
107 372
1153 1261
499 131
545 1807
192 56
401 3
200 883
1570 1199
33 1660
1899 1710
411 1337
1900 778
96 1741
1349 378
206 520
548 549
860 1080
364 698
1719 842
1601 1708
1089 435
50 461
1256 739
1046 462
1834 1499
1 224
358 1332
828 645
987 943
326 28
1268 1918
1619 1353
1731 181
1707 1402
1100 910
231 1494
857 1281
803 1605
550 1415
265 1820
509 233
404 1764
1780 1893
1920 1960
1610 1502
1832 1240
289 1020
752 708
311 1621
67 275
236 1135
1027 912
1701 1172
771 1323
1670 431
536 1917
1826 124
1540 1024
908 1585
1909 503
730 1266
1305 267
612 1008
1818 1099
526 268
917 480
1686 444
1188 1407
134 1175
650 405
1226 1341
1666 1814
604 1165
249 1951
1011 966
864 539
1821 1640
1396 521
1763 1066
1843 1183
298 1791
942 1892
1456 930
1347 1453
561 340
294 715
807 464
564 179
1792 1367
1319 1237
853 82
617 1465
1127 1029
1550 162
891 1403
1598 1412
1318 130
512 610
1159 423
2 1491
632 1234
574 1641
1002 1913
229 1567
62 1214
1120 1545
665 1528
1637 742
216 330
1822 132
1310 1486
667 171
652 1711
1925 726
1850 445
1431 173
338 1181
1313 890
