997
253 395 327
91 327 1154
129 1154 233
922 233 1818
945 1818 1228
325 1228 1223
487 1223 770
206 770 1925
995 1925 1601
901 1601 619
421 619 818
43 818 1081
495 1081 1003
402 1003 248
425 248 639
150 639 392
276 392 1587
221 1587 17
510 17 341
178 341 758
826 758 791
56 791 452
418 452 27
187 27 1163
759 1163 1180
77 1180 1057
564 1057 1313
999 1313 1437
465 1437 137
12 137 1856
286 1856 1952
247 1952 685
98 685 583
878 583 1855
642 1855 866
511 866 88
398 88 1729
7 1729 1222
736 1222 1773
155 1773 580
844 580 887
831 887 663
679 663 1472
48 1472 903
785 903 1733
705 1733 1984
866 1984 1486
992 1486 1017
526 1017 1373
177 1373 1006
531 1006 274
13 274 273
62 273 801
217 801 899
154 899 1342
630 1342 967
367 967 1288
451 1288 1731
914 1731 146
863 146 264
731 264 1306
27 1306 430
623 430 290
236 290 116
462 116 206
896 206 1807
885 1807 1782
407 1782 676
622 676 1318
978 1318 197
18 197 469
296 469 783
461 783 1427
525 1427 802
373 802 1489
186 1489 1910
49 1910 1498
718 1498 1912
504 1912 257
328 257 1565
767 1565 1041
279 1041 1150
4 1150 1460
208 1460 1941
714 1941 1171
159 1171 1673
20 1673 1803
258 1803 346
665 346 546
64 546 1075
799 1075 1800
879 1800 1829
540 1829 1125
322 1125 748
139 748 1257
336 1257 1903
76 1903 1221
595 1221 724
9 724 1000
116 1000 562
408 562 362
423 362 1381
585 1381 198
857 198 1466
813 1466 611
656 611 1720
795 1720 238
667 238 479
46 479 1974
181 1974 412
277 412 928
663 928 80
437 80 1996
527 1996 1735
835 1735 26
524 26 1885
45 1885 345
618 345 1621
930 1621 16
822 16 1038
192 1038 965
299 965 162
975 162 777
424 777 672
763 672 113
569 113 1363
766 1363 455
442 455 1494
917 1494 96
894 96 586
393 586 731
71 731 1713
142 1713 351
771 351 577
479 577 514
649 514 175
633 175 104
259 104 421
802 421 1269
580 1269 610
979 610 1815
103 1815 97
684 97 884
298 884 548
897 548 1778
530 1778 1521
396 1521 1272
42 1272 74
412 74 1309
592 1309 126
383 126 745
506 745 733
21 733 1481
114 1481 1002
984 1002 414
570 414 1264
19 1264 1853
824 1853 1334
874 1334 664
169 664 460
638 460 136
635 136 1562
768 1562 31
8 31 187
134 187 1928
384 1928 1231
859 1231 1838
492 1838 142
873 142 542
548 542 1823
209 1823 1947
681 1947 868
41 868 1511
513 1511 679
840 679 1370
167 1370 510
428 510 1689
105 1689 309
415 309 1216
841 1216 1808
326 1808 115
537 115 710
228 710 393
95 393 939
40 939 1214
986 1214 265
921 265 507
664 507 267
943 267 1022
651 1022 879
514 879 511
176 511 1137
125 1137 228
455 228 751
737 751 1593
65 1593 1439
800 1439 1845
733 1845 269
668 269 856
57 856 913
834 913 1899
891 1899 617
973 617 862
202 862 615
804 615 1367
970 1367 535
44 535 927
94 927 1129
368 1129 1199
889 1199 757
660 757 1977
395 1977 1917
937 1917 1791
962 1791 29
397 29 340
966 340 1766
138 1766 603
88 603 632
982 632 1093
574 1093 218
385 218 1862
469 1862 125
431 125 1187
830 1187 1730
348 1730 832
182 832 992
670 992 1242
775 1242 1774
183 1774 1590
586 1590 1887
820 1887 1746
725 1746 1632
136 1632 1749
151 1749 110
1 110 1700
658 1700 1787
596 1787 1684
640 1684 448
745 448 1652
561 1652 57
230 57 1861
372 1861 1545
987 1545 1207
121 1207 488
602 488 405
951 405 1677
249 1677 67
931 67 52
190 52 263
351 263 1616
297 1616 1260
346 1260 284
643 284 772
648 772 76
14 76 1756
74 1756 749
836 749 1040
106 1040 1159
980 1159 1904
87 1904 1500
876 1500 839
520 839 1814
953 1814 661
454 661 1301
761 1301 891
976 891 924
11 924 688
711 688 158
605 158 834
787 834 1024
939 1024 787
807 787 1418
37 1418 389
213 389 1382
350 1382 1889
127 1889 1263
204 1263 1739
607 1739 1685
657 1685 840
109 840 1411
482 1411 606
180 606 652
994 652 616
536 616 355
391 355 1613
678 1613 6
278 6 1790
576 1790 1868
517 1868 1186
772 1186 1953
730 1953 100
502 100 1661
533 1661 194
130 194 1732
614 1732 283
682 283 860
898 860 1247
92 1247 1606
637 1606 160
107 160 354
0 354 1237
971 1237 1008
944 1008 1715
158 1715 1088
310 1088 677
318 677 1345
687 1345 568
861 568 1053
541 1053 292
239 292 246
194 246 1633
494 1633 853
972 853 245
792 245 1010
868 1010 1372
220 1372 804
275 804 1043
168 1043 1552
427 1552 328
765 328 391
340 391 633
193 633 1213
146 1213 163
269 163 308
671 308 337
858 337 565
54 565 1940
707 1940 234
268 234 86
61 86 1013
627 1013 1056
550 1056 622
232 622 1001
399 1001 224
907 224 326
911 326 299
754 299 1627
359 1627 813
84 813 621
843 621 252
486 252 979
145 979 950
86 950 906
355 906 1761
273 1761 83
811 83 1225
70 1225 1598
977 1598 915
449 915 1846
338 1846 1130
315 1130 312
211 312 930
964 930 871
376 871 969
401 969 1478
573 1478 850
381 850 216
990 216 1997
473 1997 335
75 335 1176
390 1176 653
119 653 949
744 949 403
271 403 1667
6 1667 1742
788 1742 952
881 952 824
255 824 1608
739 1608 1347
965 1347 874
753 874 1534
363 1534 644
24 644 344
200 344 370
500 370 1065
413 1065 1837
689 1837 1827
619 1827 443
653 443 516
708 516 720
875 720 1809
515 1809 662
226 662 1804
676 1804 272
458 272 496
165 496 743
175 743 145
260 145 431
936 431 657
215 657 940
499 940 237
280 237 830
675 830 358
908 358 995
509 995 1294
470 1294 668
516 668 645
909 645 1499
906 1499 493
700 493 1483
512 1483 692
333 692 159
447 159 998
484 998 50
903 50 1866
387 1866 526
946 526 59
51 59 1050
855 1050 574
983 574 686
143 686 208
621 208 560
476 560 1278
160 1278 1574
380 1574 436
52 436 102
313 102 905
557 905 1341
952 1341 1101
378 1101 670
606 670 1194
776 1194 1266
942 1266 1597
320 1597 885
38 885 1201
411 1201 379
849 379 1267
334 1267 1356
693 1356 756
803 756 1352
374 1352 1433
379 1433 766
877 766 593
433 593 1112
712 1112 1032
174 1032 1255
173 1255 1754
677 1754 533
838 533 12
478 12 1602
171 1602 1595
544 1595 1290
214 1290 411
892 411 990
80 990 1850
996 1850 1882
361 1882 640
702 640 1259
789 1259 889
490 889 188
483 188 665
988 665 799
686 799 1293
867 1293 1158
769 1158 826
644 826 1559
559 1559 773
309 773 569
58 569 352
439 352 323
496 323 1830
798 1830 1254
264 1254 996
122 996 1964
636 1964 1208
231 1208 1396
959 1396 1806
229 1806 10
295 10 1819
218 1819 1959
450 1959 462
905 462 1281
918 1281 1470
746 1470 522
29 522 1248
616 1248 525
728 525 262
85 262 1841
774 1841 1291
493 1291 242
301 242 678
170 678 1681
567 1681 976
749 976 808
438 808 715
967 715 33
890 33 667
993 667 156
32 156 823
558 823 441
503 441 919
750 919 1564
457 1564 425
314 425 1911
743 1911 483
724 483 56
886 56 135
459 135 1768
727 1768 205
302 205 1191
472 1191 1095
460 1095 1473
435 1473 1826
938 1826 203
535 203 432
414 432 1220
417 1220 1679
185 1679 1219
825 1219 1118
263 1118 278
805 278 649
758 649 303
850 303 1937
518 1937 1035
812 1035 1539
688 1539 72
99 72 755
25 755 356
742 356 61
409 61 538
563 538 1020
928 1020 38
335 38 1149
100 1149 21
79 21 144
36 144 970
624 970 815
429 815 5
827 5 1308
720 1308 584
288 584 1349
895 1349 1949
464 1949 941
650 941 454
152 454 1618
282 1618 961
571 961 1905
270 1905 491
655 491 911
871 911 1954
646 1954 534
782 534 576
674 576 1833
740 1833 1880
764 1880 398
456 398 1031
818 1031 1541
489 1541 3
887 3 1926
777 1926 51
323 51 1134
860 1134 1027
933 1027 1415
920 1415 1777
161 1777 929
794 929 707
353 707 478
842 478 1970
22 1970 956
369 956 13
252 13 293
801 293 1914
342 1914 1311
519 1311 1614
416 1614 893
507 893 932
291 932 702
234 702 1364
553 1364 1392
55 1392 943
910 943 1340
347 1340 968
833 968 785
444 785 683
756 683 1529
589 1529 20
371 20 1323
935 1323 1556
406 1556 1354
104 1354 809
870 809 1420
588 1420 859
227 859 36
195 36 1346
82 1346 744
652 744 1115
480 1115 45
205 45 1328
360 1328 876
631 876 1591
436 1591 1304
539 1304 1686
948 1686 1883
289 1883 1044
474 1044 372
882 372 220
238 220 1407
949 1407 1139
78 1139 517
248 517 989
632 989 1702
265 1702 810
201 810 1991
791 1991 408
584 408 764
598 764 134
950 134 1152
300 1152 908
940 908 742
989 742 690
420 690 1638
555 1638 1245
66 1245 723
471 723 883
888 883 127
864 127 590
865 590 42
628 42 776
783 776 400
583 400 369
321 369 32
245 32 845
386 845 807
968 807 1863
597 1863 1898
645 1898 727
538 727 843
647 843 1995
222 1995 1441
305 1441 869
389 869 1204
124 1204 339
587 339 822
196 822 1605
919 1605 1524
352 1524 397
734 397 1772
330 1772 551
591 551 863
816 863 759
132 759 1233
251 1233 73
662 73 873
880 873 1142
324 1142 395
981 1491 325
601 325 1646
848 1646 1547
422 1547 1842
394 1842 1719
900 1719 1485
821 1485 1380
846 1380 1406
710 1406 39
341 39 222
778 222 1676
203 1676 177
172 177 944
817 944 741
147 741 334
441 334 240
549 240 131
884 131 1828
751 1828 180
528 180 1258
715 1258 1098
93 1098 530
669 530 8
47 8 1798
600 1798 1425
578 1425 1669
16 1669 1376
853 1376 385
290 385 1401
216 1401 1051
823 1051 674
828 674 858
562 858 1224
572 1224 1423
723 1423 1799
694 1799 219
349 219 207
274 207 774
370 774 1170
199 1170 917
947 917 1847
453 1847 669
34 669 1320
31 1320 1160
612 1160 77
466 77 575
377 575 1671
523 1671 153
547 153 852
319 852 1869
39 1869 1368
156 1368 865
292 865 1394
508 1394 1630
113 1630 71
191 71 1030
285 1030 1025
388 1025 789
343 789 170
235 170 1998
405 1998 1496
615 1496 922
131 922 1870
188 1870 320
210 320 1962
294 1962 1994
250 1994 1634
779 1634 779
332 779 618
15 618 128
554 128 647
620 647 796
757 796 377
546 377 1353
913 1353 708
929 708 1575
72 1575 1249
521 1249 684
354 684 470
809 470 381
666 381 47
566 47 544
316 544 1409
157 1409 1280
53 1280 1558
770 1558 1881
477 1881 475
90 475 1015
672 1015 14
149 14 366
543 366 635
339 635 226
266 226 437
135 437 1770
30 1770 1795
59 1795 1956
33 1956 604
954 604 1162
108 1162 623
197 623 114
752 114 92
699 92 1166
685 1166 1647
488 1647 281
611 281 1455
748 1455 1784
862 1784 716
243 716 1218
120 1218 318
308 318 848
696 848 468
63 468 1640
958 1640 506
463 506 1343
69 1343 1092
542 1092 1592
593 1592 1654
3 1654 997
126 997 703
184 703 1491
283 1117 316
735 316 1864
603 1864 738
312 738 923
505 923 123
575 123 1843
961 1843 1144
281 1144 897
709 897 691
212 691 811
534 811 1184
695 1184 473
434 473 1727
112 1727 1780
924 1780 434
118 434 1939
529 1939 1244
141 1244 1736
599 1736 634
426 634 106
755 106 404
923 404 563
329 563 948
327 948 1921
485 1921 304
2 304 161
532 161 1960
925 1960 407
144 407 1851
629 1851 1339
284 1339 349
304 349 1011
956 1011 1361
293 1361 1265
356 1265 210
123 210 515
262 515 30
806 30 176
5 176 837
560 837 870
366 870 1097
797 1097 1771
634 1771 1243
851 1243 1745
784 1745 1450
261 1450 1028
225 1028 1748
793 1748 302
166 302 179
969 179 1763
960 1763 1261
883 1261 1174
430 1174 279
762 279 1909
941 1909 1824
691 1824 305
404 305 629
207 629 750
357 750 1285
448 1285 937
362 937 396
96 396 1333
847 1333 1374
852 1374 601
162 601 384
780 384 613
582 613 1626
810 1626 1127
974 1127 1298
609 1298 1076
839 1076 864
957 864 1788
594 1788 1631
796 1631 1980
67 1980 1091
468 1091 383
551 383 1432
552 1432 718
452 718 342
703 342 761
579 761 419
365 419 781
102 781 1515
28 1515 66
224 66 1135
932 1135 91
331 91 1728
240 1728 892
128 892 972
786 972 817
659 817 747
133 747 1431
997 1431 154
497 154 394
179 394 1722
581 1722 1567
985 1567 98
680 98 1527
317 1527 784
233 784 1668
241 1668 184
808 184 1393
68 1393 655
111 655 1703
419 1703 450
303 450 1775
35 1775 426
556 426 1918
912 1918 1059
153 1059 95
440 95 1968
568 1968 189
256 189 531
267 531 155
244 155 746
242 746 243
501 243 938
375 938 1755
845 1755 1116
10 1116 41
272 41 141
697 141 1832
927 1832 1087
491 1087 1074
854 1074 1699
148 1699 456
819 456 704
392 704 589
140 589 364
899 364 1629
257 1629 1182
17 1182 847
164 847 258
719 258 1196
306 1196 1445
706 1445 962
89 962 541
604 541 794
722 794 901
626 901 795
445 795 1110
641 1110 1322
814 1322 1121
97 1121 1888
358 1888 287
400 287 880
829 880 797
115 797 1344
101 1344 875
467 875 587
692 587 1181
998 1181 1989
498 1989 1825
246 1825 1769
189 1769 1876
443 1876 898
577 898 881
781 881 1492
790 1492 68
738 68 699
815 699 1250
717 1250 132
991 132 505
716 505 149
701 149 1413
198 1413 1691
410 1691 942
963 942 435
902 435 1238
254 1238 1052
741 1052 1945
475 1945 1537
403 1537 360
223 360 1979
287 1979 991
729 991 671
73 671 1189
625 1189 767
760 767 449
26 449 1273
364 1273 1951
955 1951 78
565 78 977
832 977 1402
915 1402 620
110 620 112
337 112 1513
50 1513 1256
904 1256 1588
83 1588 637
683 637 1900
893 1900 1549
307 1549 728
137 728 936
237 936 1132
721 1132 1506
522 1506 805
117 805 420
613 420 1622
219 1622 1100
916 1100 1417
432 1417 1045
872 1045 1122
545 1122 1725
704 1725 1610
926 1610 825
747 825 1117
773 878 209
654 209 1835
837 1835 570
163 570 1012
60 1012 712
608 712 1279
81 1279 1148
446 1148 820
481 820 1701
934 1701 1155
698 1155 1966
856 1966 1894
639 1894 487
617 487 1874
869 1874 1535
690 1535 609
311 609 1645
713 1645 819
610 819 1696
673 1696 1124
344 1124 1860
382 1860 630
345 630 878
23 1241 1476
732 1476 1241
