1000
1307 1709
1884 1321
168 815
1966 559
187 1026
1308 165
1874 1080
377 1218
413 1158
1263 1063
1558 429
1450 467
395 286
1711 1123
657 334
1198 99
1281 514
233 440
1826 1295
469 518
804 532
1472 1660
302 98
1749 1718
1441 747
1542 1426
1311 1904
1886 1341
1742 1910
1437 1617
675 1737
416 805
296 499
1949 279
535 1479
1150 612
1964 1389
702 1956
1079 27
1883 927
1091 1655
689 1093
1644 174
1184 482
1192 924
748 159
1090 685
599 552
1313 1116
1300 1501
298 1433
1880 693
1515 730
799 289
1083 1998
546 622
517 1752
1999 877
1577 692
332 1702
492 744
520 1360
1400 903
1562 1476
1001 224
1872 215
1130 919
868 1676
9 1753
65 6
647 1323
1016 1970
1933 861
722 387
971 1760
1056 1739
579 1567
1578 1011
1201 35
350 1489
169 885
183 1287
734 1587
1898 641
1427 1157
1743 396
1336 22
1459 1401
985 1906
1148 1633
329 1614
1046 1051
1136 1868
1785 1687
751 66
34 1240
1492 548
1921 1337
798 220
796 688
753 1511
883 94
625 1256
26 1625
1733 1082
965 1466
735 1346
632 720
789 808
443 1854
1291 1317
696 301
1430 358
1050 1269
11 1669
615 912
2 867
1076 43
81 1554
728 1555
1124 1727
101 750
1795 699
650 109
878 1283
638 1677
1526 948
596 507
349 620
1534 1204
1830 1794
515 366
1930 802
1232 374
1053 1318
1916 1719
1693 1808
1399 1112
418 1121
1162 1726
97 1574
353 1168
1519 465
201 1507
204 186
75 71
149 1714
1732 344
679 267
126 1475
1552 523
1497 291
56 906
1568 1197
1875 605
1085 1594
133 1027
1750 1522
15 1684
1662 1244
635 1034
1536 1115
1715 1223
1834 1572
1838 150
1661 210
1107 247
1048 382
240 336
776 216
1004 866
978 1532
1480 77
1767 1627
59 820
601 1428
1769 436
1324 928
1517 1219
41 956
1747 1738
1413 1154
292 569
1387 250
1994 785
566 958
1403 1918
1766 372
1780 1656
218 1364
1837 643
1380 1449
575 1909
1234 427
70 530
107 827
1382 30
428 1187
1721 1173
1349 214
1953 91
1419 823
1036 342
262 1368
894 277
136 488
111 422
904 1039
1055 1810
1919 1397
1764 1520
1484 1465
345 914
1377 434
308 973
73 1108
1776 1523
812 1344
399 1618
1630 1835
1292 1073
1194 1417
1302 1015
1442 232
405 846
362 217
1610 1266
205 325
1396 1560
258 130
273 1163
1631 941
1678 553
1740 1388
1867 1381
52 1304
269 1065
1840 438
787 282
480 1191
1876 1602
1422 1348
710 726
1915 351
193 1623
468 551
1009 1235
74 471
1943 506
1664 191
1260 411
721 1129
1301 567
1460 636
1518 844
1744 398
1117 940
1775 1137
305 884
477 1277
225 595
1347 1786
1014 1713
89 1357
1819 1509
1286 1268
1312 1856
1149 78
850 1985
1800 870
1723 1928
1682 640
897 307
1435 1891
140 882
7 62
946 1310
331 757
1951 629
316 627
324 208
1649 1962
1074 1553
448 1133
1611 669
1529 1211
1831 687
1127 355
1185 36
1989 986
1351 1900
715 1169
1608 69
1564 1672
952 461
1262 57
649 185
1547 483
231 1896
311 1754
836 1315
984 593
338 746
1638 561
707 406
283 206
614 1487
4 352
1828 826
931 1576
803 1453
118 1461
497 1706
1249 481
974 1297
849 1892
79 198
1216 568
479 369
1701 242
1544 531
393 1258
223 92
794 1654
1458 1135
1033 1820
226 933
1688 1516
1731 839
1758 1332
1765 1882
123 1895
18 1294
1798 611
1303 949
383 261
487 1111
1824 452
1109 90
542 1549
583 134
573 1590
1057 1366
1751 847
1199 1319
1971 1858
141 1408
337 677
618 1888
1955 1007
72 678
888 810
1894 281
775 716
863 533
1394 1356
1588 896
1217 1545
881 631
835 120
1146 1166
1215 142
1699 1233
855 1628
1860 1375
592 1736
1870 519
581 1569
1210 1474
1575 1491
453 784
1327 1020
1340 504
17 39
1326 817
790 779
1390 1725
1695 442
270 1619
628 813
1070 1462
1603 1128
608 1704
1809 1995
1314 1021
1827 859
874 37
671 23
572 926
1361 1954
651 655
1940 8
1086 25
510 1757
439 1791
509 1042
1012 1561
95 1457
899 1679
1851 1167
1812 119
326 1002
1499 1052
129 664
421 1037
1230 1932
1355 1759
562 88
1639 1193
1952 539
122 800
1273 1781
1981 96
432 293
368 1850
1902 312
970 155
950 979
1165 537
982 1768
1335 915
1777 1019
860 929
717 829
945 1237
574 447
1772 816
588 1160
1845 1044
617 0
613 64
818 780
1513 103
1571 698
854 969
1432 1418
414 1477
723 449
104 167
652 1538
152 287
456 284
1092 1376
587 28
1665 591
1763 1674
1239 1102
955 234
1257 1788
536 662
1222 199
82 42
1350 1398
1993 806
852 381
340 171
1177 1088
1855 1176
580 725
412 474
754 423
512 455
178 314
947 227
555 1114
299 963
872 1530
347 727
166 1770
1077 1724
1272 13
147 1936
630 116
1293 832
1106 1407
100 977
1653 1159
998 547
1521 1899
544 1938
833 1922
1431 683
841 1212
953 1539
793 1717
1202 1722
241 1968
1945 1261
1557 673
1979 1905
260 1242
237 719
1586 1833
1386 1134
1200 898
1421 1635
1643 84
459 1646
1017 556
1470 160
1796 694
1839 879
356 1591
845 1879
1142 718
276 1762
1817 384
916 654
534 1804
1700 1179
1844 1991
1220 1793
425 1221
476 1331
1452 14
47 1064
1035 738
695 1305
749 229
521 1333
1924 303
1852 582
1059 121
1325 1923
676 341
1504 1132
594 648
1607 294
1041 772
1658 773
524 164
376 1120
834 1296
433 1703
1691 318
1328 1801
1316 901
1584 379
1455 271
831 538
729 495
752 968
1707 1145
239 1119
478 102
304 1937
162 645
887 600
1125 1942
1156 1914
770 408
105 1893
503 1205
346 1926
1748 313
1948 48
1105 1505
712 590
1415 132
1548 420
1606 869
444 1843
756 333
1581 1616
496 586
992 1541
700 1383
606 932
1512 397
1897 1444
1406 156
1935 1227
760 430
1599 1746
571 46
1140 473
446 157
1485 960
1863 708
1049 1206
851 394
1978 175
1285 1282
221 1787
1482 724
837 137
253 300
1369 1652
1409 864
431 1153
564 525
213 357
1392 1797
415 1089
1506 890
1666 999
268 505
1172 1668
1531 417
682 1370
1977 1231
876 1680
1580 935
1 917
1816 1585
788 195
1241 1043
1818 51
1141 560
1583 663
858 741
670 1246
49 1805
1832 1490
1229 86
1907 370
280 61
797 1171
1734 585
402 1972
667 1478
1533 604
1598 920
828 1911
1013 545
19 672
767 771
1384 1454
743 761
236 1986
1645 1122
1299 207
460 1025
389 20
16 45
266 295
1358 1647
1329 1362
265 706
994 522
1471 1378
918 1957
403 1612
1502 1965
1208 1613
1147 1779
145 598
80 1729
1847 1846
1110 962
660 290
661 1593
697 60
1353 922
1005 1097
1100 154
464 991
1657 222
1379 930
228 1279
462 1118
1023 1425
85 246
1445 87
639 173
795 1058
1806 1330
10 148
1410 1170
1345 360
257 1960
1495 1821
1716 1028
1393 809
1181 184
93 1889
1429 1439
1862 275
1371 151
565 1463
1698 1524
1944 774
550 1510
1098 989
1961 5
1651 822
1848 609
1359 871
957 1178
489 244
380 1339
763 1139
1881 1903
1648 1438
67 1771
409 1589
1087 76
38 390
139 691
197 1917
1226 1188
1885 200
1251 1434
1161 819
554 801
913 391
1565 668
1078 1626
873 1636
1084 684
1276 1113
288 541
909 1151
1841 1182
1402 1496
759 995
1274 1629
1925 114
792 1620
848 1024
1822 1745
1213 323
63 1941
1280 108
1309 1029
1789 633
1741 83
354 1298
821 1514
491 1920
1735 1842
125 146
1663 1022
1225 1673
161 320
923 1694
1018 1075
1650 516
388 1640
1773 1420
1946 1152
363 1423
188 951
1062 1667
603 807
1008 1686
681 783
766 549
1689 1976
1708 557
843 1288
981 777
1456 966
435 1563
1416 470
1774 1045
1031 745
1546 824
297 315
987 733
954 988
1270 589
1250 1071
711 1500
908 1621
1782 1566
637 1275
32 577
1469 814
1912 401
319 485
893 1238
742 1259
437 1659
1983 1600
666 1596
29 1865
451 1503
124 211
272 196
1934 1067
248 1412
192 782
31 1209
1103 513
616 110
597 1508
1096 163
791 1374
892 1196
964 1473
1467 1849
857 1792
1605 373
463 1498
44 925
889 1755
1761 1464
1030 1670
24 731
1582 1685
1853 1996
259 252
1815 177
623 502
501 713
1245 602
348 1104
494 1190
1551 441
825 1802
646 1414
1488 1988
1950 1164
385 1175
1447 740
529 343
1622 112
310 359
1969 367
404 1813
1247 703
1624 563
528 1101
886 610
1099 1143
1710 1963
1803 942
135 1253
1939 1373
938 1138
40 1528
1604 426
543 1712
838 364
905 1207
961 508
1363 1973
458 644
1203 704
1081 1632
3 1352
54 1338
410 1990
1873 1032
1866 450
203 1306
1186 1947
619 1069
1334 1367
959 249
937 419
1982 1641
1878 732
321 1494
634 1040
1236 1967
911 1861
55 12
1537 392
181 327
1189 856
466 907
967 769
900 317
526 1609
127 1535
1391 202
1183 1931
1265 1290
659 1756
1180 235
1126 578
1601 454
1343 158
1615 1864
254 842
1072 1997
322 1556
1448 1579
1481 1913
1405 1000
484 1060
764 1436
690 1003
1696 576
626 1929
880 1354
656 811
330 714
176 1595
1984 1451
739 624
1131 230
1859 1857
1525 1992
1634 179
1320 997
570 53
705 115
1248 993
1811 1825
765 853
238 1195
658 511
1342 665
584 400
1987 1823
170 1395
1440 980
1095 680
1637 737
274 263
500 1690
50 309
251 1980
475 1705
106 1697
1010 1411
990 891
33 457
1047 642
472 996
840 875
1066 339
709 1559
1255 1540
1493 934
1799 781
144 1144
1887 1278
943 194
975 490
1829 768
653 328
190 1728
1642 1675
365 1094
278 1877
256 902
1592 1446
527 143
407 131
371 778
285 1155
1836 1267
21 264
976 498
674 701
255 540
944 1869
172 1550
1890 830
736 939
1486 306
361 445
138 1372
245 621
378 212
375 1814
243 1681
910 1284
58 1243
1468 762
558 209
983 1908
1174 865
1730 786
219 1959
755 862
1228 1927
117 424
128 921
335 1527
758 1975
895 1061
1385 1443
1289 1068
1224 1038
182 1543
1264 1790
1424 1974
972 1252
1365 936
1254 607
1483 113
1671 1783
180 1784
1214 1570
1692 68
1271 1720
1807 1778
1683 1054
1322 493
1901 686
189 153
1871 1573
386 1958
1006 486
1404 1597
