996
429 617 795
665 795 1737
30 1737 120
359 120 1960
670 1960 538
539 538 1964
36 1964 1406
570 1406 639
664 639 622
55 622 249
850 249 1836
945 1836 1528
831 1528 755
969 755 1933
72 1933 1934
780 1934 1728
935 1728 605
154 605 920
622 920 1197
153 1197 1227
571 1227 860
422 860 1866
845 1866 345
212 345 1881
692 1881 892
789 892 1599
573 1599 1049
579 1049 1589
695 1589 386
997 386 837
585 837 658
904 658 284
441 284 339
924 339 1729
647 1729 715
291 715 1626
707 1626 1717
484 1717 2
116 2 1928
270 1928 1072
877 1072 798
98 798 575
192 575 886
824 886 185
296 185 146
731 146 670
611 670 1549
339 1549 253
586 253 495
540 495 66
94 66 44
795 44 1870
366 1870 276
505 276 1033
325 1033 975
932 975 305
258 305 1911
623 1911 1967
856 1967 1559
925 1559 86
614 86 1566
765 1566 1013
624 1013 250
183 250 1408
346 1408 654
507 654 1879
503 1879 1950
813 1950 1631
231 1631 1854
109 1854 352
307 352 791
788 791 1421
495 1421 1160
427 1160 207
631 207 1496
714 1496 1393
673 1393 1986
629 1986 559
3 559 829
423 829 78
267 78 1646
497 1646 336
168 336 555
464 555 1681
960 1681 552
47 552 196
779 196 523
150 523 1243
962 1243 737
911 737 1158
8 1158 382
167 382 1747
180 1747 1057
342 1057 1429
676 1429 1356
355 1356 1401
87 1401 1336
86 1336 773
529 773 1137
257 1137 1020
371 1020 1468
963 1468 33
920 33 338
302 338 49
612 49 990
919 990 1904
26 1904 1484
211 1484 1330
666 1330 989
683 989 1697
917 1697 689
41 689 1702
59 1702 463
794 463 1297
314 1297 1821
671 1821 1300
49 1300 1294
332 1294 777
751 777 1814
959 1814 420
559 420 1247
821 1247 92
322 92 572
388 572 1869
950 1869 1851
399 1851 1628
363 1628 1940
391 1940 787
238 787 513
784 513 1692
989 1692 727
467 727 448
283 448 1662
159 1662 1551
809 1551 354
727 354 1497
151 1497 504
372 504 1455
538 1455 524
530 524 631
358 631 1914
549 1914 1639
408 1639 1602
240 1602 919
66 919 1665
444 1665 204
144 204 609
686 609 947
463 947 568
317 568 1579
879 1579 1347
261 1347 1009
246 1009 1560
228 1560 1399
137 1399 1683
992 1683 1741
726 1741 712
557 712 205
227 205 470
754 470 1379
658 1379 1865
776 1865 766
747 766 246
662 246 710
242 710 69
292 69 1187
197 1187 367
819 367 826
308 826 967
863 967 26
103 26 1170
668 1170 1385
976 1385 1352
841 1352 792
718 792 1175
814 1175 410
843 410 805
31 805 379
537 379 1211
285 1211 1266
226 1266 1185
288 1185 759
715 759 1800
269 1800 1925
717 1925 681
746 681 12
858 12 740
815 740 1348
241 1348 1373
829 1373 856
861 856 1606
560 1606 1926
553 1926 449
437 449 72
350 72 117
971 117 371
943 371 17
373 17 756
562 756 462
660 462 1677
125 1677 157
576 157 349
128 349 175
581 175 817
374 817 1469
768 1469 1981
412 1981 699
122 699 1000
881 1000 1390
376 1390 1070
380 1070 1333
519 1333 274
912 274 532
20 532 1991
510 1991 951
742 951 607
984 607 1541
565 1541 1803
827 1803 1853
801 1853 799
53 799 506
248 506 852
454 852 414
436 414 1318
134 1318 1742
28 1742 885
80 885 626
886 626 866
170 866 1791
394 1791 356
502 356 1204
129 1204 1261
487 1261 850
268 850 810
351 810 1907
615 1907 425
512 425 1574
140 1574 698
433 698 1224
978 1224 1757
393 1757 285
944 285 1640
738 1640 407
942 407 664
403 664 666
775 666 1199
344 1199 1476
63 1476 1233
362 1233 1096
787 1096 632
107 632 75
145 75 724
584 724 1313
48 1313 1679
398 1679 1896
298 1896 564
590 564 270
378 270 1176
457 1176 940
256 940 1678
232 1678 242
319 242 1094
937 1094 430
572 430 35
78 35 1594
155 1594 1710
826 1710 832
473 832 1502
643 1502 830
952 830 905
835 905 1588
356 1588 1899
478 1899 1274
716 1274 1166
360 1166 1649
281 1649 833
480 833 873
708 873 1159
476 1159 1142
504 1142 77
172 77 1315
300 1315 1959
968 1959 576
885 576 1099
825 1099 1652
587 1652 1426
25 1426 1253
828 1253 660
650 660 505
596 505 527
941 527 652
439 652 1257
448 1257 1007
349 1007 840
923 840 1920
729 1920 304
545 304 858
610 858 54
842 54 1457
397 1457 700
566 700 1412
781 1412 547
477 547 1797
592 1797 1403
186 1403 877
57 877 796
99 796 107
195 107 1968
486 1968 554
704 554 1994
184 1994 10
667 10 647
70 647 1472
21 1472 1135
324 1135 1337
97 1337 874
386 874 758
974 758 820
174 820 736
953 736 1856
266 1856 1483
985 1483 682
599 682 1425
661 1425 1772
426 1772 1979
489 1979 890
594 890 1289
977 1289 1727
120 1727 1671
986 1671 1012
396 1012 1234
193 1234 368
414 368 945
424 945 1558
10 1558 366
131 366 280
616 280 734
82 734 1208
644 1208 1182
713 1182 954
760 954 1807
991 1807 1017
498 1017 239
543 239 1676
67 1676 1927
970 1927 1567
76 1567 216
169 216 19
625 19 123
331 123 900
864 900 478
544 478 693
51 693 915
420 915 1460
253 1460 159
45 159 47
515 47 1731
328 1731 1956
37 1956 93
675 93 906
152 906 739
892 739 171
455 171 455
461 455 283
305 283 589
761 589 1525
895 1525 803
310 803 1342
905 1342 130
229 130 537
418 537 1630
219 1630 960
577 960 1310
276 1310 1849
791 1849 1328
535 1328 994
639 994 273
230 273 1632
840 1632 1714
146 1714 646
811 646 1381
234 1381 928
177 928 1471
640 1471 1417
221 1417 1601
873 1601 341
524 341 119
400 119 983
965 983 887
547 887 195
605 195 7
275 7 733
759 733 1808
136 1808 1102
446 1102 1556
878 1556 473
575 473 1655
40 1655 1704
382 1704 187
4 187 1769
176 1769 359
818 359 485
770 485 476
513 476 1464
797 1464 1034
160 1034 160
499 160 1325
523 1325 872
466 872 1265
869 1265 1505
556 1505 1690
913 1690 295
635 295 529
816 529 452
337 452 971
74 971 1035
516 1035 57
295 57 1533
621 1533 191
249 191 1131
893 1131 565
679 565 1332
329 1332 1037
404 1037 374
133 374 1563
753 1563 360
669 360 1450
11 1450 328
934 328 142
361 142 1580
602 1580 1860
364 1860 1420
739 1420 1022
732 1022 1132
525 1132 1291
110 1291 1478
620 1478 128
972 128 1874
6 1874 1715
162 1715 1572
163 1572 961
836 961 287
440 287 643
190 643 958
185 958 229
518 229 46
574 46 224
64 224 1794
130 1794 965
105 965 1329
637 1329 1433
50 1433 497
312 497 1089
593 1089 380
690 380 1456
752 1456 1829
933 1829 27
38 27 1716
672 1716 1767
173 1767 1168
141 1168 442
377 442 1100
655 1100 641
83 641 897
272 897 488
205 488 659
870 659 1039
207 1039 1891
273 1891 1360
61 1360 275
677 275 933
326 933 569
182 569 503
552 503 1590
341 1590 222
657 222 1138
830 1138 1857
894 1857 936
983 936 1430
112 1430 437
773 437 1136
92 1136 927
39 927 912
115 912 180
987 180 1011
77 1011 1217
357 1217 1250
762 1250 1724
469 1724 1718
23 1718 1046
91 1046 1744
255 1744 397
568 397 1283
124 1283 1917
699 1917 598
646 598 650
123 650 686
994 686 894
204 894 518
19 518 326
401 326 1793
511 1793 1575
369 1575 1304
235 1304 743
628 743 34
95 34 1555
119 1555 67
694 67 1024
719 1024 1947
847 1947 1609
865 1609 269
236 269 1730
967 1730 9
68 9 1042
395 1042 286
12 286 400
906 400 211
778 211 671
387 671 772
528 772 1754
299 1754 484
882 484 1735
730 1735 953
483 953 1256
102 1256 170
908 170 1400
62 1400 1892
315 1892 1946
740 1946 1643
496 1643 711
763 711 1295
18 1295 969
434 969 1941
722 1941 732
853 732 917
603 917 794
323 794 1141
608 1141 235
871 235 1615
875 1615 931
309 931 1219
178 1219 1278
930 1278 908
764 908 1174
966 1174 1930
132 1930 1993
453 1993 1989
289 1989 1809
383 1809 800
410 800 673
488 673 1238
771 1238 1902
415 1902 483
297 483 1248
900 1248 1802
810 1802 1970
71 1970 1779
645 1779 1648
693 1648 1357
263 1357 706
638 706 530
194 530 725
458 725 215
65 215 923
735 923 1101
823 1101 267
148 267 116
472 116 165
5 165 1487
306 1487 181
860 181 468
245 468 244
689 244 306
954 306 1309
724 1309 1766
187 1766 423
460 423 41
179 41 1839
501 1839 1916
135 1916 1076
117 1076 752
541 752 1827
385 1827 1936
471 1936 648
526 648 201
143 201 1288
750 1288 1952
409 1952 256
939 256 1893
551 1893 690
884 690 1792
792 1792 1938
479 1938 251
915 251 815
2 815 627
279 627 479
318 479 426
832 426 1191
239 1191 315
758 315 498
947 498 1819
264 1819 1286
265 1286 1527
973 1527 460
632 460 1770
468 1770 629
278 629 844
254 844 1277
259 1277 318
534 318 1104
807 1104 447
425 447 221
583 221 1008
745 1008 1109
338 1109 705
899 705 680
910 680 1700
509 1700 1616
563 1616 1214
988 1214 1225
733 1225 1122
630 1122 1150
35 1150 183
81 183 1508
786 1508 198
316 198 716
353 716 20
633 20 406
304 406 88
407 88 233
17 233 355
287 355 1668
597 1668 1623
244 1623 602
806 602 1550
951 1550 623
804 623 293
413 293 363
741 363 1372
956 1372 657
14 657 461
294 461 1843
561 1843 351
243 351 880
887 880 1441
24 1441 48
555 48 847
343 847 1044
428 1044 950
417 950 1816
604 1816 1210
368 1210 1321
1 1321 911
857 911 934
927 934 1302
222 1302 1780
188 1780 1139
691 1139 32
767 32 218
189 218 1431
481 1431 112
817 112 1173
198 1173 1074
282 1074 1242
490 1242 535
34 535 1316
536 1316 1894
352 1894 514
16 514 1514
728 1514 1974
981 1974 1371
678 1371 644
838 644 337
347 337 118
311 118 1334
849 1334 1428
175 1428 194
931 194 1852
521 1852 213
591 213 438
237 438 955
447 955 561
303 561 1157
84 1157 1368
203 1368 533
354 533 1932
405 1932 1565
706 1565 127
866 127 1260
250 1260 384
506 384 978
171 978 1263
9 1263 1732
147 1732 451
777 451 1292
220 1292 1722
485 1722 1593
651 1593 134
340 134 212
958 212 417
598 417 1264
980 1264 1005
654 1005 1698
680 1698 1271
990 1271 1075
736 1075 1777
421 1777 1776
216 1776 1272
470 1272 782
782 782 603
744 603 1988
812 1988 1307
0 1307 1086
392 1086 770
550 770 387
73 387 73
215 73 1687
93 1687 1010
918 1010 1384
627 1384 1341
27 1341 909
712 909 1644
42 1644 621
957 621 550
682 550 1285
582 1285 1513
432 1513 692
58 692 1218
7 1218 418
138 418 1674
445 1674 1032
844 1032 922
653 922 1442
223 1442 563
822 563 1171
617 1171 1998
54 1998 1712
833 1712 252
802 252 536
449 536 133
156 133 1768
419 1768 1813
820 1813 391
705 391 1882
330 1882 1030
798 1030 1125
548 1125 853
902 853 30
196 30 1413
181 1413 1641
852 1641 813
379 813 167
438 167 691
698 691 656
888 656 1984
891 1984 1344
217 1344 1983
774 1983 1195
903 1195 557
749 557 1087
696 1087 719
491 719 558
964 558 586
564 586 299
465 299 1832
613 1832 1305
517 1305 100
475 100 1818
607 1818 744
60 744 303
520 303 871
687 871 1436
883 1436 31
783 31 1586
492 1586 962
649 962 1685
800 1685 1213
721 1213 472
922 472 1799
928 1799 14
514 14 1343
874 1343 637
766 637 1520
210 1520 1031
756 1031 50
914 50 486
998 486 1789
725 1789 162
546 162 150
164 150 957
688 957 1617
29 1617 1358
636 1358 1148
89 1148 1162
139 1162 1069
848 1069 176
890 176 1200
494 1200 1897
569 1897 1351
290 1351 895
975 895 1734
618 1734 210
165 210 1134
493 1134 1409
588 1409 1931
868 1931 1612
642 1612 392
859 392 1258
321 1258 402
619 402 823
201 823 1376
442 1376 1703
533 1703 362
225 362 578
872 578 1669
114 1669 784
370 784 342
202 342 1759
406 1759 1440
909 1440 1815
803 1815 618
348 618 907
862 907 329
90 329 1181
674 1181 611
333 611 997
897 997 1475
149 1475 669
284 669 1184
43 1184 313
554 313 1047
921 1047 153
995 153 606
567 606 1863
578 1863 87
663 87 1350
452 1350 1397
209 1397 876
601 876 1115
161 1115 1259
772 1259 53
898 53 225
260 225 200
701 200 910
961 910 1511
100 1511 42
451 42 713
805 713 294
527 294 1188
700 1188 1569
367 1569 214
199 214 1446
940 1446 1203
839 1203 91
200 91 842
876 842 541
711 541 507
127 507 199
450 199 1573
996 1573 924
44 924 1603
381 1603 1667
743 1667 1733
104 1733 1713
262 1713 1781
411 1781 1522
157 1522 1045
755 1045 1021
384 1021 1481
880 1481 882
274 882 655
390 655 144
929 144 1651
685 1651 1973
837 1973 1432
435 1432 1377
213 1377 361
955 361 350
79 350 1306
846 1306 592
365 592 1059
522 1059 674
948 674 94
101 94 1912
769 1912 394
580 394 1944
681 1944 21
946 21 531
320 531 1251
702 1251 1361
389 1361 841
482 841 1583
609 1583 132
558 132 1380
191 1380 1346
106 1346 60
652 60 98
22 98 493
993 493 1473
790 1473 1831
286 1831 108
723 108 1515
52 1515 65
69 65 789
108 789 1987
907 1987 972
982 972 1543
979 1543 613
430 613 731
799 731 771
626 771 28
443 28 208
280 208 471
247 471 721
251 721 1666
595 1666 1796
500 1796 101
121 101 45
634 45 779
375 779 5
684 5 834
532 834 1499
402 1499 1743
85 1743 399
218 399 1177
456 1177 1707
542 1707 1650
737 1650 279
33 279 846
224 846 390
697 390 757
277 757 464
656 464 1804
508 1804 261
335 261 412
459 412 321
854 321 1301
252 1301 228
659 228 1516
327 1516 1107
166 1107 548
96 548 1303
334 1303 1846
648 1846 948
126 948 1269
113 1269 1745
720 1745 973
214 973 487
336 487 1684
158 1684 780
431 780 1977
600 1977 1564
293 1564 1123
13 1123 1084
709 1084 111
206 111 373
793 373 1190
808 1190 301
111 301 99
15 99 1597
999 1597 1391
867 1391 593
301 593 1811
901 1811 970
416 970 640
271 640 1113
710 1113 1519
142 1519 330
889 330 81
118 81 1241
606 1241 1752
56 1752 278
938 278 918
641 918 838
834 838 431
589 431 1642
936 1642 1120
531 1120 419
851 419 1858
345 1858 824
757 824 1249
313 1249 314
462 314 617
785 616 685
46 685 1705
916 1705 320
734 320 634
855 634 1755
796 1755 1906
88 1906 1810
208 1810 1740
233 1740 1407
474 1407 1689
748 1689 819
703 819 1634
896 1634 616
