998
774 60 745
475 745 332
465 332 957
179 957 1672
216 1672 535
185 535 1816
54 1816 345
202 345 622
418 622 751
667 751 1014
44 1014 1105
753 1105 932
818 932 1861
639 1861 800
364 800 1977
793 1977 742
294 742 1879
441 1879 1636
659 1636 67
537 67 1684
655 1684 1675
729 1675 1134
135 1134 575
757 575 1284
795 1284 1585
805 1585 1978
453 1978 1215
902 1215 1772
416 1772 1079
660 1079 680
291 680 1537
309 1537 1268
12 1268 1803
506 1803 794
22 794 207
479 207 562
783 562 1559
186 1559 1576
889 1576 1781
369 1781 1626
46 1626 1819
914 1819 1538
260 1538 1283
675 1283 902
257 902 1769
110 1769 1186
963 1186 1399
83 1399 1788
41 1788 1611
773 1611 1768
799 1768 831
610 831 50
995 50 1917
389 1917 1032
690 1032 461
64 461 186
206 186 117
808 117 470
762 470 1261
52 1261 184
401 184 425
644 425 1162
838 1162 679
817 679 1842
98 1842 1299
55 1299 1084
169 1084 1945
409 1945 1352
259 1352 949
549 949 1734
661 1734 1567
931 1567 1848
368 1848 1827
130 1827 1474
429 1474 505
238 505 1442
943 1442 1947
387 1947 1092
567 1092 1905
592 1905 464
643 464 521
128 521 904
787 904 655
897 655 1350
460 1350 773
365 773 608
956 608 711
153 711 1248
738 1248 495
831 495 280
228 280 1737
116 1737 1944
80 1944 347
724 347 1954
430 1954 19
484 19 1902
816 1902 1195
671 1195 828
252 828 1047
596 1047 942
840 942 941
904 941 1712
61 1712 919
336 919 926
961 926 1325
919 1325 498
114 498 1479
205 1479 1964
274 1964 1491
978 1491 1312
530 1312 843
1 843 732
974 732 1565
470 1565 1468
233 1468 915
584 915 486
561 486 681
577 681 1918
595 1918 1417
305 1417 1814
564 1814 1063
949 1063 1806
797 1806 623
626 623 648
698 648 1621
732 1621 568
952 568 1717
833 1717 914
803 914 299
768 299 1676
796 1676 569
412 569 1346
739 1346 311
617 311 438
49 438 1531
784 1531 358
381 358 1181
776 1181 536
435 536 393
102 393 198
335 198 1377
182 1377 1924
552 1924 149
536 149 1100
637 1100 989
708 989 1932
341 1932 1409
511 1409 476
718 476 1293
227 1293 1856
361 1856 1233
896 1233 922
244 922 615
725 615 1314
802 1314 641
48 641 1126
112 1126 1815
915 1815 480
522 480 1311
82 1311 454
346 454 1719
215 1719 1922
560 1922 9
319 9 1972
237 1972 1091
180 1091 782
824 782 305
191 305 1590
958 1590 571
450 571 1190
362 1190 1891
255 1891 760
432 760 365
245 365 1376
587 1376 1593
373 1593 1358
211 1358 93
800 93 896
251 896 267
517 267 1452
973 1452 1957
344 1957 374
66 374 1019
876 1019 326
911 326 415
415 415 164
975 164 897
194 897 44
398 44 333
308 333 1678
827 1678 351
953 351 16
498 16 205
125 205 694
553 694 1171
529 1171 46
575 46 397
231 397 1498
383 1498 79
287 79 1610
853 1610 357
490 357 1486
197 1486 477
625 477 1594
195 1594 1165
582 1165 812
886 812 1991
350 1991 1660
289 1660 545
217 545 744
11 744 1411
7 1411 862
794 862 1073
616 1073 582
645 582 513
884 513 802
226 802 1177
785 1177 834
528 834 439
737 439 756
946 756 1883
888 1883 1082
388 1082 893
483 893 1488
264 1488 319
968 319 938
214 938 1381
504 1381 1224
744 1224 1953
232 1953 1496
281 1496 947
654 947 626
770 626 429
20 429 1302
620 1302 1793
533 1793 1232
501 1232 1349
599 1349 688
42 688 1619
847 1619 1926
295 1926 1265
926 1265 1904
23 1904 21
414 21 346
712 346 1787
792 1787 1508
638 1508 479
929 479 894
250 894 875
508 875 662
190 662 1175
854 1175 124
154 124 1173
601 1173 196
393 196 657
756 657 1422
834 1422 609
461 609 410
870 410 91
14 91 1634
573 1634 301
485 301 1072
105 1072 489
986 489 1342
722 1342 1843
997 1843 700
976 700 1081
438 1081 1494
421 1494 1635
72 1635 94
689 94 1725
94 1725 1812
608 1812 807
133 807 1518
864 1518 573
370 573 456
879 456 471
134 471 1620
357 1620 739
810 739 886
327 886 169
996 169 546
91 546 809
307 809 918
837 918 1865
892 1865 1208
531 1208 1583
38 1583 42
300 42 987
426 987 1708
928 1708 1515
779 1515 296
898 296 221
196 221 1288
912 1288 775
746 775 1564
397 1564 1357
916 1357 704
695 704 1623
34 1623 1298
790 1298 337
939 337 1808
893 1808 1423
482 1423 1596
270 1596 691
600 691 1076
934 1076 965
121 965 1602
604 1602 1749
6 1749 228
948 228 1733
830 1733 1434
642 1434 611
141 611 1182
73 1182 805
936 805 1154
275 1154 409
156 409 248
422 248 1499
118 1499 142
603 142 1361
547 1361 1044
989 1044 921
621 921 1438
495 1438 1151
652 1151 566
87 566 553
10 553 600
820 600 1913
807 1913 1758
772 1758 923
290 923 74
618 74 217
143 217 750
162 750 315
828 315 402
721 402 463
764 463 1830
84 1830 1959
316 1959 422
918 422 849
701 849 100
60 100 869
726 869 448
731 448 1253
966 1253 1130
657 1130 75
198 75 822
353 822 1741
672 1741 230
222 230 1087
991 1087 1480
514 1480 71
635 71 980
399 980 353
176 353 832
769 832 1075
265 1075 1390
36 1390 835
523 835 1238
806 1238 1657
593 1657 496
449 496 31
715 31 1898
687 1898 911
273 911 554
728 554 1143
175 1143 1198
354 1198 1963
871 1963 1762
922 1762 1333
714 1333 1782
920 1782 1747
861 1747 620
942 620 551
111 551 706
848 706 659
420 659 850
613 850 1517
219 1517 1070
178 1070 1649
172 1649 676
696 676 501
18 501 1378
50 1378 633
891 633 1290
2 1290 533
120 533 1732
325 1732 1929
317 1929 1142
407 1142 737
544 737 370
124 370 1427
512 1427 658
140 658 1587
878 1587 1722
863 1722 933
500 933 424
355 424 5
278 5 1170
740 1170 1369
433 1369 660
826 660 1209
711 1209 650
683 650 157
760 157 1962
987 1962 639
532 639 1864
385 1864 81
823 81 1172
348 1172 689
623 689 936
680 936 1015
33 1015 258
743 258 791
894 791 1694
615 1694 101
43 101 1654
631 1654 1303
887 1303 188
720 188 53
378 53 716
459 716 1329
994 1329 1688
24 1688 1701
649 1701 820
636 820 1981
132 1981 294
436 294 783
967 783 880
985 880 1379
658 1379 1700
950 1700 715
241 715 988
674 988 1469
477 1469 1304
505 1304 1189
829 1189 450
86 450 1323
458 1323 340
538 340 1897
704 1897 696
609 696 231
149 231 166
157 166 1539
212 1539 712
990 712 1023
79 1023 930
777 930 1267
556 1267 1246
962 1246 797
328 797 810
158 810 1273
474 1273 1860
242 1860 195
569 195 1612
304 1612 361
849 361 356
491 356 1665
230 1665 1096
268 1096 1641
775 1641 772
174 772 235
466 235 1630
457 1630 1757
29 1757 594
941 594 983
662 983 1118
93 1118 1677
589 1677 1104
766 1104 377
469 377 68
472 68 1007
51 1007 1404
349 1404 139
88 139 920
519 920 1425
168 1425 1836
881 1836 1449
229 1449 78
425 78 1471
895 1471 884
924 884 1687
311 1687 978
868 978 1767
339 1767 912
31 912 1347
171 1347 1388
597 1388 943
323 943 288
651 288 977
65 977 770
446 770 1033
629 1033 158
200 158 1919
392 1919 1880
380 1880 1907
937 1907 234
557 234 1925
69 1925 308
832 308 917
338 917 682
40 682 619
431 619 868
778 868 903
476 903 148
588 148 629
106 629 564
647 564 743
554 743 1216
747 1216 373
548 373 436
406 436 141
342 141 156
67 156 643
298 643 22
37 22 1597
402 1597 1704
45 1704 741
650 741 1770
269 1770 529
492 529 614
286 614 1125
28 1125 1920
454 1920 219
254 219 1064
781 1064 1591
960 1591 328
151 328 1029
555 1029 460
841 460 601
571 601 1866
925 1866 455
468 455 1588
565 1588 1715
462 1715 1310
767 1310 1161
857 1161 1890
965 1890 1121
165 1121 910
76 910 1345
719 1345 640
340 640 661
199 661 598
634 598 969
693 969 552
297 552 59
440 59 556
53 556 527
526 527 404
935 404 35
872 35 646
859 646 1855
142 1855 1282
998 1282 1549
267 1549 1546
869 1546 1295
550 1295 322
427 322 197
405 197 1560
717 1560 1451
515 1451 500
486 500 1185
423 1185 1060
809 1060 1211
330 1211 1698
187 1698 945
356 945 1706
510 1706 1307
417 1307 1544
126 1544 1013
139 1013 1536
694 1536 1523
188 1523 768
835 768 1373
811 1373 1986
692 1986 1419
403 1419 1254
463 1254 939
992 939 1052
62 1052 1797
292 1797 252
249 252 113
184 113 1502
562 1502 1547
496 1547 858
71 858 165
748 165 1008
56 1008 225
272 225 1472
641 1472 1851
612 1851 264
534 264 273
146 273 318
862 318 673
938 673 1250
248 1250 1413
303 1413 146
957 146 241
885 241 1080
909 1080 1473
376 1473 1188
283 1188 999
253 999 1746
400 1746 873
627 873 502
70 502 595
845 595 60
755 1337 738
138 738 1457
77 1457 58
26 58 1003
663 1003 1682
906 1682 1327
502 1327 120
471 120 317
35 317 844
710 844 727
566 727 1750
551 1750 1937
189 1937 1088
19 1088 1837
665 1837 1300
279 1300 555
74 555 1492
945 1492 1163
321 1163 98
736 98 173
16 173 1644
855 1644 1685
850 1685 1138
377 1138 591
329 591 508
372 508 401
856 401 534
749 534 1127
579 1127 578
447 578 1231
152 1231 544
628 544 1359
539 1359 634
709 634 1395
907 1395 1666
262 1666 1025
9 1025 558
782 558 709
39 709 874
944 874 1771
646 1771 1984
89 1984 777
390 777 898
940 898 1437
59 1437 1524
166 1524 171
852 171 1430
352 1430 1229
578 1229 610
312 610 1633
30 1633 204
410 204 61
424 61 1340
860 1340 1119
666 1119 168
691 168 1705
451 1705 612
452 612 881
144 881 1540
858 1540 801
730 801 1428
127 1428 1297
527 1297 636
494 636 1607
933 1607 944
90 944 1707
343 1707 1896
890 1896 1201
170 1201 138
99 138 1513
632 1513 1408
164 1408 693
25 693 1202
653 1202 239
293 239 964
332 964 705
656 705 432
741 432 11
322 11 492
630 492 1095
5 1095 468
686 468 143
814 143 1506
984 1506 795
614 795 254
586 254 1097
813 1097 764
883 764 1595
546 1595 1400
442 1400 43
917 43 840
314 840 1873
221 1873 1640
910 1640 23
542 23 1586
705 1586 1791
518 1791 1738
640 1738 17
954 17 970
478 970 731
497 731 270
288 270 1901
419 1901 876
280 876 1631
972 1631 482
437 482 469
301 469 992
700 992 1669
758 1669 208
822 208 899
443 899 414
122 414 1193
670 1193 180
598 180 1509
576 1509 1180
735 1180 785
993 785 1168
47 1168 77
520 77 1456
331 1456 593
15 593 1322
706 1322 1387
333 1387 1790
408 1790 1027
875 1027 1308
480 1308 1227
177 1227 334
220 334 1281
563 1281 1004
759 1004 175
525 175 718
167 718 1967
899 1967 1034
499 1034 1481
101 1481 1020
493 1020 749
261 749 1928
201 1928 1521
413 1521 1050
752 1050 1351
927 1351 1982
866 1982 1341
27 1341 458
360 458 523
867 523 80
351 80 1989
771 1989 132
8 132 767
684 767 38
673 38 1137
464 1137 866
969 866 959
103 959 1702
977 1702 1415
371 1415 474
699 474 103
951 103 466
395 466 871
284 871 1818
104 1818 1783
337 1783 1166
285 1166 627
842 627 1128
434 1128 1775
780 1775 1686
326 1686 367
880 367 236
448 236 649
590 649 1906
982 1906 1159
235 1159 362
611 362 303
788 303 1956
160 1956 1835
21 1835 338
266 338 251
685 251 1690
733 1690 185
367 185 708
32 708 663
819 663 1658
664 1658 1289
750 1289 532
583 532 1463
669 1463 202
81 202 717
315 717 382
594 382 1279
271 1279 1748
930 1748 855
439 855 1692
234 1692 713
572 713 1016
129 1016 725
210 725 1552
971 1552 107
633 107 958
606 958 1285
839 1285 542
844 542 121
923 121 792
3 792 865
473 865 1884
411 1884 73
751 73 1022
702 1022 155
681 155 406
107 406 1753
117 1753 1266
113 1266 1017
521 1017 1650
256 1650 653
516 653 1214
404 1214 467
78 467 1276
85 1276 1789
745 1789 1980
619 1980 507
488 507 1192
677 1192 1483
224 1483 298
96 298 1713
513 1713 1106
363 1106 753
678 753 1742
240 1742 283
320 283 1012
503 1012 445
375 445 1258
115 1258 1145
296 1145 730
836 730 1525
455 1525 1632
347 1632 721
812 721 416
334 416 1487
697 1487 48
302 48 1927
97 1927 160
358 160 1603
988 1603 1114
218 1114 1363
581 1363 1886
147 1886 1223
345 1223 1910
277 1910 1695
932 1695 418
605 418 255
4 255 70
75 70 1853
366 1853 110
282 110 1213
874 1213 76
394 76 261
207 261 262
359 262 1543
734 1543 808
622 808 1745
92 1745 314
324 314 227
247 227 1776
0 1776 827
524 827 26
558 26 161
574 161 1838
108 1838 991
183 991 1940
908 1940 1759
541 1759 966
900 966 1645
843 1645 1854
208 1854 1217
723 1217 1000
535 1000 443
203 443 1484
444 1484 735
243 735 488
821 488 1955
313 1955 1628
258 1628 453
467 453 1988
947 1988 1331
487 1331 286
873 286 1371
481 1371 656
955 656 355
679 355 220
209 220 435
716 435 62
193 62 233
789 233 934
223 934 951
559 951 162
489 162 1501
727 1501 1062
903 1062 25
137 25 748
882 748 1389
136 1389 522
648 522 47
959 47 1054
374 1054 1383
846 1383 260
204 260 1243
63 1243 1642
276 1642 1507
456 1507 226
150 226 1887
877 1887 630
509 630 293
148 293 182
913 182 851
246 851 1338
109 1338 1653
445 1653 948
382 948 813
607 813 1116
384 1116 909
68 909 1914
591 1914 349
742 349 1974
815 1974 441
161 441 178
58 178 1129
964 1129 1240
688 1240 617
131 617 364
703 364 325
225 325 1858
95 1858 1407
159 1407 758
707 758 385
299 385 1852
396 1852 1069
921 1069 1368
192 1368 637
507 637 982
119 982 153
602 153 690
865 690 1889
754 1889 1764
980 1764 1871
786 1871 1144
979 1144 421
580 421 848
901 848 1277
145 1277 1876
545 1876 1965
213 1965 1780
585 1780 1969
100 1969 1556
236 1556 539
57 539 12
391 12 127
570 127 214
801 214 1447
851 1447 272
825 272 1569
310 1569 376
386 376 1221
173 1221 354
239 354 379
970 379 140
263 140 1465
798 1465 804
123 804 433
791 433 530
155 530 1319
804 1319 342
379 342 1579
17 1579 1604
181 1604 229
905 229 1996
682 1996 499
763 499 1426
543 1426 1337
540 1882 631
306 631 1950
624 1950 1135
428 1135 1210
668 1210 359
676 359 586
568 586 395
761 395 1574
981 1574 503
13 503 1040
983 1040 129
765 129 1504
318 1504 1697
163 1697 1882
