999
1916 1776
843 13
212 1290
792 1878
675 255
277 1095
1749 517
1881 1411
1976 132
1025 187
145 553
1332 744
940 1268
503 1703
91 1109
593 1421
1099 173
1579 1139
501 1365
906 1088
1441 429
407 1835
794 538
1904 724
1042 1688
1541 693
1740 58
1341 287
823 1125
151 1757
1633 541
912 1396
708 82
487 1015
1445 1623
317 1899
1390 1908
1146 22
703 1583
1869 709
126 682
1132 1788
688 1124
101 1089
1638 1014
1704 4
924 1626
668 1168
1617 641
438 1212
112 1378
1007 1339
1261 561
218 556
1816 400
1659 1299
520 1008
733 539
178 1614
1219 1437
1874 100
1712 1824
1052 946
1243 1101
461 559
1973 977
1724 374
102 156
829 909
1925 437
502 150
580 858
1635 651
1182 1938
555 1251
890 70
1398 910
687 1457
467 1467
1813 1023
398 1944
28 202
1311 291
955 1399
784 1830
954 1276
1420 450
192 566
139 1823
1984 1966
1036 944
546 1934
1745 431
1118 1066
931 1725
1858 1336
1030 298
1927 585
1842 1444
138 1230
1969 1187
1481 1723
547 393
959 1041
960 1818
1072 256
629 181
406 990
1752 1838
1338 1090
1557 1769
39 551
928 1126
1726 1266
498 1264
1598 1258
1737 799
1753 1477
1499 603
982 592
1011 533
965 1141
414 1550
312 804
1316 370
51 205
1730 1544
1446 1428
1839 521
20 1016
1269 1827
617 381
1981 451
807 1225
471 1123
170 1134
223 1389
1995 25
738 1286
1207 1013
1156 658
611 1561
1855 1461
1993 217
881 1203
1277 867
427 273
1520 1886
293 563
231 579
856 226
328 1714
201 1231
1495 711
1570 124
1424 530
409 497
1204 166
810 1470
1407 1985
1956 908
567 441
750 430
1697 861
52 1408
1121 1833
574 1524
776 718
907 1425
1084 798
607 1201
1347 1355
69 1649
1221 391
772 510
1143 1545
1911 353
1227 411
1094 1070
957 1071
1091 1961
516 1604
1377 819
991 803
1241 113
927 535
1559 1167
1798 1698
1975 1523
1655 1937
662 1568
1153 305
108 1368
512 62
897 701
1594 1578
1455 221
268 1486
1921 75
661 147
158 824
1222 1928
345 123
443 1259
260 1500
779 1479
628 186
483 261
1526 1854
310 220
1191 725
1358 652
33 1539
1965 963
1362 938
1719 821
1672 210
545 1
1380 1114
1673 1517
334 1462
1873 1103
1656 230
934 1792
447 1483
325 885
802 1566
1293 887
1006 280
667 1449
1647 1665
1245 397
1247 1953
1468 1828
1692 32
383 1159
206 1556
1652 1972
505 1301
366 354
462 1742
1755 715
550 1860
735 257
130 922
365 1367
1405 851
227 967
1330 1250
632 252
1868 894
896 478
828 1696
999 997
219 1679
1983 1891
92 1650
974 902
292 1628
1794 1352
1460 1538
815 749
1718 1666
140 1278
1488 426
1075 1353
338 494
1549 1197
1102 1096
1770 216
54 1596
995 1279
1271 225
191 911
1964 1252
336 1154
1642 1236
1910 1048
5 1573
1300 190
1112 876
1496 1796
110 1530
1744 1188
871 925
118 1166
614 1618
79 1133
270 842
200 1660
671 923
680 1206
493 1797
239 1779
864 742
1926 1478
1145 15
552 686
723 643
385 891
1756 42
1751 469
48 816
599 1413
1612 384
929 1417
793 631
809 1825
333 1065
1537 1475
1569 369
1687 1765
1110 610
1955 1115
870 840
363 717
323 1959
1929 1601
1046 1504
9 771
1731 283
647 1163
253 11
943 457
518 314
814 1732
378 1686
886 576
797 1933
591 237
1045 1211
1456 152
964 40
1387 953
1256 416
1366 198
919 1817
1783 1577
63 917
1767 1831
640 84
1334 1932
589 141
847 1707
371 1957
833 1223
1024 454
24 1632
56 1172
1404 606
1991 1083
80 754
1430 1514
1002 822
1198 780
740 424
945 1037
1620 6
1140 160
1200 262
222 458
1856 1510
1190 852
1990 1106
766 800
773 137
1853 635
185 37
916 1848
1117 1781
573 289
271 1415
344 508
1385 1593
1360 1054
1485 445
1473 1555
154 1138
29 53
342 1164
1880 836
1562 358
948 1930
666 1498
1834 1116
664 1864
376 1522
1651 1947
1850 1082
1711 1917
777 1845
12 618
1919 863
88 196
76 484
466 1872
1852 1674
1386 1564
44 412
980 392
1746 1870
184 320
1039 1597
1489 1419
278 1214
1183 197
436 604
8 1142
1716 1790
1391 1945
204 684
672 1884
569 1397
1693 1521
21 399
581 415
1772 1664
1199 1307
622 1992
1901 1867
659 1893
1108 1494
248 1244
1683 1185
61 1403
78 1272
987 1035
322 548
1533 1135
240 1474
726 1954
1875 619
380 760
1369 85
1128 968
536 352
294 1960
276 482
1081 1249
1051 855
189 59
1879 1107
702 1400
331 899
1484 10
1653 1795
770 1710
578 1512
96 236
714 496
571 1553
1705 133
612 1862
1978 1528
526 1920
1111 1525
1507 519
986 1630
1323 405
1414 716
1350 1970
335 609
1433 1715
1804 1254
1877 1137
1786 332
1113 235
755 453
455 1155
677 377
1565 1275
428 120
68 1736
865 859
883 1273
745 413
903 597
1439 1469
14 970
207 183
1308 1516
1371 89
1423 1147
893 1255
841 19
1671 301
1558 500
459 1331
507 1551
1242 162
357 1257
1078 356
131 529
1020 1994
636 1136
1438 1592
1547 1885
475 731
16 540
1262 1034
321 933
1394 1232
625 1327
1012 300
1519 1381
1304 1554
1803 1949
637 1761
875 83
630 452
1706 1436
1409 269
87 1427
1713 1637
674 1480
245 1451
653 1529
267 1291
1005 1791
1318 920
77 1287
1093 1017
1432 480
835 1505
719 827
175 27
527 341
1297 109
834 306
1171 699
1312 1900
1208 1160
879 639
1793 1511
472 264
302 1000
1643 149
1059 67
846 340
111 1359
114 1882
1759 1777
1157 23
1426 1406
737 375
778 1876
1343 1595
1361 1699
373 309
949 1009
423 1295
1750 806
596 1924
1572 694
1527 743
285 1029
1267 1497
234 818
26 584
583 951
1922 736
64 486
1502 1196
1739 1281
1680 1814
1028 1588
727 993
1092 838
350 586
1131 195
127 531
877 601
713 1727
1634 444
161 905
46 348
1509 1563
681 825
135 1229
1127 167
421 1895
1363 857
1931 1165
532 1280
915 259
1780 774
254 1646
1376 1150
148 116
1639 1677
837 649
396 1914
1905 281
1657 249
382 1464
1918 1326
1047 1801
1388 1800
180 1234
1349 57
691 1667
549 1173
55 153
142 1382
994 1602
490 418
958 1458
813 1627
1812 1936
514 696
695 831
362 442
1851 481
850 1226
491 795
644 1694
1073 163
307 311
74 528
1980 238
1302 950
921 1305
998 808
689 1807
1608 1950
477 1149
97 623
873 243
544 1384
587 1033
492 1648
1440 1654
1335 1513
107 1785
598 1774
71 1763
820 762
1100 1754
266 1508
1943 1861
1738 728
892 1472
134 1434
464 224
1581 425
582 232
759 1771
564 2
698 522
1923 1701
741 973
1766 288
179 1151
1202 506
947 119
1684 1068
313 705
670 1130
1043 1379
1636 678
1079 65
1176 1734
1625 983
1003 1061
1658 1454
1837 1443
1119 577
751 1729
386 1210
543 1463
1193 565
1195 1915
515 1741
38 1606
1274 988
1283 1841
359 159
1192 1260
1001 753
525 355
936 1728
155 339
246 1996
588 650
707 767
1053 251
468 602
1898 1832
128 1240
1018 94
284 1032
1038 168
1324 1986
193 969
1536 1220
1120 704
244 676
1487 697
1122 648
642 474
1074 992
645 849
1022 590
364 420
1897 49
1586 952
1322 1356
360 758
989 811
1348 634
844 18
95 1209
346 956
746 1997
1333 961
31 845
683 435
1560 1292
1450 476
105 1345
188 692
402 282
1342 900
1743 1217
789 347
615 1429
869 297
1501 1681
554 1600
1675 1609
1315 801
1490 448
1621 177
1690 560
1543 1935
1958 1180
572 98
439 1987
1248 250
1346 434
1374 1170
734 432
349 769
258 1952
790 1224
1789 763
775 1179
372 1216
1735 165
534 1616
1289 213
73 1721
1050 1392
1811 1105
1889 979
7 1337
1321 657
1459 575
1669 537
570 1004
157 781
1169 395
470 1482
1317 499
913 463
1239 129
1104 368
1582 1310
299 1067
832 1668
316 626
1989 613
1758 1820
1611 975
0 60
1971 1641
209 1181
930 1476
868 1840
1515 449
1057 1775
1064 1152
36 558
1184 562
387 1531
1177 1909
1871 1599
90 904
787 303
233 1809
408 1298
433 215
1787 1235
3 1977
862 1670
1284 1158
1676 176
1806 122
1465 1939
1768 1912
93 1847
214 1296
1314 104
914 446
1319 403
765 1585
1086 1238
985 1913
117 275
1532 1060
1857 739
1373 757
329 721
1979 1097
1237 143
304 1974
1548 1902
901 679
932 882
663 1085
830 600
788 488
208 1844
1571 81
440 782
272 1174
1534 660
394 1678
315 343
295 1189
1309 1733
495 465
308 1826
1717 1829
1422 136
1370 768
1218 730
878 918
1162 66
1285 203
1802 942
144 460
627 1615
1645 889
542 624
685 595
1383 485
1619 817
86 706
389 361
1605 1685
473 1447
1313 171
388 1610
1175 621
1644 1058
401 211
1161 853
1540 1942
646 888
1624 1340
125 1747
72 318
1810 1722
172 1518
854 690
1982 1402
523 665
976 978
1546 1448
410 654
981 1963
99 35
1372 286
669 1213
1027 1435
1019 419
115 1887
1587 1021
456 274
509 367
1836 1294
1354 748
1148 764
513 1941
241 1663
752 812
557 1303
1661 1883
1576 962
1896 1542
633 1453
1865 1535
1320 1808
791 1049
1859 1471
1233 1821
655 1393
524 296
1709 1967
1098 966
1466 848
1215 971
1062 720
941 1031
747 229
1682 1416
1395 1077
984 1940
1270 1080
722 1640
330 326
1288 1968
182 1892
1205 1819
265 1815
1357 41
43 1903
1894 422
247 1325
1782 996
1069 1375
1410 1762
1951 121
884 1056
1866 290
839 1265
761 1351
1228 1708
1849 479
1888 1748
1567 895
1695 327
1607 1799
1076 1778
404 710
1589 805
511 1907
1493 673
337 935
1306 898
1760 594
620 194
796 1442
972 874
1492 1580
860 756
1412 1988
228 1010
1063 937
1700 30
279 103
568 1026
351 729
1773 17
656 390
608 34
504 146
174 1590
1689 47
1591 417
926 1418
1246 1946
1344 1186
1503 1129
1622 1890
1613 1253
783 1863
1805 319
866 1784
379 605
1552 638
1631 263
786 1452
1178 732
164 1846
700 1662
1702 1328
1491 1431
324 1144
1764 872
242 1574
1584 1906
616 1040
1948 1506
880 1364
1401 489
1962 106
1603 1629
1822 1044
712 1720
1263 1087
939 1691
785 1575
1055 1329
826 50
199 169
1843 45
1194 1282
