999
1452 1428
935 767
593 1523
142 1258
250 362
1597 279
1583 1863
817 109
955 1819
374 880
836 1312
997 1555
322 866
1593 219
947 1355
732 1562
1952 1756
742 1114
922 496
1931 391
1600 1708
689 187
1892 1894
856 1180
1903 423
1977 785
1718 328
1774 510
1354 1158
1663 1727
1007 513
1219 711
360 1904
1896 738
463 1327
255 1359
1654 1124
679 49
1301 1729
1404 1338
1908 196
1375 1087
238 884
1873 1761
320 994
1605 83
312 624
324 26
967 721
547 1507
1070 816
482 888
1550 1744
514 488
1260 854
242 268
304 782
1665 1489
840 1144
985 1497
1589 613
1137 807
84 412
657 1917
1389 1655
616 1630
408 644
883 589
1495 791
240 1018
1207 1291
217 489
440 460
1066 1442
1490 1786
469 871
401 119
1958 872
1854 1470
658 1276
1305 1425
991 1397
772 1090
744 1588
1736 1930
212 1210
1513 699
1300 838
1571 387
648 1590
254 550
1181 1865
797 509
100 1918
420 1074
1297 1363
1739 787
786 1202
1329 425
334 190
1005 1811
965 565
749 773
1643 161
1812 1580
1502 1322
308 172
813 1451
1993 1093
1934 1274
1685 839
869 1823
981 541
1142 590
475 1123
1754 296
1394 804
1138 22
1506 962
1006 470
814 832
235 1545
1075 827
900 356
1810 1556
481 1025
1577 1293
1991 1631
1554 1598
194 396
285 31
1694 90
675 85
1154 638
1143 1457
1872 868
1579 759
404 1626
1837 1339
587 105
710 1444
1107 1115
1004 1386
831 1151
1922 970
93 141
1431 1133
461 1109
515 849
511 495
1695 921
1964 1414
659 1803
1092 28
1557 1453
1012 86
1543 145
1636 1200
65 1763
1758 842
1250 1454
1783 1221
1935 975
1625 1399
1436 1044
1719 717
518 1326
1983 317
1730 1682
1445 1365
720 162
358 444
24 1902
601 1281
1421 1191
1791 1331
336 1308
1762 1000
132 672
528 1020
1245 275
12 1504
1195 1975
632 824
1289 1733
1912 1560
78 1130
154 246
712 942
503 37
938 220
750 278
1793 1775
1669 1511
1409 367
828 1334
456 636
274 1512
1599 371
519 61
1910 1898
822 560
211 971
1441 19
447 737
352 1350
1082 1072
94 1782
527 315
1877 137
743 1531
696 1706
917 1015
1878 1876
591 417
881 431
1325 1089
249 1747
333 139
1649 121
1770 1108
1303 891
1660 1760
939 1759
1031 485
1388 1586
118 1460
185 299
107 73
1162 1432
441 459
693 729
1269 873
735 1469
959 553
1249 13
1021 719
1785 1491
253 1247
206 1406
1062 218
168 1382
954 1746
1091 3
896 1764
678 1642
642 1176
718 502
1152 1942
493 99
1548 1088
1544 1980
561 923
40 1450
656 92
1835 1755
1067 567
225 1419
372 764
7 1619
409 337
1046 916
1829 781
1945 1319
261 1271
1850 1122
1010 122
1925 673
554 570
1041 535
123 907
799 1199
905 1369
1740 1220
1480 806
1376 1196
1673 1847
627 1927
1576 270
564 1768
897 1413
1798 716
233 1149
202 582
1014 1866
198 1466
1116 1240
1023 1601
630 1558
902 1822
326 1304
943 635
173 135
286 592
293 1309
1551 1821
1136 940
35 1367
1781 345
1094 102
435 1395
1634 300
778 694
147 1335
536 692
1051 1377
1420 144
700 386
155 1311
191 127
1378 652
1827 11
29 1907
1640 1438
170 1986
44 6
740 282
1808 1058
1499 1859
793 1267
276 1478
1725 89
1849 1415
1681 63
913 1869
288 486
1984 584
346 650
1147 405
559 879
64 1692
1687 457
1177 1641
297 1055
680 544
1214 1340
0 1254
1540 136
87 1533
1125 825
370 1362
1741 1277
1201 1231
524 1622
682 1358
520 176
1517 1215
319 491
228 516
1944 976
354 216
1027 1855
1566 1514
1455 1627
1047 1905
611 1099
614 106
1071 865
534 1022
1616 138
332 1048
439 115
1624 1710
756 1246
98 1128
21 1459
691 1187
1527 1609
608 66
1886 1972
1722 722
309 1961
956 1520
178 200
1546 1024
1324 578
877 375
1705 757
5 1943
1487 931
1439 183
1748 734
1384 968
365 631
986 1272
1611 1585
805 569
545 1113
243 1947
158 1656
1926 1518
1965 1385
1753 389
494 1168
259 1505
443 1773
181 9
1302 1864
1484 1498
1602 726
906 702
1937 933
1897 413
1587 33
134 1978
606 80
1473 609
1824 1924
895 411
794 1608
667 1569
987 763
1306 414
128 768
110 894
1575 1671
1146 442
1679 51
1343 451
829 53
313 1223
1563 1161
305 1581
1657 1541
1134 500
1179 1101
251 1493
830 492
1662 654
449 1697
848 1472
341 1771
707 357
478 562
670 146
1693 347
1794 62
506 870
402 924
1591 241
973 723
552 914
1648 1318
620 1834
325 645
1296 234
272 846
1738 432
937 227
1500 182
184 1232
1192 140
1371 397
1446 416
1871 483
378 1320
920 1280
575 1867
941 1743
229 1203
237 555
972 236
1658 780
579 289
1891 1911
1381 901
1839 1809
649 151
1056 1784
1427 1211
1238 556
1788 226
1772 960
1895 77
1156 1700
208 1086
1592 626
1475 437
925 1515
1676 1696
1096 1064
687 843
415 1039
1607 239
1172 1884
1606 466
1547 381
1510 1282
72 1170
1838 1596
1678 1474
1464 1522
16 1270
847 619
583 889
1040 958
833 201
1374 898
615 81
1288 876
549 1929
1411 919
1573 1009
517 1659
1629 477
1171 1119
1393 1467
1745 1949
964 1034
1621 45
760 376
1016 364
983 1417
406 948
1100 222
20 776
1111 1921
245 343
301 1765
1836 1112
1190 1804
69 1617
713 203
1229 783
603 607
963 911
1677 1797
1957 599
1405 1737
798 1262
762 1026
1802 1360
844 1186
1299 1479
1806 1148
1461 753
418 46
468 1328
388 1218
1726 1488
585 1257
368 112
18 1538
1145 1795
771 1567
1831 1349
1032 174
1639 25
8 1076
419 1053
1298 14
1893 1465
1612 944
1936 758
1105 899
576 1230
733 1979
1380 10
1379 1989
30 1426
428 446
1734 1920
426 1900
669 209
1011 1401
108 1732
1712 210
1248 1976
504 1776
754 596
1539 1817
665 55
359 863
1769 629
167 1029
1561 989
951 1449
1106 1680
1968 424
1615 1861
267 1103
698 70
1234 1266
1974 988
588 1932
1408 784
862 1578
715 1683
792 188
1008 1118
1 1159
1078 950
789 655
348 508
383 1529
610 422
476 1992
936 952
260 1370
819 1383
252 152
1914 1742
1235 1779
1637 1063
953 125
1348 662
1140 1702
88 1174
597 1613
1988 150
82 1752
384 572
1711 273
885 101
353 1033
1396 676
434 1594
777 269
331 335
23 605
205 1387
1279 563
1294 1610
1059 283
1684 350
1225 501
811 1239
774 690
1286 1564
1163 363
801 993
543 861
1030 1644
912 318
1715 1341
1226 802
1332 1570
438 752
957 1923
927 703
1422 76
400 598
1582 306
1164 392
177 1767
1244 892
949 739
1052 852
124 1256
143 213
1526 998
1841 815
617 1623
1468 1508
68 1948
684 1366
221 79
307 265
41 581
1635 1259
775 247
521 59
193 1919
192 1792
1135 1165
1990 50
330 790
71 523
826 74
641 1157
1628 926
1141 349
1264 266
1955 1085
1638 390
1913 1263
1275 695
633 407
52 966
1121 621
1521 1787
395 1651
845 369
1933 455
156 104
736 1664
1255 1901
445 1645
878 1874
1227 1131
1845 1503
646 1714
841 1951
96 1750
380 1290
1153 207
465 779
159 539
522 1668
258 1530
1724 48
1816 1292
795 577
945 705
1574 4
1129 859
1906 214
932 1252
351 551
1206 1778
292 1316
295 747
1443 171
1424 1224
1535 175
1315 1713
725 39
992 340
837 1959
472 1584
803 1559
855 1189
533 979
1175 1981
1042 1050
120 458
277 1213
704 1532
1887 1857
529 969
1368 1242
1870 688
995 1407
542 490
663 215
231 1973
149 169
1217 1833
1960 244
179 887
1017 1155
1751 1237
1418 294
1083 505
1690 232
1723 1345
809 1953
1852 1236
1295 1889
651 1995
1691 75
1412 1632
1243 1185
1400 1212
1077 661
1065 1333
1036 666
262 1440
114 1268
56 316
1928 708
399 339
893 385
1127 1061
1353 1595
1749 1701
1717 1987
436 728
498 448
15 1197
882 746
1216 980
812 860
820 1890
1799 1971
886 1492
1672 1670
628 1604
1815 1433
462 1888
1848 464
103 1915
314 1458
1880 398
1160 1430
875 291
977 323
57 1003
1485 327
163 1095
224 1860
677 1825
302 1950
160 1856
280 1110
1060 548
1037 915
429 1731
126 474
1054 1410
1314 808
1997 1416
484 568
1603 1757
1524 1482
800 1278
857 1193
1356 454
1373 473
709 835
1542 430
361 823
558 874
1970 186
34 1862
580 180
1049 421
480 54
1013 453
1800 1688
507 1909
377 129
321 1939
1966 1940
1868 622
600 1652
1284 1402
1035 497
1208 1568
910 850
1173 1633
1253 1001
623 1043
1646 42
32 1954
640 1620
1098 1310
1790 1462
557 765
686 1996
1198 1938
1528 512
770 1994
671 113
1045 393
668 1766
1038 1844
467 909
1813 1477
1336 1552
961 1081
755 1265
111 741
1789 1391
1403 685
974 204
864 1330
1120 1832
1536 1204
810 1342
2 1364
1661 1777
199 1883
271 1347
1962 1618
284 58
537 471
1104 1614
1287 761
612 1434
1703 683
148 766
851 1501
1471 131
1390 730
904 604
116 1002
60 1496
1647 1357
1805 1941
1169 165
714 382
311 595
1565 1183
1674 1344
984 724
1846 1796
248 1456
918 594
586 540
697 653
769 287
1028 1476
1879 1801
366 1818
281 1073
1437 1525
1840 1392
1084 1916
43 1429
38 1228
526 890
929 1283
1830 602
1079 1807
990 1352
1068 1858
1117 1537
27 1549
1716 946
91 329
525 1241
1720 1372
298 130
1346 1982
189 17
634 1780
1205 867
1233 1967
1463 1885
1686 1184
166 546
1080 1222
1699 1875
1728 36
647 355
706 664
1273 1481
639 531
1398 532
1509 223
310 164
818 410
853 1985
1704 566
1261 1351
903 1963
858 450
1969 1689
978 1132
95 479
1516 230
1167 257
934 1650
1721 1707
1182 256
1667 1423
1188 1178
1881 1361
290 1534
1956 1166
1150 1698
1828 344
1251 1337
1882 1126
982 674
1483 1069
928 342
930 1820
573 1321
499 1313
197 1435
1572 1814
1843 97
1842 908
701 751
1826 394
637 625
996 452
1209 745
530 264
157 303
1709 999
1139 373
660 834
338 1102
821 1307
1057 1447
487 571
1097 1019
796 618
263 47
133 67
1735 1853
731 1323
788 538
1486 1666
727 117
1519 1675
427 195
1285 1851
433 153
379 1653
1899 643
1946 748
574 1194
1494 1448
1317 403
1553 681
