998
336 1254 1415
322 1415 1564
628 1564 129
821 129 1038
846 1038 1569
410 1569 748
994 748 1467
506 1467 22
117 22 277
726 277 202
283 202 833
496 833 1214
335 1214 75
750 75 1722
370 1722 693
231 693 686
839 686 1417
512 1417 432
447 432 1675
988 1675 1894
22 1894 1521
680 1521 1626
137 1626 1011
564 1011 14
550 14 117
987 117 688
731 688 1543
156 1543 1270
492 1270 1399
163 1399 1788
471 1788 1189
721 1189 560
201 560 593
2 593 1890
773 1890 595
882 595 1104
867 1104 1799
774 1799 1442
73 1442 349
671 349 274
197 274 1901
686 1901 160
793 160 1557
154 1557 1960
738 1960 1171
505 1171 296
115 296 1659
503 1659 898
497 898 41
658 41 834
974 834 755
851 755 150
609 150 1425
80 1425 110
414 110 521
661 521 1356
807 1356 961
850 961 334
99 334 1225
625 1225 914
441 914 863
572 863 1056
468 1056 1629
504 1629 938
190 938 1195
182 1195 1438
313 1438 1773
395 1773 972
461 972 1179
425 1179 314
782 314 1955
673 1955 330
666 330 625
967 625 778
302 778 721
48 721 448
768 448 917
212 917 400
641 400 817
7 817 1306
412 1306 1001
831 1001 162
170 162 695
676 695 140
451 140 223
930 223 1904
32 1904 1055
333 1055 1118
589 1118 407
677 407 782
56 782 1111
516 1111 1492
775 1492 529
729 529 446
560 446 987
411 987 652
310 652 37
189 37 912
633 912 1097
979 1097 396
129 396 1221
161 1221 1630
65 1630 799
271 799 216
350 216 1061
763 1061 288
325 288 929
902 929 132
178 132 743
210 743 1882
954 1882 289
463 289 836
10 836 103
781 103 1498
398 1498 1929
500 1929 866
12 866 1093
108 1093 1420
306 1420 1271
264 1271 1154
133 1154 777
617 777 1146
416 1146 973
440 973 692
304 692 879
329 879 856
23 856 235
121 235 1868
824 1868 793
319 793 148
871 148 649
467 649 1264
672 1264 1149
282 1149 1182
945 1182 1159
590 1159 1414
151 1414 1449
576 1449 464
780 464 1565
883 1565 232
744 232 1723
745 1723 70
581 70 717
165 717 1694
131 1694 1325
216 1325 326
290 326 111
852 111 674
955 674 433
991 433 1262
529 1262 617
652 617 1790
837 1790 1951
692 1951 574
995 574 221
656 221 1336
849 1336 1861
579 1861 1798
281 1798 699
86 699 1900
562 1900 989
575 989 1852
747 1852 179
739 179 528
179 528 395
681 395 1762
177 1762 415
482 415 376
510 376 655
592 655 626
476 626 1821
295 1821 1862
814 1862 1381
465 1381 514
53 514 927
639 927 712
188 712 473
808 473 42
833 42 1767
644 1767 1238
470 1238 859
705 859 286
293 286 823
811 823 1054
799 1054 5
378 5 1470
78 1470 1559
720 1559 612
869 612 1979
556 1979 682
344 682 57
787 57 412
62 412 1331
175 1331 1622
343 1622 891
221 891 112
541 112 1047
354 1047 1508
653 1508 1945
263 1945 96
693 96 1663
29 1663 1686
920 1686 231
735 231 1440
757 1440 1153
695 1153 1208
828 1208 1845
690 1845 1910
200 1910 1515
478 1515 490
733 490 873
232 873 146
434 146 745
969 745 206
239 206 9
396 9 1234
582 1234 149
736 149 1246
363 1246 659
152 659 1610
622 1610 121
219 121 1764
244 1764 519
199 519 1354
28 1354 257
942 257 248
887 248 1957
527 1957 816
50 816 345
298 345 1632
751 1632 3
243 3 324
47 324 1389
64 1389 1758
159 1758 573
959 573 94
207 94 1631
127 1631 1422
640 1422 1339
138 1339 1576
278 1576 1145
543 1145 1618
864 1618 1451
107 1451 602
903 602 1583
6 1583 1550
52 1550 1669
193 1669 1902
172 1902 1391
853 1391 1624
362 1624 1703
870 1703 732
15 732 1851
990 1851 130
913 130 1117
907 1117 1876
213 1876 1535
714 1535 1240
286 1240 299
227 299 1230
555 1230 839
110 839 1728
924 1728 1379
558 1379 1424
713 1424 191
309 191 1288
499 1288 539
697 539 1256
648 1256 1291
70 1291 208
475 208 329
910 329 1324
375 1324 837
718 837 1454
160 1454 165
880 165 246
187 246 1261
935 1261 64
330 64 1721
944 1721 1706
211 1706 719
236 719 394
966 394 1587
403 1587 1382
241 1382 1247
238 1247 1162
229 1162 1981
723 1981 240
69 240 397
452 397 44
315 44 1409
194 1409 1048
360 1048 1083
743 1083 910
829 910 565
101 565 450
937 450 557
838 557 650
327 650 1069
956 1069 1930
84 1930 1677
526 1677 1616
359 1616 1277
341 1277 1672
776 1672 1743
458 1743 474
798 474 1289
184 1289 1680
577 1680 309
371 309 1452
0 1452 1985
933 1985 562
433 562 937
448 937 1188
947 1188 237
460 237 860
772 860 603
524 603 808
800 808 101
613 101 530
970 530 1151
143 1151 584
326 584 1429
899 1429 1372
912 1372 1693
435 1693 1068
906 1068 1555
11 1555 418
536 418 1369
272 1369 510
27 510 1639
547 1639 1390
874 1390 685
854 685 12
181 12 1909
820 1909 908
964 908 1571
88 1571 1028
892 1028 1937
401 1937 482
51 482 527
208 527 1100
514 1100 1193
806 1193 558
812 558 541
112 541 434
616 434 1819
8 1819 460
72 460 975
162 975 1478
320 1478 1139
973 1139 1042
724 1042 365
383 365 784
585 784 7
259 7 1794
436 1794 1353
764 1353 1818
894 1818 1049
816 1049 994
44 994 1095
789 1095 1252
707 1252 483
454 483 1542
810 1542 985
59 985 1916
898 1916 331
618 331 1080
922 1080 193
662 193 1494
996 1494 1965
391 1965 30
559 30 1987
766 1987 1696
479 1696 1737
528 1737 10
557 10 35
297 35 48
700 48 1689
938 1689 1444
140 1444 705
703 705 470
119 470 409
260 409 1078
591 1078 465
696 465 636
196 636 959
234 959 862
586 862 1835
255 1835 1658
462 1658 635
291 635 472
719 472 1829
262 1829 634
916 634 1633
830 1633 242
55 242 1147
328 1147 1010
266 1010 1293
126 1293 1836
519 1836 303
971 303 1258
3 1258 1273
927 1273 1932
584 1932 827
122 827 340
717 340 423
24 423 1510
487 1510 133
982 133 1348
605 1348 753
535 753 1952
16 1952 1657
423 1657 1872
135 1872 547
49 547 1906
706 1906 1201
342 1201 184
450 184 183
380 183 1974
583 1974 427
989 427 1220
273 1220 1673
276 1673 1566
352 1566 1899
993 1899 772
82 772 325
444 325 770
842 770 1419
257 1419 1190
520 1190 1609
367 1609 1886
369 1886 1441
203 1441 1396
615 1396 739
646 739 466
485 466 1807
904 1807 336
176 336 107
228 107 1342
859 1342 605
619 605 1392
897 1392 1573
502 1573 406
513 406 467
847 467 506
437 506 545
387 545 302
792 302 1463
919 1463 1528
841 1528 903
936 903 1450
253 1450 1375
41 1375 328
26 328 1695
150 1695 494
393 494 247
660 247 640
835 640 1793
192 1793 1638
674 1638 1025
125 1025 934
943 934 1763
158 1763 1350
205 1350 1063
603 1063 1776
568 1776 911
525 911 452
968 452 419
549 419 362
4 362 1165
664 1165 280
794 280 305
422 305 1832
857 1832 295
711 295 668
845 668 1647
878 1647 58
865 58 1131
689 1131 188
588 188 623
832 623 372
258 372 651
749 651 1418
742 1418 1121
679 1121 794
409 794 1805
879 1805 1472
430 1472 567
256 567 348
593 348 907
270 907 1292
701 1292 1597
5 1597 1136
296 1136 475
114 475 292
710 292 99
249 99 922
18 922 919
501 919 4
704 4 1839
466 1839 1604
777 1604 787
96 787 1674
884 1674 71
667 71 892
645 892 171
712 171 1970
813 1970 1229
523 1229 632
183 632 591
214 591 998
650 998 1887
728 1887 1556
124 1556 1603
803 1603 1656
389 1656 1257
540 1257 830
427 830 923
252 923 854
54 854 155
308 155 104
684 104 1259
659 1259 1778
709 1778 209
563 209 746
770 746 533
722 533 436
767 436 687
481 687 572
611 572 1031
224 1031 930
958 930 1593
13 1593 1196
275 1196 39
716 39 690
627 690 641
669 641 258
699 258 1883
862 1883 1216
771 1216 435
300 435 20
515 20 639
928 639 884
42 884 1177
332 1177 1772
472 1772 455
683 455 1480
274 1480 609
406 609 1940
823 1940 1447
977 1447 358
171 358 971
202 971 1204
858 1204 1877
209 1877 1278
805 1278 615
498 615 1334
195 1334 587
139 587 1310
836 1310 317
167 317 1430
784 1430 255
35 255 56
759 56 1099
355 1099 804
116 804 21
365 21 1954
834 1954 1383
599 1383 596
569 596 661
754 661 338
975 338 313
420 313 192
663 192 1621
509 1621 1370
598 1370 1155
740 1155 398
783 398 1533
338 1533 1328
537 1328 947
14 947 60
877 60 1917
63 1917 758
553 758 1477
848 1477 1600
20 1600 1705
377 1705 658
79 658 139
218 139 1082
206 1082 343
517 343 1170
488 1170 1343
418 1343 964
508 964 381
486 381 1866
284 1866 401
76 401 1296
445 1296 1181
91 1181 1548
250 1548 327
788 327 1928
760 1928 707
432 707 1058
317 1058 1605
45 1605 1332
636 1332 1843
963 1843 1318
442 1318 1765
518 1765 1114
17 1114 673
267 673 1488
539 1488 1687
331 1687 958
495 958 375
376 375 538
985 538 627
277 627 1486
986 1486 1747
217 1747 1166
950 1166 1457
134 1457 272
446 272 569
386 569 610
595 610 993
630 993 614
356 614 1309
294 1309 1122
265 1122 1563
421 1563 254
90 254 865
357 865 344
952 344 1585
385 1585 1802
531 1802 55
571 55 750
191 750 1137
61 1137 608
368 608 1349
545 1349 1582
642 1582 1109
147 1109 954
242 954 1667
946 1667 1990
665 1990 1365
169 1365 1968
578 1968 991
81 991 18
542 18 1875
923 1875 1714
691 1714 769
891 769 1128
364 1128 1317
997 1317 1012
155 1012 1329
98 1329 990
905 990 63
323 63 1732
565 1732 1307
976 1307 594
888 594 497
827 497 380
694 380 125
604 125 462
779 462 1525
896 1525 1976
567 1976 167
574 167 386
307 386 715
587 715 1730
168 1730 1731
797 1731 986
384 986 143
649 143 1202
97 1202 629
573 629 1644
632 1644 385
762 385 522
698 522 1745
507 1745 1464
491 1464 1891
464 1891 1502
105 1502 93
145 93 1274
109 1274 1479
533 1479 116
876 116 413
402 413 1516
941 1516 1185
752 1185 172
106 172 1107
141 1107 300
301 300 1779
602 1779 180
815 180 835
809 835 706
926 706 751
965 751 714
881 714 1033
614 1033 1062
240 1062 1197
769 1197 1400
753 1400 203
522 203 702
400 702 509
92 509 618
980 618 619
493 619 568
802 568 931
379 931 1926
390 1926 1895
473 1895 1338
39 1338 11
311 11 1586
225 1586 27
908 27 1864
397 1864 113
843 113 744
83 744 1825
791 1825 738
33 738 1517
346 1517 200
373 200 1237
741 1237 1662
428 1662 761
868 761 128
413 128 647
925 647 1060
795 1060 867
917 867 210
566 210 1701
765 1701 1664
685 1664 679
37 679 1366
655 1366 731
984 731 92
254 92 759
136 759 1834
443 1834 795
702 795 838
87 838 115
361 115 976
349 976 1469
233 1469 680
334 680 871
75 871 946
909 946 1697
429 1697 966
678 966 1363
95 1363 118
226 118 1953
746 1953 606
405 606 1335
303 1335 1268
758 1268 1301
38 1301 1684
624 1684 1065
755 1065 82
610 82 1661
861 1661 1636
157 1636 215
734 215 752
637 752 977
786 977 1092
153 1092 1387
620 1387 1210
85 1210 1203
459 1203 1186
532 1186 571
978 571 928
957 928 1073
895 1073 1134
424 1134 915
796 915 378
455 378 95
940 95 936
597 936 463
34 463 88
607 88 241
439 241 1822
289 1822 513
30 513 408
66 408 771
544 771 1846
886 1846 1617
521 1617 1346
914 1346 1431
146 1431 282
316 282 675
132 675 1330
856 1330 551
708 551 1064
480 1064 319
347 319 924
438 924 1013
818 1013 962
118 962 1907
312 1907 1386
142 1386 411
408 411 520
345 520 1239
626 1239 604
875 604 511
149 511 920
456 920 135
292 135 1242
730 1242 47
981 47 1152
248 1152 1471
873 1471 1284
826 1284 13
235 13 166
921 166 869
111 869 1590
89 1590 767
1 767 480
817 480 1361
948 1361 1532
727 1532 711
31 711 196
40 196 1505
394 1505 1156
474 1156 1713
715 1713 100
93 100 1495
68 1495 624
46 624 1103
580 1103 1148
534 1148 1607
483 1607 1176
246 1176 773
102 773 666
756 666 379
992 379 1760
222 1760 1753
392 1753 1026
530 1026 653
890 653 718
247 718 913
324 913 1544
251 1544 1433
778 1433 1598
128 1598 1859
318 1859 1914
601 1914 1671
415 1671 1838
489 1838 1817
570 1817 1874
688 1874 537
866 537 944
552 944 1801
893 1801 1534
949 1534 1125
339 1125 590
113 590 273
612 273 1702
606 1702 275
180 275 170
314 170 1427
469 1427 204
855 204 441
230 441 956
372 956 1893
551 1893 1948
654 1948 1347
863 1347 1144
58 1144 575
457 575 1546
374 1546 391
19 391 1482
804 1482 1889
748 1889 120
725 120 957
638 957 1490
74 1490 1627
353 1627 1958
77 1958 543
631 543 554
268 554 845
682 845 1046
261 1046 499
960 499 102
299 102 321
822 321 1474
490 1474 1735
983 1735 1560
185 1560 1501
872 1501 564
279 564 1645
687 1645 970
144 970 1491
237 1491 1628
670 1628 489
71 489 1198
840 1198 1475
477 1475 978
939 978 283
623 283 356
123 356 515
148 515 566
934 566 1709
972 1709 416
453 416 1967
918 1967 182
449 182 1913
675 1913 152
600 152 1163
629 1163 1052
647 1052 563
621 563 136
337 136 1873
43 1873 1652
825 1652 815
651 815 1572
962 1572 1599
198 1599 1044
164 1044 1977
25 1977 630
288 630 1855
351 1855 388
538 388 197
961 197 1978
404 1978 1281
173 1281 814
120 814 583
494 583 526
901 526 525
911 525 174
546 174 383
594 383 1884
484 1884 243
388 243 1466
285 1466 1217
737 1217 1580
104 1580 1601
287 1601 392
643 392 251
426 251 1920
561 1920 1679
417 1679 1364
860 1364 1413
280 1413 518
166 518 89
321 89 1688
819 1688 1613
608 1613 818
932 818 1005
100 1005 1602
399 1602 689
21 689 1228
900 1228 1377
305 1377 364
511 364 399
761 399 1076
548 1076 1407
732 1407 420
94 420 341
431 341 1642
245 1642 737
204 737 968
382 968 31
130 31 1130
186 1130 1337
953 1337 164
931 164 1105
554 1105 516
348 516 1187
366 1187 724
885 724 431
215 431 534
358 534 393
844 393 370
340 370 53
419 53 586
889 586 875
785 875 1124
36 1124 1759
223 1759 476
596 476 1421
174 1421 224
790 224 1553
998 1553 734
381 734 1665
57 1665 1924
407 1924 1589
60 1589 802
635 802 189
915 189 1398
929 1398 883
67 883 826
668 826 1341
634 1341 1698
951 1698 265
657 265 1108
220 1108 1643
103 1643 1254
9 880 1041
269 1041 880
