0 1 2 3 4 5 6 7 8 9 10 11
0 1 2 3 4 5 6 7 8 12 13 14
0 1 2 3 4 5 6 7 8 15 16 17
0 1 2 3 4 5 6 7 8 18 19 20
0 1 2 3 4 5 9 10 11 12 13 14
0 1 2 3 4 5 9 10 11 15 16 17
0 1 2 3 4 5 9 10 11 18 19 20
0 1 2 3 4 5 12 13 14 15 16 17
0 1 2 3 4 5 12 13 14 18 19 20
0 1 2 3 4 5 15 16 17 18 19 20
0 1 2 6 7 8 9 10 11 12 13 14
0 1 2 6 7 8 9 10 11 15 16 17
0 1 2 6 7 8 9 10 11 18 19 20
0 1 2 6 7 8 12 13 14 15 16 17
0 1 2 6 7 8 12 13 14 18 19 20
0 1 2 6 7 8 15 16 17 18 19 20
0 1 2 9 10 11 12 13 14 15 16 17
0 1 2 9 10 11 12 13 14 18 19 20
0 1 2 9 10 11 15 16 17 18 19 20
0 1 2 12 13 14 15 16 17 18 19 20
3 4 5 6 7 8 9 10 11 12 13 14
3 4 5 6 7 8 9 10 11 15 16 17
3 4 5 6 7 8 9 10 11 18 19 20
3 4 5 6 7 8 12 13 14 15 16 17
3 4 5 6 7 8 12 13 14 18 19 20
3 4 5 6 7 8 15 16 17 18 19 20
3 4 5 9 10 11 12 13 14 15 16 17
3 4 5 9 10 11 12 13 14 18 19 20
3 4 5 9 10 11 15 16 17 18 19 20
3 4 5 12 13 14 15 16 17 18 19 20
6 7 8 9 10 11 12 13 14 15 16 17
6 7 8 9 10 11 12 13 14 18 19 20
6 7 8 9 10 11 15 16 17 18 19 20
6 7 8 12 13 14 15 16 17 18 19 20
9 10 11 12 13 14 15 16 17 18 19 20
