0
1000
229 419
350 419
419 914
131 419
419 465
419 532
48 419
419 496
291 419
419 926
419 449
419 676
419 982
365 419
419 625
419 826
419 868
419 583
419 878
192 419
22 419
419 998
114 419
47 419
419 912
419 581
419 701
119 419
237 419
419 677
419 492
419 622
419 656
330 419
419 871
345 419
419 617
53 419
236 419
419 698
284 419
169 419
419 913
171 419
272 419
133 419
419 847
419 992
419 667
419 789
419 481
294 419
419 955
419 682
419 867
419 799
419 773
360 419
419 679
419 907
117 419
419 750
419 527
94 419
321 419
51 419
419 430
419 991
419 579
370 419
419 624
419 891
382 419
106 419
419 809
419 497
84 419
339 419
419 482
419 589
274 419
419 678
419 593
419 487
419 732
419 686
419 738
419 474
419 524
419 560
419 448
158 419
335 419
235 419
419 437
419 846
198 419
419 594
85 419
224 419
138 419
419 528
419 934
419 709
317 419
31 419
419 521
419 857
419 462
419 707
249 419
419 541
419 464
419 827
419 952
154 419
225 419
419 768
419 842
104 419
419 689
146 419
419 863
254 419
419 756
347 419
419 889
419 575
419 960
395 419
419 632
419 957
419 565
419 970
414 419
419 601
271 419
152 419
333 419
268 419
166 419
285 419
419 435
132 419
419 751
419 649
419 577
419 984
269 419
419 488
327 419
419 466
127 419
419 939
342 419
122 419
297 419
419 567
419 730
419 929
419 445
419 595
419 892
419 951
419 804
419 819
136 419
419 782
110 419
419 578
147 419
196 419
419 542
419 531
419 661
419 806
419 718
318 419
419 533
379 419
419 573
419 812
419 890
419 585
275 419
419 512
419 548
311 419
30 419
199 419
419 708
419 502
337 419
11 419
323 419
419 520
419 472
419 563
367 419
232 419
322 419
419 555
419 722
121 419
386 419
419 422
419 911
37 419
419 803
419 852
419 547
419 972
212 419
126 419
213 419
312 419
109 419
419 828
419 596
62 419
419 516
419 546
419 559
419 463
357 419
419 425
181 419
419 818
419 636
419 504
151 419
419 808
334 419
332 419
419 813
419 785
419 549
419 458
405 419
219 419
419 811
419 851
296 419
419 848
266 419
204 419
419 995
98 419
316 419
419 696
419 747
404 419
419 569
419 645
419 759
419 643
276 419
10 419
363 419
378 419
419 611
415 419
239 419
419 691
153 419
259 419
163 419
419 784
419 503
419 522
123 419
156 419
419 446
343 419
419 562
419 874
419 899
419 598
328 419
247 419
419 805
346 419
419 576
419 864
419 728
412 419
340 419
419 690
264 419
419 539
338 419
419 693
419 684
419 833
419 490
419 590
419 637
419 716
419 931
419 886
283 419
419 769
388 419
419 439
7 419
419 797
380 419
419 431
419 659
419 771
374 419
419 674
174 419
329 419
170 419
419 870
354 419
419 862
419 917
111 419
251 419
419 988
419 831
419 642
217 419
419 973
419 746
419 609
58 419
419 713
419 615
155 419
29 419
419 882
262 419
419 872
215 419
281 419
273 419
419 865
419 928
419 841
419 843
419 537
228 419
63 419
244 419
205 419
341 419
419 592
331 419
369 419
42 419
419 451
419 755
419 711
419 493
302 419
351 419
352 419
419 552
81 419
25 419
107 419
419 606
419 737
194 419
419 620
57 419
419 776
419 694
419 695
95 419
419 881
304 419
19 419
313 419
419 901
419 770
419 729
419 639
419 976
419 845
394 419
419 519
6 419
113 419
419 702
252 419
39 419
419 558
99 419
307 419
419 762
413 419
419 883
419 966
419 940
419 640
419 778
419 480
419 443
419 491
419 561
419 965
419 807
419 944
384 419
419 638
419 433
401 419
308 419
419 461
419 924
419 989
419 733
65 419
419 834
40 419
419 619
419 648
419 543
124 419
52 419
419 635
419 697
419 761
78 419
101 419
419 545
200 419
189 419
419 518
419 749
185 419
376 419
164 419
221 419
419 985
419 699
419 427
419 568
59 419
419 933
419 631
419 658
64 419
209 419
180 419
419 557
116 419
419 903
419 920
419 712
419 815
419 714
403 419
419 775
419 470
419 550
419 421
142 419
419 744
419 975
419 954
419 753
419 772
419 485
207 419
419 544
419 428
419 723
353 419
419 854
419 510
408 419
250 419
419 800
129 419
419 726
293 419
173 419
419 990
362 419
56 419
419 429
419 757
419 968
419 486
419 646
419 630
419 629
419 641
373 419
139 419
419 540
419 618
46 419
179 419
419 509
419 554
419 830
419 498
419 473
419 489
186 419
419 942
419 440
290 419
17 419
419 896
419 764
282 419
303 419
419 763
419 483
419 534
41 419
248 419
182 419
419 921
419 607
419 895
32 419
20 419
389 419
24 419
115 419
419 918
419 644
419 655
419 508
419 719
15 419
145 419
419 801
419 996
230 419
256 419
105 419
315 419
38 419
419 910
419 668
300 419
419 790
419 979
419 740
419 438
419 783
314 419
419 905
61 419
141 419
419 897
9 419
419 894
140 419
100 419
419 538
160 419
419 650
125 419
419 574
143 419
419 822
419 947
419 724
419 839
419 566
419 604
349 419
118 419
54 419
419 526
240 419
419 551
280 419
5 419
419 662
392 419
419 879
16 419
419 633
419 571
419 680
419 580
93 419
387 419
336 419
419 715
191 419
419 904
419 961
206 419
419 628
419 688
419 556
419 820
419 657
419 499
419 426
222 419
292 419
419 672
216 419
419 859
419 743
419 507
288 419
419 647
419 663
419 779
227 419
416 419
419 777
419 700
348 419
419 758
390 419
419 858
391 419
419 727
419 964
397 419
419 459
67 419
419 971
419 893
90 419
419 945
419 978
419 612
419 442
419 823
419 915
419 669
419 825
419 423
419 654
419 664
419 652
419 476
419 836
419 877
419 671
112 419
13 419
419 796
371 419
33 419
419 754
184 419
419 515
419 837
393 419
419 665
419 739
419 692
0 419
419 704
419 767
419 855
102 419
309 419
419 444
419 902
377 419
419 525
410 419
419 513
83 419
257 419
419 603
108 419
419 849
148 419
135 419
161 419
419 981
298 419
55 419
419 673
419 958
419 613
103 419
419 741
419 536
96 419
324 419
419 736
419 887
419 949
419 853
419 742
319 419
68 419
419 623
49 419
419 706
36 419
419 506
50 419
183 419
34 419
419 587
306 419
419 478
241 419
419 484
419 572
411 419
419 856
419 616
419 946
419 477
21 419
419 884
286 419
419 900
419 495
419 529
419 922
419 479
419 720
419 588
419 621
419 441
3 419
419 980
168 419
76 419
87 419
218 419
398 419
89 419
419 670
399 419
419 967
419 969
419 666
381 419
231 419
359 419
245 419
419 517
419 838
263 419
86 419
211 419
253 419
419 948
419 977
419 424
419 452
23 419
137 419
79 419
238 419
419 731
299 419
74 419
409 419
326 419
383 419
419 935
407 419
14 419
419 734
419 745
419 420
419 634
419 725
233 419
255 419
419 614
419 570
419 432
301 419
419 608
400 419
2 419
75 419
66 419
419 936
419 447
325 419
406 419
419 748
18 419
267 419
419 457
419 795
364 419
419 956
88 419
419 835
177 419
97 419
419 930
419 766
419 774
419 986
419 814
419 791
91 419
223 419
419 436
260 419
419 683
419 591
419 983
246 419
208 419
214 419
92 419
162 419
26 419
419 963
167 419
419 821
419 953
261 419
210 419
419 456
419 923
419 993
419 937
43 419
419 685
419 626
419 467
419 792
419 475
190 419
419 610
419 781
419 535
385 419
396 419
419 962
368 419
419 687
419 627
419 651
419 597
402 419
150 419
419 925
419 468
419 943
419 600
172 419
419 703
201 419
72 419
419 514
419 869
289 419
419 602
419 850
419 584
419 876
70 419
419 752
419 909
419 605
419 454
419 471
419 959
418 419
361 419
243 419
44 419
419 932
419 675
419 938
165 419
130 419
310 419
419 974
197 419
419 564
419 798
295 419
419 455
375 419
8 419
120 419
419 919
187 419
305 419
419 950
419 705
419 710
419 916
4 419
195 419
419 653
366 419
419 505
159 419
419 908
419 494
417 419
419 460
1 419
12 419
27 419
203 419
134 419
28 419
419 453
419 717
419 898
419 780
419 861
175 419
419 599
419 999
128 419
358 419
60 419
419 721
258 419
419 832
419 997
419 810
419 885
287 419
320 419
45 419
419 824
80 419
419 788
144 419
419 802
372 419
419 501
419 660
419 787
419 829
419 681
419 511
278 419
419 553
419 523
419 586
419 888
419 873
419 844
419 866
419 816
188 419
419 434
419 582
419 500
419 906
419 860
419 927
355 419
419 760
202 419
82 419
242 419
419 765
419 880
265 419
220 419
77 419
419 817
226 419
419 786
419 735
419 840
419 450
178 419
419 793
157 419
356 419
419 994
176 419
73 419
419 875
279 419
419 530
71 419
419 941
344 419
419 794
419 469
35 419
149 419
193 419
277 419
270 419
419 987
234 419
69 419
