0
1000
398 472
29 472
472 885
344 472
52 472
254 472
472 767
472 663
333 472
17 472
472 817
472 827
161 472
472 853
472 762
339 472
42 472
472 718
144 472
359 472
472 490
472 918
32 472
245 472
288 472
71 472
472 938
232 472
118 472
472 666
146 472
8 472
472 775
472 801
472 725
190 472
225 472
472 659
91 472
300 472
472 901
381 472
472 524
279 472
472 744
75 472
472 529
165 472
5 472
185 472
49 472
472 589
358 472
189 472
353 472
80 472
472 593
472 973
472 510
198 472
376 472
231 472
289 472
221 472
430 472
472 687
472 864
472 752
472 905
325 472
472 953
472 807
201 472
472 596
287 472
445 472
268 472
472 689
472 900
318 472
468 472
472 722
361 472
472 559
90 472
472 483
472 475
214 472
472 859
100 472
162 472
472 678
364 472
472 878
314 472
415 472
298 472
472 891
418 472
472 971
389 472
332 472
472 716
252 472
472 667
12 472
180 472
472 570
472 797
249 472
223 472
380 472
472 771
102 472
472 618
429 472
285 472
53 472
472 937
472 657
65 472
472 550
472 622
472 868
92 472
152 472
472 484
472 569
472 970
155 472
472 751
472 572
1 472
472 543
472 960
108 472
472 491
472 860
447 472
302 472
472 546
330 472
472 962
472 765
472 912
55 472
472 755
472 955
439 472
472 699
472 588
472 597
375 472
472 634
472 525
472 730
218 472
142 472
340 472
176 472
472 798
138 472
472 983
139 472
472 949
472 933
188 472
472 886
472 684
88 472
77 472
435 472
472 896
472 496
472 739
64 472
472 671
120 472
472 537
27 472
472 965
273 472
320 472
16 472
472 972
19 472
262 472
450 472
472 743
472 692
136 472
472 989
472 779
194 472
472 995
472 791
472 513
267 472
472 866
472 705
472 963
275 472
168 472
121 472
472 987
131 472
292 472
205 472
472 887
472 977
356 472
472 599
472 533
23 472
350 472
472 681
472 698
277 472
472 757
60 472
472 623
472 710
472 921
472 780
472 736
7 472
472 690
177 472
472 956
370 472
441 472
366 472
101 472
472 612
181 472
472 978
472 624
472 939
472 847
227 472
472 772
472 948
427 472
472 869
472 703
472 923
237 472
472 611
437 472
244 472
33 472
472 788
38 472
200 472
408 472
472 676
472 476
9 472
377 472
104 472
472 802
316 472
472 945
234 472
472 522
472 585
373 472
472 904
125 472
342 472
72 472
472 988
160 472
472 495
472 645
472 749
472 783
472 511
472 485
35 472
312 472
222 472
472 759
472 653
472 830
10 472
472 506
179 472
472 796
73 472
472 503
472 806
472 521
472 552
472 763
472 486
472 662
472 577
406 472
112 472
472 493
472 566
472 504
260 472
14 472
130 472
472 702
472 502
472 531
472 910
368 472
472 812
357 472
472 986
25 472
472 882
436 472
472 581
472 591
457 472
472 800
472 548
472 576
472 731
472 517
135 472
472 737
127 472
196 472
472 727
317 472
309 472
472 876
472 635
472 500
472 946
472 747
472 861
303 472
304 472
448 472
472 590
461 472
472 481
472 734
307 472
99 472
472 760
472 936
472 792
174 472
472 629
472 558
393 472
472 606
67 472
472 877
351 472
412 472
107 472
426 472
211 472
472 865
87 472
156 472
241 472
472 746
472 993
472 498
184 472
172 472
6 472
472 824
199 472
472 874
472 579
183 472
259 472
296 472
257 472
167 472
472 613
472 999
195 472
97 472
175 472
472 621
449 472
472 795
472 773
472 848
182 472
421 472
472 781
283 472
379 472
472 911
472 815
472 547
420 472
263 472
472 489
238 472
331 472
158 472
451 472
371 472
81 472
472 916
472 512
365 472
472 748
414 472
0 472
472 616
66 472
472 614
472 608
269 472
467 472
51 472
472 845
472 814
472 976
472 858
472 957
472 776
236 472
394 472
276 472
280 472
472 787
46 472
472 683
472 726
169 472
472 909
458 472
347 472
37 472
233 472
472 811
79 472
54 472
230 472
472 764
472 964
59 472
472 515
261 472
171 472
472 633
472 967
203 472
258 472
472 851
472 834
410 472
472 682
297 472
82 472
293 472
2 472
472 785
472 924
117 472
239 472
472 756
291 472
472 941
128 472
472 944
349 472
129 472
411 472
311 472
472 985
472 925
472 670
431 472
472 854
89 472
472 691
472 799
472 583
472 870
472 778
338 472
472 871
402 472
472 990
472 836
416 472
472 664
472 480
472 509
310 472
192 472
224 472
472 660
4 472
472 823
472 555
163 472
472 474
472 540
472 994
472 609
472 766
76 472
472 560
472 714
243 472
472 697
137 472
472 631
434 472
472 875
386 472
284 472
472 514
384 472
397 472
337 472
133 472
28 472
472 804
472 536
417 472
392 472
266 472
363 472
132 472
472 518
419 472
178 472
472 867
472 532
472 625
472 685
472 881
472 842
149 472
472 741
472 620
472 534
472 803
472 501
278 472
472 770
472 975
463 472
313 472
454 472
271 472
472 906
472 998
413 472
472 929
472 935
346 472
274 472
472 790
472 966
472 658
472 898
472 482
472 968
327 472
472 927
385 472
472 893
472 932
472 708
472 849
328 472
472 959
472 619
472 538
465 472
472 863
472 733
472 897
472 672
63 472
472 850
472 628
472 615
472 607
295 472
256 472
469 472
472 535
48 472
472 931
383 472
400 472
472 940
472 542
472 487
403 472
187 472
472 742
472 638
472 810
472 626
47 472
472 979
472 934
452 472
78 472
57 472
113 472
472 915
56 472
472 696
150 472
472 568
472 992
472 843
173 472
248 472
462 472
472 829
472 809
83 472
472 833
265 472
472 724
472 889
85 472
226 472
41 472
228 472
472 686
472 818
472 674
360 472
306 472
472 908
472 701
472 782
326 472
472 879
157 472
472 632
470 472
472 920
472 926
453 472
22 472
472 680
106 472
472 677
18 472
472 950
186 472
472 587
251 472
472 952
442 472
472 497
255 472
355 472
472 922
388 472
472 586
472 617
472 984
472 735
472 913
472 930
472 528
472 604
114 472
145 472
95 472
472 600
164 472
405 472
43 472
472 981
116 472
45 472
472 793
217 472
472 494
369 472
472 822
472 711
472 643
472 640
472 996
341 472
472 519
472 610
159 472
472 516
459 472
472 523
472 958
301 472
324 472
472 549
472 729
472 892
472 582
242 472
440 472
209 472
166 472
472 507
472 961
472 527
472 745
472 754
472 584
396 472
215 472
472 477
472 862
472 603
472 902
124 472
229 472
367 472
472 526
472 786
472 479
472 821
472 551
472 777
472 982
472 693
472 980
282 472
472 630
126 472
348 472
472 723
472 655
472 738
472 717
472 720
443 472
472 641
472 774
472 805
472 856
210 472
219 472
472 488
372 472
153 472
197 472
472 942
472 883
438 472
250 472
472 700
207 472
94 472
472 578
472 712
472 704
472 884
472 728
472 695
472 954
472 505
15 472
472 826
336 472
354 472
472 595
151 472
472 647
141 472
472 669
472 605
30 472
290 472
455 472
105 472
472 637
472 713
329 472
216 472
253 472
472 520
247 472
472 919
319 472
472 564
321 472
472 872
424 472
472 499
315 472
472 903
444 472
472 598
472 873
148 472
286 472
345 472
460 472
294 472
387 472
206 472
472 580
93 472
472 508
235 472
472 651
404 472
472 835
98 472
471 472
472 794
191 472
86 472
472 694
466 472
13 472
472 627
472 654
472 639
472 789
472 561
472 650
24 472
472 567
472 831
472 553
472 750
21 472
395 472
472 894
50 472
472 899
272 472
3 472
472 825
34 472
422 472
409 472
322 472
143 472
472 846
472 652
446 472
472 997
472 675
36 472
472 768
472 852
390 472
472 840
472 917
472 719
472 837
472 563
58 472
472 554
202 472
472 601
472 890
472 828
115 472
472 907
472 478
472 648
472 673
472 562
305 472
472 706
472 832
472 740
472 839
472 969
472 530
472 857
464 472
472 575
472 492
170 472
472 844
74 472
399 472
20 472
472 715
31 472
264 472
433 472
374 472
472 838
382 472
472 841
68 472
472 688
240 472
472 545
472 557
472 820
391 472
472 951
472 646
343 472
308 472
44 472
472 943
270 472
154 472
212 472
472 636
472 813
472 574
428 472
472 947
362 472
472 602
122 472
323 472
246 472
70 472
472 895
334 472
62 472
472 709
472 880
472 819
472 594
456 472
472 816
123 472
472 758
472 665
472 753
472 679
119 472
472 855
472 642
110 472
61 472
432 472
352 472
472 649
84 472
69 472
213 472
472 991
193 472
208 472
281 472
472 556
472 888
147 472
407 472
472 974
299 472
109 472
204 472
472 656
39 472
40 472
472 592
96 472
220 472
472 808
103 472
472 644
472 914
472 661
423 472
472 928
472 473
472 784
472 541
472 544
472 573
472 571
401 472
378 472
472 732
472 539
472 565
472 769
11 472
425 472
134 472
472 707
26 472
140 472
472 761
111 472
472 721
472 668
335 472
