100 100 100
74 72 80 13 40 13 51 57 17 64 94 14 45 50 59 1 28 71 8 7 3 52 57 72 90 65 59 19 26 92 16 7 14 64 74 4 37 81 26 59 93 27 100 4 41 87 67 100 84 63 82 68 58 66 76 74 21 45 98 85 23 25 91 85 9 51 16 82 58 76 72 73 47 5 58 30 83 1 6 90 10 94 10 8 84 44 60 50 44 86 51 95 57 63 58 79 13 17 71 68
86 24 44 85 35 76 32 69 71 97 100 70 60 45 32 36 51 93 90 56 12 29 91 36 6 100 60 38 62 34 18 92 98 47 74 24 43 54 34 64 83 22 72 66 8 33 62 97 33 36 46 29 90 12 84 59 3 58 23 54 61 55 22 53 94 84 31 39 90 57 12 74 80 77 26 29 3 59 9 2 74 70 43 26 4 36 15 77 84 51 14 63 41 39 77 73 45 61 13 98
66 13 8 31 81 15 65 86 53 23 77 67 28 74 6 0 91 97 46 61 31 67 55 5 27 16 100 16 77 47 14 75 52 19 66 19 92 24 1 98 8 53 63 15 60 42 42 21 69 60 96 84 74 70 80 1 47 84 81 84 1 18 19 73 78 28 41 16 36 56 12 53 0 65 76 12 50 32 63 2 100 94 23 76 39 1 38 90 92 4 33 85 27 42 40 66 60 26 17 71
84 93 97 20 80 54 19 29 15 6 24 35 66 33 91 44 3 76 50 80 69 17 47 21 97 40 83 32 21 55 71 74 31 35 32 69 46 61 46 25 81 20 60 97 1 85 100 5 84 78 48 44 2 100 1 4 50 74 37 24 63 42 91 91 38 18 62 50 31 38 52 69 25 88 69 40 52 22 78 74 57 16 25 96 5 31 70 73 95 62 80 35 4 82 48 71 37 96 73 39
10 16 21 37 83 94 33 50 64 13 95 80 34 54 17 83 72 15 91 75 4 14 96 35 15 27 54 70 28 76 0 37 9 11 5 86 68 14 33 56 40 21 56 67 18 26 33 68 91 17 23 28 78 39 86 24 93 61 85 79 79 75 94 88 71 60 51 50 33 79 42 53 59 18 86 7 57 69 9 96 60 81 24 28 19 73 64 77 62 33 68 41 66 100 63 88 33 36 70 7
80 67 92 61 77 33 74 27 85 41 0 21 36 67 2 19 28 55 95 7 81 79 89 7 53 56 3 50 69 92 54 49 73 0 9 13 26 73 17 36 65 58 8 27 32 64 31 57 9 64 13 43 47 44 70 6 49 69 69 34 14 66 68 46 74 88 0 36 16 72 19 77 80 10 75 21 3 26 42 93 58 95 66 5 100 99 0 17 49 78 13 96 4 69 39 8 0 17 13 68
81 27 52 42 58 95 18 49 8 28 61 41 65 22 61 23 55 79 62 91 94 71 30 44 52 91 41 69 12 62 0 91 17 9 89 52 7 31 84 63 47 81 54 84 65 42 50 61 42 85 77 63 52 49 23 89 95 57 77 10 58 66 30 9 6 41 85 77 6 53 12 65 43 9 58 94 29 21 80 17 42 42 9 68 77 79 68 96 88 41 55 8 33 47 28 19 70 8 49 45
83 97 3 14 1 80 50 56 62 65 13 83 29 87 10 4 1 95 89 54 63 7 40 12 64 89 73 69 52 77 88 39 16 35 14 78 83 14 16 3 45 83 95 91 39 85 34 8 12 22 7 97 14 67 9 62 59 87 52 28 54 32 48 55 8 7 32 94 57 12 54 56 6 7 97 8 76 64 0 19 53 8 11 51 55 81 59 11 56 4 17 17 14 95 60 98 46 11 25 92
85 74 3 97 48 91 77 74 30 67 46 44 12 91 46 97 14 54 91 46 81 53 17 61 79 32 1 65 1 39 84 72 2 63 70 30 30 87 32 3 85 96 24 67 26 86 55 98 100 73 84 76 29 92 30 51 87 15 40 22 66 64 91 78 90 22 97 41 45 38 69 30 58 45 29 10 50 46 43 89 98 44 2 27 89 59 87 18 91 92 80 14 13 95 85 71 61 49 91 23
10 2 28 7 77 58 28 6 18 35 73 55 90 2 17 89 56 57 60 88 97 76 10 84 8 1 47 81 48 47 6 91 70 71 14 87 56 31 59 20 9 23 100 44 76 11 62 78 65 0 0 0 99 47 0 40 61 90 100 17 7 28 90 23 80 10 87 36 65 54 10 15 92 46 23 73 3 32 34 68 82 31 60 18 83 23 58 37 69 2 9 50 56 10 0 13 2 28 2 98
64 56 14 91 85 69 60 97 84 42 23 47 60 93 24 58 93 77 1 69 29 79 48 73 94 72 46 14 75 49 9 43 84 23 73 47 7 22 95 51 15 80 6 47 96 86 50 63 78 34 75 98 81 35 78 32 90 54 83 3 59 78 79 59 49 8 37 15 87 0 96 69 96 62 60 69 32 31 83 78 74 88 49 49 74 62 55 42 84 56 71 14 68 1 47 56 90 13 56 88
62 77 22 8 37 68 100 53 64 68 27 85 85 0 83 75 93 31 31 38 31 51 53 56 16 25 75 5 76 43 85 4 67 79 74 81 12 69 75 5 89 76 29 52 73 23 85 66 90 55 50 71 87 26 38 30 47 39 35 90 46 32 94 64 20 33 25 74 11 0 0 17 95 34 45 50 74 34 27 57 100 98 60 71 22 53 40 11 33 47 81 17 17 56 35 11 13 51 94 75
32 96 29 61 10 88 59 52 82 66 39 16 81 67 20 92 22 71 95 100 43 71 10 69 87 60 7 68 44 93 54 36 6 53 92 43 7 94 93 96 93 49 92 82 48 72 93 67 15 61 49 39 95 65 17 47 1 100 64 96 85 37 36 87 93 88 91 62 38 20 34 5 65 6 26 85 33 0 11 80 77 41 64 24 76 26 19 21 20 28 92 42 11 60 76 14 3 22 55 77
48 19 82 82 81 29 8 9 94 53 19 32 91 25 58 26 26 81 39 95 17 8 4 46 79 44 21 67 25 99 18 72 87 10 59 18 19 16 50 14 92 10 24 0 1 46 1 47 7 57 62 20 60 83 12 1 40 40 12 35 46 80 32 29 12 47 73 68 47 58 65 78 67 55 97 27 27 89 13 80 49 96 47 65 97 2 87 16 13 8 26 95 60 91 12 24 16 20 82 71
48 39 54 9 38 29 57 95 4 35 61 5 89 45 73 64 74 50 48 84 13 14 27 31 16 69 26 14 93 29 79 93 84 97 19 90 24 50 46 59 7 61 54 47 73 0 34 25 38 22 88 2 46 62 28 47 95 40 31 94 26 15 40 81 72 45 79 80 91 49 2 66 75 96 29 2 24 25 70 61 43 1 26 58 6 38 36 23 82 6 87 28 27 31 36 33 21 13 48 44
80 43 93 30 54 36 44 53 3 35 19 7 16 5 43 86 7 22 34 40 96 19 88 80 89 25 56 22 36 42 16 76 40 2 9 94 4 31 88 75 33 11 27 17 62 39 75 23 69 63 75 1 32 57 7 52 32 60 56 31 73 73 36 6 31 78 51 86 86 3 39 83 18 43 20 72 46 95 9 73 91 8 57 74 48 7 64 36 97 41 36 59 21 84 38 40 8 43 2 87
75 75 94 99 63 61 64 47 28 83 80 43 6 41 76 67 49 62 96 6 84 48 86 8 94 54 53 22 26 65 58 25 44 69 1 98 1 11 47 89 32 48 26 67 61 38 22 48 71 70 25 54 95 47 91 20 52 48 0 57 65 3 10 51 49 44 38 37 45 69 86 78 50 4 73 63 66 13 64 36 79 54 76 18 99 28 18 50 91 36 7 30 11 99 67 2 30 47 79 42
55 59 35 38 62 65 33 25 26 65 30 74 58 77 80 5 95 64 8 33 26 19 99 72 48 49 25 45 41 42 7 95 52 17 100 70 85 69 92 23 32 75 22 67 2 6 59 8 82 37 87 87 39 37 44 37 12 54 54 1 99 89 45 28 65 79 27 84 77 5 43 97 20 88 56 8 53 72 79 74 71 22 49 21 2 90 88 75 51 81 43 27 31 17 32 87 45 95 77 57
30 76 38 93 36 41 68 63 45 16 84 18 96 25 28 86 70 92 87 2 36 14 97 2 48 78 36 98 93 5 1 2 17 96 90 44 51 87 6 59 22 17 65 56 52 62 32 33 81 95 100 20 62 94 53 79 42 81 18 18 42 63 48 93 61 54 12 19 62 21 98 97 37 2 0 7 13 35 56 61 5 22 94 16 47 38 71 20 96 99 41 8 70 46 3 86 87 82 81 54
12 39 81 58 61 54 93 25 88 60 0 10 27 91 20 95 42 41 43 39 33 20 85 59 42 75 87 22 93 7 30 18 64 98 25 99 94 96 15 10 27 4 79 73 90 36 43 26 28 40 13 82 69 25 77 70 35 15 39 87 85 26 13 27 8 10 84 9 58 19 16 46 75 10 96 58 50 17 2 58 90 11 45 90 75 11 17 56 22 20 85 75 21 100 95 91 40 55 97 78
76 91 14 94 19 5 12 30 95 75 91 79 12 5 69 19 43 6 7 92 59 62 25 30 78 66 97 94 30 55 39 6 96 69 70 22 80 0 77 71 71 23 29 46 25 15 86 84 24 91 45 67 25 15 1 11 33 52 56 88 78 9 20 39 59 46 87 25 26 24 95 66 21 19 60 49 94 70 98 86 79 76 9 32 51 48 69 21 25 31 84 32 25 97 58 58 75 15 52 42
75 14 20 86 29 42 16 89 27 87 94 40 59 87 20 1 13 23 57 53 82 66 82 58 60 24 97 76 31 93 64 100 35 37 4 7 39 47 62 46 93 32 28 50 27 88 34 56 8 29 90 65 75 87 24 5 25 40 87 75 24 87 25 63 37 7 64 44 83 26 57 81 11 85 2 16 28 71 14 39 17 43 53 39 59 0 91 73 100 48 32 8 71 13 100 13 16 75 73 67
40 47 79 98 73 62 76 78 90 61 29 94 66 32 54 97 100 99 86 46 3 100 98 8 0 41 95 77 71 97 100 7 74 52 40 58 26 51 34 49 82 48 66 21 10 86 93 11 12 49 66 24 71 41 8 76 3 58 17 43 14 83 13 92 43 58 13 26 59 3 97 0 67 7 97 57 30 14 33 48 94 45 16 90 45 14 86 9 45 87 89 70 64 14 85 62 90 47 83 88
87 16 93 79 95 4 37 21 83 6 60 90 55 8 32 84 96 50 34 9 54 35 94 49 99 17 77 73 10 99 81 78 53 93 3 88 51 66 5 78 54 3 38 99 41 8 58 53 13 8 13 24 83 16 41 70 93 86 99 9 51 20 41 83 48 33 21 61 53 50 66 14 42 55 62 93 97 82 10 55 9 25 11 26 39 43 37 76 85 66 22 12 85 33 13 54 25 31 18 63
59 41 34 92 84 74 14 37 91 19 7 11 82 94 34 35 5 38 67 88 19 93 49 39 76 100 82 0 87 75 36 86 98 12 74 29 92 50 96 75 74 98 4 87 50 71 12 50 10 94 57 45 93 74 62 23 64 49 12 85 76 58 46 44 69 9 16 33 35 44 1 54 43 84 45 11 29 50 33 76 35 23 33 22 0 95 80 37 49 10 51 68 12 62 29 36 74 79 83 32
14 54 15 33 48 22 93 2 74 47 81 66 64 13 39 28 69 87 4 63 10 16 50 56 2 27 8 10 71 54 16 17 48 77 4 28 78 55 38 89 73 38 79 37 73 29 6 100 31 29 95 15 72 65 39 49 71 22 97 77 25 99 55 22 6 29 20 90 70 19 54 58 19 56 83 92 66 98 49 26 10 9 56 26 18 18 22 60 60 23 49 53 70 67 27 9 58 21 18 21
64 11 88 7 24 57 2 93 52 56 22 59 86 76 77 35 24 27 6 55 3 6 34 37 92 34 60 78 17 95 52 18 43 34 64 45 92 89 70 90 93 50 24 5 27 30 6 32 8 4 0 99 21 78 5 39 10 31 43 26 83 22 9 7 31 29 92 100 65 92 96 77 21 20 76 46 100 41 66 52 59 82 97 21 3 94 67 78 56 39 28 21 71 96 92 77 51 52 50 26
55 52 10 84 64 77 88 93 33 75 79 89 54 83 20 78 94 79 90 24 55 50 54 77 30 70 20 67 15 24 31 89 76 96 0 6 95 55 35 64 5 91 63 7 52 59 43 34 84 48 76 74 14 12 72 69 96 23 9 68 7 40 16 33 27 92 31 74 4 13 30 72 98 71 3 31 16 89 55 30 71 55 25 66 78 46 72 26 33 100 21 11 74 94 35 92 53 85 31 49
55 15 26 13 81 57 78 13 94 9 65 80 28 48 11 45 56 63 13 80 78 38 80 30 1 61 40 70 87 45 6 17 6 54 8 41 76 37 70 18 22 57 42 94 93 1 62 23 97 89 14 41 43 3 16 64 9 78 82 35 37 17 35 30 94 1 29 99 27 64 39 49 19 84 50 43 50 43 66 4 28 67 62 78 56 94 81 29 2 48 70 68 14 7 71 12 100 74 98 10
37 22 17 47 26 96 24 40 4 6 93 15 27 29 49 74 88 63 32 11 87 72 30 41 26 92 55 24 56 44 69 68 6 85 7 34 83 97 29 0 16 71 2 22 72 97 9 35 79 81 72 35 29 79 63 39 91 4 11 31 4 63 35 0 22 89 13 22 76 4 98 34 79 28 2 12 36 70 11 45 64 13 3 6 24 95 84 79 37 1 53 1 50 90 79 0 75 69 22 65
16 32 27 50 82 16 55 48 10 31 77 21 45 49 53 40 55 25 20 25 28 10 38 0 99 23 48 24 52 5 82 35 7 27 59 55 81 86 16 50 29 51 37 19 82 64 0 60 97 78 23 43 42 90 52 42 71 9 42 18 21 4 12 75 14 65 93 93 80 15 93 91 44 59 73 93 54 43 76 23 41 10 97 95 44 29 61 28 72 33 23 95 88 29 47 47 78 84 12 38
72 1 2 61 79 98 48 44 53 94 28 21 78 10 75 55 3 0 79 48 14 65 49 96 54 96 95 43 48 97 82 48 41 14 30 6 20 70 42 71 26 90 47 28 0 50 7 42 1 54 13 20 84 57 2 93 20 78 84 43 60 4 92 35 70 6 30 46 0 73 83 19 25 56 80 99 72 2 46 26 38 27 28 2 94 38 1 4 75 65 40 47 22 72 90 61 16 8 28 25
92 73 52 66 27 100 20 28 64 28 62 43 99 55 6 74 6 74 43 35 0 61 74 60 31 25 70 46 24 100 89 7 55 80 3 85 62 31 23 72 6 86 62 48 47 21 69 8 72 54 69 90 89 82 5 42 95 72 98 96 14 57 100 61 16 50 18 78 73 34 75 78 83 19 86 83 57 8 84 23 82 64 99 69 71 8 89 46 59 83 72 27 17 20 26 46 21 24 81 55
31 54 57 56 98 1 77 59 76 18 4 63 90 62 4 33 27 68 28 26 84 100 65 2 80 96 29 65 5 55 37 72 55 19 89 42 75 88 31 37 66 97 14 49 44 89 94 81 29 90 25 80 77 97 99 87 77 10 94 18 37 81 1 40 65 25 19 84 77 56 94 85 18 86 91 36 26 77 31 28 72 49 90 52 20 10 14 4 52 32 100 26 75 14 20 89 34 31 65 6
25 39 28 73 71 89 24 79 40 82 60 48 30 37 32 80 66 28 78 62 59 37 91 76 63 78 11 6 26 84 1 18 35 76 17 30 27 24 49 47 47 40 54 21 6 80 98 60 22 27 34 23 85 9 78 57 47 75 8 0 92 40 36 3 56 48 11 50 17 96 39 79 47 43 18 30 76 69 42 59 80 97 50 14 68 22 10 68 95 33 54 82 8 10 83 5 57 10 43 86
99 55 69 76 67 41 46 100 49 86 80 41 28 1 22 97 6 57 51 40 67 24 20 12 41 91 16 95 3 69 92 33 7 45 53 90 36 82 41 30 35 84 84 85 18 36 80 3 38 90 81 85 42 40 65 68 33 50 5 86 97 33 85 21 25 49 37 93 49 98 15 74 5 16 6 96 33 57 38 44 30 80 31 55 30 16 55 97 46 28 44 80 67 52 78 53 64 65 68 23
14 13 52 83 70 0 67 15 100 75 26 21 79 8 9 35 96 94 24 27 30 2 8 99 60 42 89 74 37 49 88 67 91 8 19 9 3 72 6 66 49 49 40 79 62 72 74 84 38 44 35 48 67 72 63 73 90 91 54 73 96 3 60 26 66 25 99 63 72 77 96 72 42 57 52 80 10 31 61 58 42 12 23 11 67 49 64 20 46 85 36 70 56 21 62 53 0 30 39 76
14 27 71 71 46 38 1 26 29 77 70 70 13 90 80 21 12 61 42 28 88 63 0 61 16 99 100 78 35 64 100 49 76 86 78 41 28 55 7 1 99 86 50 84 46 14 6 56 78 83 5 26 96 87 48 39 28 44 27 46 90 40 36 25 35 34 45 4 8 99 98 13 69 77 25 82 10 79 64 22 79 36 24 43 62 61 45 67 67 19 81 71 73 84 100 57 85 26 77 94
34 79 87 79 81 28 95 98 88 46 70 69 60 50 97 22 2 45 100 19 33 78 30 86 56 78 40 89 6 20 25 79 96 55 72 2 49 44 67 91 24 29 25 21 71 47 41 64 5 45 87 92 25 91 11 33 55 84 31 46 79 86 3 68 76 64 25 68 85 89 21 64 88 32 87 3 85 70 45 8 29 40 58 9 80 13 10 14 6 42 98 27 4 3 25 89 79 0 73 22
46 2 39 85 45 76 86 96 15 34 5 99 86 90 48 29 18 65 22 24 48 4 76 56 18 74 58 69 17 62 1 25 35 83 25 48 22 22 42 43 98 72 4 58 98 2 37 78 78 81 58 55 99 18 28 19 39 46 100 30 61 8 69 73 46 59 39 53 35 87 15 24 93 10 76 13 88 44 9 19 91 43 83 87 51 44 84 4 31 1 28 91 19 37 69 49 50 49 8 38
83 51 4 78 96 57 11 25 6 2 41 79 19 78 81 80 62 79 15 34 0 88 5 1 96 48 49 47 80 47 46 68 53 26 30 72 4 47 24 91 40 39 20 18 41 49 44 40 30 30 53 83 43 81 69 58 5 93 76 72 97 69 89 21 5 93 51 81 65 51 81 100 77 68 61 46 92 18 51 21 88 50 32 16 16 17 23 3 76 48 77 78 93 92 93 24 96 40 91 84
10 71 87 35 0 43 97 3 40 5 85 7 10 69 63 15 59 81 20 70 62 37 76 78 94 32 32 79 0 3 68 13 99 6 85 82 87 76 48 65 84 1 78 34 73 51 77 45 87 56 15 98 18 4 46 34 84 41 96 62 86 79 6 94 47 5 63 98 26 13 7 72 34 86 51 17 63 44 52 85 28 56 78 74 58 75 2 51 49 88 85 3 16 78 34 58 58 36 90 20
17 62 44 87 81 26 40 23 90 95 61 30 16 19 76 12 41 53 3 82 15 74 21 25 6 83 99 41 6 75 76 34 88 100 26 30 41 92 72 17 75 91 95 11 13 86 57 20 88 89 10 29 42 63 96 57 91 92 92 43 39 57 57 42 88 91 78 29 45 63 42 36 6 73 0 72 62 94 11 88 14 30 2 96 72 12 13 66 94 31 41 16 39 67 57 29 58 29 66 56
48 33 38 30 69 19 43 40 37 81 24 65 93 84 66 81 21 90 52 17 69 84 85 58 80 86 13 45 77 45 63 83 22 36 45 20 58 84 4 66 70 74 23 88 35 87 72 90 96 39 64 70 95 94 68 99 61 29 98 44 44 79 26 31 45 57 89 45 14 84 10 2 55 42 28 16 42 13 70 63 70 84 92 60 80 91 6 84 75 96 96 58 1 93 75 26 19 27 0 74
52 26 72 50 24 48 43 98 72 36 2 33 50 80 65 71 91 33 25 47 72 54 76 47 53 98 74 28 78 1 84 62 64 89 61 14 61 26 90 74 45 37 94 3 98 19 36 77 7 94 85 72 28 42 0 2 91 2 2 61 57 97 77 7 1 79 45 67 55 29 6 17 89 46 53 18 53 43 27 86 54 70 88 3 19 2 44 69 59 42 25 43 33 41 32 76 54 17 49 12
51 40 37 67 12 13 9 38 45 15 88 26 93 41 87 35 12 65 35 41 85 86 98 39 70 11 32 42 32 51 82 87 91 0 23 31 100 14 18 62 31 52 37 77 76 77 75 39 10 80 4 7 14 97 55 38 89 65 100 14 95 49 85 22 8 6 67 38 82 71 76 73 62 50 38 85 56 59 22 66 87 81 33 55 69 26 52 53 80 38 25 76 39 51 40 42 13 19 18 80
32 22 73 37 100 22 42 29 10 44 5 23 51 60 73 68 69 9 68 51 72 100 13 6 18 8 73 7 97 87 82 81 18 77 46 3 93 12 27 84 30 5 75 47 94 68 35 65 68 2 37 9 39 54 23 54 64 90 76 35 86 67 67 99 90 91 48 46 66 9 24 14 62 81 66 24 13 94 16 10 12 6 25 71 93 2 18 86 39 25 59 96 75 58 94 22 15 84 53 92
75 38 22 92 83 48 62 23 59 29 5 61 61 42 7 76 49 17 14 38 74 52 77 38 42 84 95 82 90 20 29 86 20 13 9 8 86 30 19 75 78 43 76 4 49 61 35 17 94 42 72 38 21 78 89 72 85 80 79 94 31 98 9 36 70 97 93 83 8 92 73 14 71 94 50 73 71 45 84 81 78 82 49 20 62 92 28 31 85 59 73 29 3 85 48 77 92 49 69 84
16 95 54 16 87 10 11 8 30 34 58 62 3 32 85 10 8 91 78 88 92 16 52 29 28 14 0 69 98 15 72 84 15 12 36 29 27 90 71 73 27 96 98 73 19 20 85 3 22 24 11 56 58 57 14 63 41 83 81 76 73 95 56 49 8 30 57 46 56 83 68 87 52 5 8 74 36 31 68 19 39 22 96 62 76 41 69 54 36 39 93 84 95 2 72 35 46 9 26 50
3 85 96 90 48 90 27 2 15 54 56 26 83 94 78 21 32 93 71 57 36 78 62 10 45 2 47 70 91 89 87 71 73 32 18 54 44 35 76 27 1 53 67 10 68 38 45 42 14 89 43 68 89 26 86 50 77 15 20 89 41 95 52 12 60 27 16 3 82 15 11 71 73 40 9 88 81 88 20 18 20 28 31 60 40 83 32 38 24 14 9 90 67 28 13 74 42 22 66 36
17 39 41 1 55 9 54 44 91 42 54 97 59 25 20 49 17 23 52 86 41 46 63 27 88 79 4 68 78 24 84 23 51 83 72 80 0 76 85 41 36 21 94 17 41 36 10 25 79 34 68 17 57 55 9 20 65 27 26 3 76 88 26 90 43 1 71 48 27 22 41 59 0 96 97 30 13 53 86 21 69 23 58 97 91 53 75 81 66 65 87 1 53 52 49 49 30 22 73 55
19 78 11 59 4 70 40 25 95 28 91 18 96 87 25 30 3 53 50 16 99 22 71 37 5 90 1 8 25 37 89 82 62 82 75 4 59 30 62 88 69 76 96 62 6 94 49 84 9 92 81 70 65 96 33 59 46 69 71 11 81 55 21 40 84 9 50 41 21 89 38 52 0 45 12 83 30 45 34 16 51 88 22 90 37 3 54 55 84 87 6 29 9 22 65 86 81 72 55 59
35 67 100 78 85 73 49 70 6 29 37 11 33 56 59 54 0 18 9 29 46 46 24 1 36 78 64 100 88 8 99 34 75 60 70 11 22 97 54 0 62 63 87 38 14 25 96 92 23 70 1 1 89 42 73 42 5 51 73 87 90 19 12 37 33 61 100 99 67 91 11 99 82 35 80 45 19 41 57 23 0 46 11 66 34 4 29 88 62 10 26 1 86 75 54 99 40 20 12 46
95 54 8 21 85 54 80 40 65 40 28 0 88 44 80 45 6 28 42 58 81 56 75 94 77 67 65 55 84 3 23 84 55 36 22 32 20 100 25 77 49 12 22 10 40 30 6 23 32 3 25 44 35 98 61 77 4 15 65 63 58 2 23 30 12 93 52 58 65 73 35 51 92 62 79 27 57 15 84 86 2 77 73 73 7 94 42 6 88 54 51 73 88 74 49 21 18 59 79 63
53 22 40 84 24 56 25 72 49 35 41 48 6 33 11 82 45 45 92 4 65 54 59 14 7 91 33 69 83 21 9 66 55 19 62 38 32 74 54 8 70 78 6 93 93 45 33 81 3 87 68 87 27 72 20 4 33 54 97 72 14 83 81 31 47 51 88 34 40 70 99 43 58 75 67 15 84 73 16 85 30 45 2 80 31 84 90 83 88 21 78 3 35 89 68 41 39 6 75 41
78 97 39 85 39 41 49 5 31 51 40 32 49 35 32 79 23 24 37 9 85 56 12 91 55 68 98 28 93 92 36 40 88 82 58 41 23 53 87 25 50 91 3 71 69 26 83 25 21 91 12 50 20 14 29 73 28 34 42 95 89 93 77 12 33 61 95 86 92 88 72 71 55 91 87 81 60 65 44 78 0 93 15 35 94 54 29 30 66 14 94 77 51 28 12 19 87 87 48 70
23 60 3 16 59 23 60 69 5 22 94 28 70 56 81 75 21 64 73 30 89 65 1 81 83 26 89 12 62 95 69 44 97 10 2 40 1 63 58 74 31 49 48 21 21 22 60 5 68 19 20 13 92 6 0 50 6 98 84 97 26 98 24 29 58 25 12 27 57 75 31 58 15 11 13 1 80 9 58 99 66 11 73 75 14 85 43 33 8 16 83 95 39 57 24 51 19 76 32 94
74 79 99 5 27 0 16 81 63 91 4 39 55 76 74 64 27 48 74 46 70 2 100 80 57 19 24 36 53 25 38 2 8 85 52 28 22 83 92 33 27 25 16 98 44 89 98 71 49 83 9 17 4 36 4 2 68 72 58 73 34 21 62 28 85 49 0 10 91 47 85 15 3 58 80 27 73 39 73 4 83 56 7 10 34 11 91 0 52 14 84 23 39 69 14 95 71 44 73 34
54 53 67 53 65 56 35 79 74 18 37 10 32 95 11 44 13 0 94 2 81 54 54 67 80 70 30 11 41 40 2 75 99 79 17 33 49 36 5 36 7 46 99 13 96 73 25 72 8 78 97 93 88 38 0 77 98 59 85 0 42 54 58 26 0 28 47 24 84 14 91 26 51 10 43 74 27 93 22 72 29 97 71 38 68 83 23 22 96 69 82 43 25 11 100 38 73 73 26 20
85 64 2 32 95 17 10 15 27 71 87 25 29 39 99 72 30 12 26 3 84 29 50 12 98 43 82 71 3 98 98 20 36 44 94 56 92 58 82 75 57 18 60 43 72 95 96 89 53 15 65 50 92 83 75 81 9 19 4 69 69 79 38 95 88 46 78 64 10 52 28 8 67 45 77 48 40 20 42 90 73 27 40 9 31 86 90 91 62 54 50 39 13 17 59 4 99 77 74 69
92 15 100 87 56 87 12 72 10 8 9 88 17 80 76 19 71 68 36 19 86 44 16 22 82 62 1 2 76 97 61 88 85 24 70 26 94 38 43 8 90 78 92 7 69 19 5 74 50 55 43 33 85 90 71 71 99 5 35 46 98 20 32 31 97 81 2 36 33 79 69 33 19 100 4 10 9 30 9 20 85 56 89 39 27 54 49 10 31 10 60 75 73 19 26 5 31 17 44 3
6 28 97 52 25 7 45 26 25 66 86 33 15 49 78 14 51 22 51 50 79 54 52 38 2 36 47 39 4 78 41 53 0 16 15 66 28 88 8 98 24 33 65 99 15 46 45 92 39 33 63 58 87 35 49 21 46 69 66 22 27 47 88 51 68 70 82 96 7 29 94 98 69 50 21 94 47 42 34 78 48 37 52 45 45 16 83 76 90 9 93 76 47 17 10 83 13 60 81 47
80 90 18 43 50 89 86 41 56 68 49 94 94 66 1 72 81 54 13 20 31 39 26 52 94 27 61 39 100 8 68 48 61 82 47 88 28 45 98 2 30 29 29 46 100 26 71 41 46 32 93 68 35 82 25 83 41 47 3 7 87 6 19 14 1 66 71 87 63 40 74 42 31 40 41 67 42 95 92 96 10 92 35 55 39 45 69 25 55 92 59 77 66 30 1 37 93 61 22 1
81 17 80 57 20 95 75 97 72 77 16 1 11 97 86 8 70 47 52 2 95 11 11 84 81 15 64 36 6 96 14 55 12 91 48 19 76 82 44 89 4 3 45 63 4 77 71 5 85 55 42 60 16 48 93 27 72 37 36 54 63 45 82 89 45 7 78 37 100 16 78 97 49 46 4 99 73 38 4 69 98 10 35 93 97 51 89 24 55 24 74 8 27 60 6 93 89 12 44 77
12 96 62 66 13 98 36 39 2 67 65 16 54 53 73 72 38 1 71 81 54 6 3 84 0 45 63 86 39 13 56 35 18 90 82 96 98 47 62 57 72 60 0 45 78 77 28 20 0 28 9 36 21 56 25 72 70 93 37 71 76 43 11 96 91 24 8 91 10 58 46 97 37 33 39 61 16 63 27 83 12 23 77 95 38 46 73 85 0 38 65 74 47 92 26 35 47 67 73 57
92 9 92 34 47 38 80 6 47 29 48 46 40 50 75 66 99 10 10 63 28 54 49 17 35 14 92 34 27 89 61 58 59 60 8 29 14 35 90 12 32 39 56 61 0 93 100 80 46 40 66 84 9 24 7 38 98 44 37 11 15 41 66 18 54 38 36 51 66 4 92 10 66 63 38 76 71 61 72 68 83 77 84 11 87 21 54 91 54 3 44 4 84 16 6 1 83 2 94 97
34 43 22 81 25 6 58 46 35 6 52 19 23 70 17 54 37 3 97 89 35 64 82 43 71 14 17 93 79 42 62 45 51 14 66 5 95 83 30 58 75 68 86 56 21 24 89 60 8 41 76 94 25 53 92 49 77 16 23 54 2 95 75 55 15 74 75 57 7 27 48 99 100 84 15 24 33 35 32 4 9 61 24 74 35 97 4 3 22 16 18 69 48 12 18 84 62 28 18 71
49 53 84 14 69 82 74 23 92 70 1 84 24 85 38 27 11 38 84 72 56 40 22 97 16 91 48 100 78 18 31 24 51 35 38 80 81 84 84 78 68 73 77 33 12 11 70 72 76 67 53 8 42 18 98 44 69 24 79 28 59 82 55 34 41 73 73 25 37 47 83 23 63 23 50 40 55 64 100 45 99 63 9 56 12 46 47 7 19 28 10 6 65 57 19 70 71 78 32 100
33 47 14 4 32 37 79 77 0 58 35 0 94 77 8 70 4 57 56 5 0 74 31 11 54 56 71 76 74 29 19 70 3 83 65 61 24 19 67 51 7 65 45 88 5 51 57 89 33 52 83 19 19 10 66 96 97 18 45 30 22 45 60 22 48 82 11 15 54 94 74 75 20 2 37 19 97 41 81 80 48 78 53 2 9 96 43 6 89 26 27 64 83 28 7 32 83 74 83 68
12 97 55 39 15 83 42 86 15 83 71 80 14 41 16 43 3 86 47 28 22 44 23 53 24 97 76 81 100 69 7 46 83 57 7 84 4 99 21 84 10 38 13 28 99 76 99 96 89 48 11 69 56 81 29 30 29 84 27 51 30 74 45 23 43 57 100 96 74 26 95 93 62 83 44 19 36 99 13 1 31 84 51 36 60 98 29 95 92 33 71 68 4 58 45 46 36 25 5 97
30 97 83 73 18 92 79 39 33 81 97 34 58 46 3 23 8 92 41 98 20 1 7 83 41 6 95 3 67 61 76 73 3 67 4 93 91 3 64 73 14 53 53 20 22 74 41 56 57 5 67 35 53 19 99 33 45 100 69 4 61 23 31 17 49 59 30 75 33 30 3 86 55 79 26 2 31 26 94 91 99 100 9 78 62 24 15 39 54 32 87 74 18 32 2 97 70 30 45 12
46 19 60 81 66 13 70 49 21 22 88 13 70 46 41 39 35 67 35 54 56 0 24 24 58 82 54 93 16 45 47 20 48 20 77 65 28 40 73 1 85 27 42 96 53 57 18 60 12 24 50 44 89 73 1 40 10 17 37 51 71 42 85 16 98 19 27 36 35 16 68 97 0 54 1 13 67 34 93 62 7 78 28 72 63 71 12 43 38 77 60 86 1 36 56 33 24 34 10 45
70 99 0 24 52 68 79 38 16 6 99 30 46 11 21 90 13 28 39 39 71 1 63 44 41 41 2 54 14 1 58 55 58 43 59 5 70 87 51 31 98 56 89 81 82 31 28 33 41 64 81 13 35 9 3 34 100 88 98 99 27 65 100 76 61 91 21 94 16 78 27 83 69 31 89 2 23 66 94 25 5 53 37 18 58 68 98 32 37 47 33 31 57 73 20 84 70 94 74 95
7 4 4 64 69 99 81 34 97 60 9 25 68 63 68 33 63 62 96 7 0 88 49 87 17 3 19 14 19 43 3 76 85 37 41 30 74 87 75 91 98 12 61 90 83 40 90 78 96 56 32 11 92 36 57 91 96 79 11 47 72 100 79 46 60 90 94 82 37 80 48 43 23 18 1 95 47 18 7 2 17 48 88 53 30 52 48 33 88 78 94 98 23 91 70 50 60 12 85 54
7 20 59 12 84 96 58 6 40 42 36 89 8 85 81 33 73 62 44 0 1 83 69 98 21 11 45 93 22 6 96 69 11 24 52 55 80 15 71 34 11 90 28 75 24 72 10 43 90 59 13 27 66 77 56 78 77 51 73 94 48 76 19 10 10 40 67 40 18 11 53 31 84 31 64 76 55 100 11 70 100 70 52 23 86 17 27 29 28 73 11 42 99 58 34 54 4 76 48 37
86 70 0 9 70 1 79 46 15 37 78 59 63 80 90 33 25 9 71 97 47 84 13 78 78 74 54 41 36 42 12 54 6 26 90 44 75 19 97 64 72 30 72 73 97 51 41 27 18 32 85 34 56 33 23 4 71 45 15 26 58 68 25 7 68 98 38 13 67 85 29 87 42 56 81 8 69 47 79 20 32 100 80 27 86 98 36 35 65 21 71 84 52 82 8 91 82 0 32 73
24 8 29 30 73 85 16 95 65 24 30 34 16 54 92 48 53 40 96 81 12 5 73 45 54 68 39 63 18 64 8 74 1 25 77 26 99 34 34 50 15 52 44 34 81 32 21 72 70 3 32 35 19 15 68 17 19 48 14 36 68 73 49 26 51 88 74 56 35 34 76 17 30 49 58 24 77 44 84 32 22 89 31 30 40 91 58 32 26 66 91 71 74 86 93 73 84 41 35 8
2 34 95 54 82 94 20 34 68 45 53 78 50 96 91 89 49 29 39 35 73 68 50 1 55 88 84 6 83 72 49 80 53 18 96 81 5 65 80 75 67 48 49 51 10 3 96 81 90 79 5 87 77 69 34 7 45 51 58 44 72 60 49 70 94 85 4 56 52 50 30 68 78 43 52 60 86 59 48 66 55 82 13 81 51 22 1 50 30 63 76 47 18 89 68 83 23 91 51 27
99 71 23 86 63 87 68 85 72 5 9 71 87 19 92 10 19 43 73 75 72 37 25 38 44 90 76 32 11 47 100 50 67 69 86 100 50 14 69 6 59 49 26 3 61 18 73 36 46 47 30 8 7 31 84 1 93 23 22 21 92 36 75 29 46 88 73 50 82 81 39 57 45 84 50 28 49 10 52 11 82 71 7 46 10 77 41 5 36 41 82 47 51 65 48 46 9 93 63 30
35 56 45 86 64 26 5 85 32 42 0 34 80 62 28 94 43 27 91 15 51 6 72 51 15 74 12 43 0 79 9 99 21 87 70 7 70 70 77 19 23 84 39 83 98 7 76 21 73 17 82 60 84 46 36 51 4 66 75 89 18 75 46 88 71 51 13 12 1 61 99 31 96 57 92 55 98 29 46 58 18 80 94 37 73 41 75 88 49 29 94 57 66 33 56 9 0 64 84 77
75 58 17 32 74 69 75 3 65 50 66 60 77 28 35 66 77 60 92 17 18 32 88 14 61 80 31 19 94 74 47 7 54 21 93 17 44 80 64 54 88 4 35 86 29 27 37 16 62 84 84 77 36 38 98 24 5 25 71 76 27 45 67 43 1 70 9 50 24 72 24 27 76 95 46 38 68 27 13 88 28 8 41 9 59 62 21 65 79 42 13 74 5 14 22 67 73 65 69 33
26 69 80 66 83 85 73 42 74 48 11 6 98 83 44 80 10 57 13 78 51 92 52 23 57 88 32 47 85 89 81 32 42 64 88 48 91 77 43 50 7 88 52 88 58 49 1 23 36 69 14 70 92 90 57 50 6 30 7 100 86 25 47 80 20 99 58 48 77 28 16 95 79 96 42 77 8 56 9 53 56 73 10 49 96 27 56 71 45 22 19 44 31 96 1 2 62 5 2 34
5 6 17 34 36 44 23 40 11 54 46 48 63 17 87 77 91 68 73 23 51 2 69 94 34 60 32 60 66 89 25 28 27 4 78 70 98 83 49 51 51 74 1 79 75 33 58 6 40 11 70 52 93 36 19 54 37 71 42 80 78 97 98 63 74 100 0 99 29 74 59 21 26 18 5 10 17 1 1 71 73 36 67 17 86 76 74 15 95 92 55 91 43 89 74 2 27 27 36 88
77 39 83 19 91 59 99 5 99 53 93 3 12 100 28 26 90 52 63 64 76 46 80 96 69 68 95 48 38 36 45 59 100 95 2 31 36 29 82 47 20 41 22 95 35 56 96 32 21 98 77 5 73 15 93 28 2 95 27 61 39 96 65 17 61 40 51 5 35 68 1 61 100 43 16 28 9 33 33 30 19 96 4 6 50 0 14 5 58 92 39 28 18 64 13 86 41 50 87 3
55 98 24 83 13 42 98 29 14 78 25 40 66 66 54 17 72 88 71 94 87 43 22 53 16 18 25 3 33 96 86 37 12 48 99 93 80 73 38 51 22 100 22 95 27 92 47 41 65 61 82 84 88 69 18 34 26 87 98 52 90 9 43 78 53 12 86 37 59 57 84 18 80 50 12 82 13 47 1 2 54 56 45 18 2 24 81 20 5 72 73 14 45 97 85 67 23 17 22 33
45 53 22 13 21 98 8 39 92 9 92 89 14 77 87 55 78 65 53 83 3 61 23 32 28 39 22 5 15 100 74 1 63 83 91 72 70 66 78 12 36 34 73 16 12 68 40 32 11 10 18 69 96 5 46 63 11 13 82 30 39 53 29 39 73 28 52 50 61 4 77 32 5 19 41 10 32 98 100 95 45 35 16 22 89 90 78 35 29 70 31 34 65 89 34 75 96 32 10 69
67 53 71 94 94 46 70 52 98 30 63 89 100 43 93 50 97 6 4 14 98 6 53 28 38 11 19 100 95 80 94 60 57 87 67 75 17 98 21 20 16 91 30 21 54 27 6 3 77 6 63 68 25 71 31 43 48 28 94 6 77 62 77 95 95 61 41 63 39 44 30 86 82 19 81 94 34 27 27 13 70 21 33 4 35 93 72 82 53 77 72 22 5 27 49 91 47 91 64 100
85 70 100 74 68 55 63 99 93 25 81 51 91 20 13 80 90 14 48 5 79 34 34 1 10 33 54 46 59 50 43 88 95 19 84 30 18 95 75 49 61 60 83 61 31 89 38 71 27 87 42 35 83 30 76 54 61 23 39 0 1 41 5 49 4 85 100 78 81 51 57 70 1 37 40 53 42 66 4 22 77 21 68 68 91 64 82 15 41 78 26 21 83 26 87 23 78 53 20 57
47 51 39 56 95 36 49 55 85 43 21 78 17 23 29 21 6 100 58 100 83 11 49 81 78 11 29 58 1 60 80 16 49 51 17 23 30 59 30 1 47 92 53 56 61 10 0 76 83 51 85 37 49 37 28 47 18 27 33 11 93 48 52 3 32 60 30 50 56 42 91 44 44 70 37 42 85 41 31 88 47 65 70 43 97 85 7 81 36 68 53 39 63 46 57 65 3 30 10 82
69 80 50 16 85 63 61 6 68 12 50 69 79 83 51 31 81 1 74 61 0 15 98 34 2 98 9 58 10 25 48 12 30 75 38 33 37 16 98 46 75 14 50 81 80 63 44 14 36 56 39 94 66 5 98 82 80 72 14 94 76 62 67 98 90 54 84 94 91 1 39 74 89 66 27 52 12 50 44 78 60 24 48 81 3 74 56 19 11 2 61 23 42 38 8 15 72 35 74 41
94 23 34 98 66 51 58 76 47 36 32 89 55 96 16 54 47 73 2 79 78 34 72 43 84 99 53 82 34 24 93 78 90 34 41 73 25 43 59 55 35 41 43 56 60 63 99 99 98 10 66 78 25 90 54 24 79 67 31 15 34 2 59 99 85 34 92 55 80 5 89 20 65 85 59 3 73 59 87 95 64 87 100 47 57 33 24 65 77 15 5 88 7 58 65 0 39 77 75 69
96 29 100 44 32 70 84 47 84 16 63 50 94 16 91 20 56 21 56 83 96 43 0 21 30 54 79 5 69 48 12 23 4 30 99 72 20 55 11 93 23 90 23 59 90 23 61 27 37 95 72 69 66 9 6 48 22 23 62 38 14 79 28 48 38 91 11 100 79 64 27 67 17 98 94 83 45 56 72 86 67 62 20 95 71 53 95 16 42 18 49 22 13 55 41 60 97 27 58 71
16 4 89 35 20 26 48 14 65 39 61 16 27 94 61 77 30 38 24 94 4 100 48 52 91 33 6 21 77 69 97 87 19 23 90 31 88 39 50 34 100 39 17 16 56 20 42 56 30 74 94 30 81 29 54 21 42 8 66 66 39 77 13 29 10 64 34 72 75 66 21 47 73 24 94 60 7 28 11 15 76 97 30 77 93 52 45 60 13 94 12 85 4 20 49 46 90 59 67 39
95 43 66 92 0 75 4 96 61 33 84 60 99 36 88 46 67 13 5 93 60 6 59 75 82 90 91 58 83 99 11 6 64 82 48 91 35 71 99 11 36 30 49 13 6 18 50 40 96 8 53 74 47 34 54 83 42 64 7 97 75 34 55 81 61 24 19 23 62 57 44 75 3 0 75 59 67 87 10 33 11 40 84 33 68 65 4 60 25 98 13 46 92 44 13 68 19 55 95 23
91 2 20 77 1 66 38 84 42 41 66 5 23 6 21 28 23 82 22 96 48 21 72 50 85 67 48 83 73 37 80 27 1 86 69 23 52 46 4 0 94 76 28 52 74 46 25 70 78 58 50 27 86 38 67 92 93 0 0 32 97 9 4 5 62 19 3 44 65 50 82 55 73 30 54 50 38 72 40 94 98 82 58 35 97 22 29 20 55 2 37 46 84 67 61 84 22 2 91 89
40 75 66 20 17 17 9 16 36 17 43 50 68 26 0 7 79 8 16 75 7 59 45 61 9 21 51 84 46 49 29 94 62 87 70 21 5 11 61 12 91 46 74 88 24 56 23 47 89 80 33 39 35 66 33 51 36 14 94 37 89 10 42 58 15 58 30 30 10 36 97 43 90 18 11 93 39 54 91 50 33 29 58 5 83 4 64 40 80 22 60 65 20 53 16 76 13 41 64 77
10 16 13 80 26 90 73 73 40 64 4 26 8 59 61 41 92 73 55 71 78 92 15 93 86 46 11 8 40 10 11 66 66 77 55 95 21 30 24 99 28 1 33 74 48 56 10 28 32 91 6 19 22 100 72 33 92 73 94 92 80 82 35 87 75 40 66 26 10 16 79 62 59 86 99 69 61 45 17 88 52 3 75 13 14 48 67 5 29 57 58 50 27 95 7 32 30 64 100 59
65 76 72 4 34 84 91 86 78 98 83 30 65 6 53 17 55 6 35 56 45 45 89 35 85 13 68 75 2 1 45 9 73 82 92 26 78 52 29 38 89 8 43 43 19 60 44 82 6 99 39 88 78 42 46 77 100 83 9 81 57 95 14 43 29 48 23 45 30 91 93 38 22 73 32 68 44 26 74 70 24 88 87 40 64 44 67 44 85 48 48 97 77 92 68 39 79 32 0 15
41 73 76 58 49 21 64 57 29 64 55 96 35 96 14 82 44 95 100 96 54 31 35 60 66 95 34 0 87 86 27 47 10 48 83 27 69 75 99 54 27 90 93 32 33 40 36 32 40 81 99 31 82 56 83 86 86 14 23 21 7 44 30 21 50 40 42 15 69 87 7 23 66 40 21 7 40 54 30 56 25 98 46 73 46 29 80 63 84 11 46 6 32 75 3 2 49 25 28 15
11 50 91 40 60 53 15 81 61 58 93 41 53 58 100 87 78 96 93 7 63 94 47 76 38 77 34 36 26 12 65 93 84 79 91 53 5 60 51 26 50 69 17 76 71 81 61 4 74 38 20 69 27 59 34 16 44 45 44 44 50 37 7 31 20 23 17 10 16 48 92 75 93 70 52 28 28 49 24 23 66 61 91 94 36 0 62 52 48 79 8 93 12 68 57 39 93 87 94 89
