300 100 100
97 79 66 55 9 58 32 81 77 57 84 90 87 29 68 19 38 40 84 54 33 63 16 81 99 57 18 96 19 69 41 32 68 63 59 89 32 23 57 38 56 89 70 68 46 98 95 28 6 46 70 10 45 66 5 77 64 68 30 14 46 43 1 94 88 29 78 31 3 78 6 83 81 56 63 68 41 67 32 44 88 29 99 88 98 81 92 55 48 32 55 48 35 51 11 82 21 69 88 68
23 45 32 6 3 94 61 60 7 12 94 63 74 26 84 60 20 73 52 23 90 94 5 21 29 90 68 81 98 88 57 96 32 79 98 98 6 53 42 42 26 85 93 16 85 78 3 69 76 79 65 50 21 46 31 11 24 0 94 8 23 48 51 37 94 65 57 98 65 19 92 49 17 58 23 66 78 13 31 12 80 51 13 54 33 65 56 3 61 6 23 46 60 94 39 14 79 93 79 12
37 61 79 40 87 38 16 3 74 24 40 71 4 86 50 15 30 58 86 79 57 63 1 44 67 15 45 28 63 60 100 36 83 38 56 57 13 47 28 28 99 88 48 70 87 30 93 22 20 45 0 70 76 19 50 29 99 7 68 41 70 3 26 16 61 75 37 20 64 11 74 46 78 90 83 7 6 5 4 59 61 49 38 62 39 79 97 67 91 63 53 84 65 53 71 55 56 26 2 1
58 1 71 94 20 10 99 29 60 1 45 62 59 42 58 58 26 84 73 46 65 39 28 75 15 38 67 29 17 30 98 3 10 25 59 39 95 10 76 84 47 56 100 94 74 26 62 62 83 45 4 97 21 1 19 44 46 0 13 69 52 22 83 15 89 15 90 45 80 38 79 95 82 32 51 38 88 53 13 39 65 96 58 17 4 26 91 2 52 57 22 39 83 1 52 59 41 99 31 84
100 21 5 21 34 59 91 83 88 82 49 59 53 42 12 83 49 57 35 6 98 11 45 35 15 86 57 89 16 80 43 19 73 56 50 21 68 78 43 99 14 64 1 21 23 42 17 64 73 99 41 54 55 34 7 52 18 57 78 39 93 10 6 87 86 83 46 50 93 10 68 60 83 4 91 92 59 71 69 37 60 8 27 51 13 38 9 20 21 2 44 77 74 61 42 96 42 88 32 6
22 14 23 42 55 27 28 56 35 9 43 86 64 2 37 28 39 70 27 64 62 36 3 78 55 5 51 34 21 47 67 50 33 30 97 4 78 60 53 16 20 24 32 41 23 43 33 19 32 65 81 100 5 50 78 39 79 19 45 87 99 83 7 93 41 66 14 13 62 43 50 9 79 57 65 71 43 24 66 68 52 87 8 52 6 62 5 25 44 0 19 39 79 75 40 6 10 100 9 37
64 91 49 41 47 78 8 76 28 29 6 8 10 3 77 0 32 92 65 88 88 61 93 26 85 32 25 55 44 37 91 78 32 7 77 63 30 70 56 37 75 24 81 84 15 69 70 34 32 38 36 69 39 53 54 69 80 33 32 26 9 61 71 66 87 33 53 27 17 20 7 43 72 27 3 48 30 97 5 70 60 85 47 98 43 48 97 60 62 65 93 27 73 51 98 81 3 89 51 75
65 21 30 11 26 81 58 27 31 37 74 30 47 45 99 59 69 48 50 69 36 7 48 87 10 52 9 97 84 82 39 63 25 3 41 92 31 38 93 72 54 40 25 42 38 53 0 17 22 40 62 40 20 40 79 37 62 47 75 43 16 41 26 58 71 3 84 16 85 42 36 41 8 46 15 9 23 52 17 35 27 15 12 71 13 53 37 92 45 25 2 37 54 48 79 84 70 41 58 8
7 97 52 34 36 41 49 7 6 25 78 24 100 31 47 54 84 84 85 45 54 55 26 64 74 89 24 19 64 34 89 78 24 1 50 39 19 39 65 86 59 1 30 90 54 2 98 94 30 57 12 75 92 17 29 83 44 31 41 23 47 39 67 50 76 23 50 87 55 50 67 97 48 75 8 9 89 33 77 20 6 93 93 54 16 31 18 34 60 26 29 0 1 47 50 7 44 61 88 50
22 65 2 70 39 77 89 24 84 79 59 9 32 73 59 31 69 22 59 8 60 5 66 69 90 70 6 69 22 2 48 59 39 4 88 38 98 82 45 1 37 22 72 34 65 5 70 93 45 43 78 87 3 48 24 24 7 64 67 45 28 65 46 28 84 40 36 22 53 26 6 35 54 47 39 30 72 50 81 14 62 62 86 89 72 33 48 7 100 18 1 93 2 55 6 55 36 36 15 0
20 31 16 22 73 84 31 27 60 91 22 70 91 86 82 77 7 12 92 48 22 63 48 72 63 89 8 27 74 7 92 17 32 36 15 65 73 34 68 8 44 10 18 81 10 39 15 95 57 29 79 82 22 15 66 61 46 59 29 13 8 89 79 85 91 62 56 29 94 12 14 89 75 93 78 64 7 97 67 91 27 18 62 80 21 60 85 68 53 38 84 15 88 72 21 1 19 26 78 54
50 57 6 78 40 41 34 64 34 39 77 63 78 12 88 44 21 40 43 57 31 3 52 1 93 12 89 66 97 83 82 1 3 88 39 63 81 38 14 88 81 78 49 96 86 1 70 8 93 97 63 16 12 62 28 86 8 72 34 17 15 63 98 26 31 12 73 28 73 40 8 78 67 100 68 33 78 80 35 93 48 76 40 78 57 20 60 88 48 47 51 27 92 99 22 47 4 72 30 52
21 18 31 31 78 35 77 8 48 80 14 13 66 22 32 13 25 86 99 79 36 65 13 24 50 30 79 23 60 77 82 7 10 3 92 89 91 49 13 10 80 20 32 11 30 17 89 50 7 13 12 15 0 62 88 54 12 91 56 50 95 73 97 86 47 93 0 56 58 96 21 87 33 42 74 28 62 25 19 90 30 77 76 17 11 48 66 86 69 15 24 73 26 42 20 84 99 15 81 76
28 92 90 10 78 13 11 70 19 48 54 50 4 59 75 86 10 67 40 85 55 31 33 66 77 37 62 16 4 58 42 67 98 60 92 47 73 19 28 18 81 25 15 94 8 53 83 30 67 28 81 76 95 21 71 43 38 52 34 41 95 9 77 50 1 99 76 89 79 62 98 66 78 36 91 8 30 12 28 27 100 65 24 34 20 5 83 55 41 55 32 0 59 78 57 71 74 63 34 83
13 89 3 68 100 64 9 1 63 65 90 100 45 25 11 88 65 33 84 92 6 32 19 80 9 74 53 97 90 93 19 73 41 32 52 39 98 48 90 19 87 38 59 84 11 58 53 15 71 82 35 32 22 42 28 4 56 80 75 32 49 36 29 39 17 93 27 51 11 17 39 34 18 49 48 20 31 76 0 74 43 55 36 5 60 9 73 91 36 9 16 52 60 19 20 94 30 12 97 76
89 37 70 2 50 15 55 37 11 59 56 49 1 39 2 70 34 6 25 45 46 56 77 39 24 37 93 64 24 67 30 83 7 59 33 5 16 25 73 32 80 53 56 20 63 50 3 38 3 63 47 38 50 45 7 32 2 60 19 86 82 16 46 64 99 89 92 75 99 66 88 51 6 28 65 69 8 38 32 24 64 50 99 1 38 83 12 87 23 23 15 69 84 2 52 57 11 79 39 11
92 35 35 46 6 93 49 78 59 58 36 31 3 95 57 2 56 77 66 16 37 82 52 90 20 43 18 83 9 9 66 64 84 65 50 91 21 12 70 43 9 46 3 11 86 40 48 91 25 78 70 85 89 31 66 90 96 35 53 50 100 89 15 3 26 80 55 71 92 28 56 7 17 58 40 21 56 43 15 4 80 60 44 59 49 90 44 15 10 52 47 81 87 65 64 74 77 29 35 33
3 35 37 86 52 3 38 29 5 49 98 87 91 39 99 73 61 30 11 96 61 29 47 38 78 12 96 30 76 36 25 5 24 46 18 78 37 85 72 86 0 66 36 55 55 50 81 25 37 57 52 8 34 22 39 29 7 94 42 10 81 31 13 10 93 87 62 21 21 3 60 24 99 96 19 25 81 6 60 50 79 36 82 100 45 45 71 57 78 75 71 5 47 19 39 87 16 81 15 45
60 73 96 83 42 6 30 86 59 56 58 52 9 54 95 6 93 20 14 59 46 77 34 8 1 45 92 31 69 55 33 42 40 4 36 41 83 35 47 92 56 56 97 56 39 59 32 1 65 34 74 48 98 8 37 1 24 0 15 95 95 74 12 2 88 1 22 18 61 93 84 33 31 11 98 35 8 64 30 53 70 36 15 96 1 87 91 4 42 81 69 48 53 88 84 15 23 61 12 66
44 100 37 49 76 17 89 67 56 94 61 38 35 71 71 83 74 8 10 85 55 37 55 29 61 3 7 43 62 87 97 99 44 37 65 18 43 97 71 36 2 54 30 90 75 44 95 82 39 35 57 1 60 63 92 8 33 17 79 62 16 51 55 44 33 90 55 90 56 65 23 56 17 28 64 96 99 14 24 47 96 87 7 60 41 13 77 76 65 72 57 13 21 1 56 89 35 63 82 56
24 57 34 94 22 67 45 98 93 81 69 65 35 80 32 35 25 17 93 36 75 20 43 62 55 57 63 36 76 23 96 80 48 81 82 86 56 35 16 66 45 77 47 65 61 8 3 46 51 81 99 36 70 11 88 85 81 11 81 30 66 88 6 39 50 36 45 79 45 94 31 0 49 31 85 33 43 48 55 91 28 56 9 82 46 75 91 33 17 73 88 7 1 37 89 15 22 66 98 84
87 81 58 52 60 89 39 76 49 71 39 5 35 53 6 81 52 49 99 85 44 16 4 28 96 23 20 67 50 11 53 100 5 71 1 59 100 90 66 38 15 17 68 94 37 78 40 2 30 78 55 75 5 48 78 46 62 31 76 68 6 8 89 56 54 87 72 70 76 70 77 41 35 70 74 75 23 80 77 9 74 13 58 14 11 55 23 60 84 58 8 86 48 7 54 67 82 29 39 70
51 29 12 21 6 14 45 100 33 49 95 81 81 43 94 53 0 29 1 32 34 64 67 93 38 64 46 37 1 77 24 51 23 27 83 7 73 55 34 58 70 1 7 49 87 27 84 27 78 25 27 45 22 38 94 58 0 99 27 55 27 88 30 71 97 12 93 86 97 7 54 89 90 83 49 73 21 9 45 43 98 78 51 22 49 84 33 22 81 37 16 68 78 8 71 41 63 4 13 76
13 10 84 54 55 88 28 80 57 63 58 40 80 49 42 0 46 94 30 11 1 22 5 40 92 87 54 80 26 13 20 77 64 19 33 50 29 49 10 4 62 87 28 95 100 91 14 18 5 9 33 90 61 26 42 38 92 15 26 38 13 51 62 63 53 36 49 82 63 77 51 89 40 31 51 80 7 75 35 0 99 4 98 76 40 61 56 91 39 83 77 22 33 66 77 60 40 41 19 8
37 51 22 59 83 42 70 79 31 78 3 45 53 39 62 52 26 82 17 69 98 4 100 86 23 94 5 33 60 34 18 76 89 44 60 30 60 28 67 64 13 71 56 76 55 23 0 11 8 77 13 24 29 28 40 19 71 55 1 18 4 21 80 5 86 4 38 36 18 72 47 99 51 30 66 20 80 52 37 80 64 94 37 32 93 81 91 7 93 79 90 54 10 54 11 99 89 32 83 91
80 9 51 2 29 56 40 54 96 93 12 61 70 81 45 85 83 59 97 76 70 3 40 46 23 33 36 88 52 26 32 31 59 71 24 91 98 35 12 21 30 17 3 66 2 17 98 80 83 36 19 56 56 6 25 35 86 45 25 100 0 41 55 3 87 38 84 20 76 93 67 88 70 89 49 38 67 3 0 49 24 3 82 55 84 21 63 44 5 13 82 51 100 60 24 34 95 74 74 74
8 41 71 6 67 34 50 70 31 45 43 25 98 28 17 37 36 89 44 2 47 87 35 84 94 66 32 78 45 69 77 62 0 52 26 41 89 77 14 53 48 84 3 98 24 44 18 37 88 14 68 81 84 5 85 26 43 36 23 23 24 34 53 88 63 100 20 60 19 70 54 41 37 7 86 93 89 61 60 65 77 89 44 42 39 65 75 41 2 61 80 94 31 4 59 75 31 35 53 80
7 80 50 97 15 59 49 38 90 41 11 19 17 75 92 82 12 66 66 74 68 55 59 39 39 26 91 91 30 57 100 98 47 87 72 59 70 53 11 93 43 57 73 67 2 95 50 55 28 9 62 79 77 59 79 6 21 68 4 94 32 20 40 45 47 91 49 66 72 19 67 69 51 31 39 45 65 25 39 79 67 71 6 63 69 23 52 13 4 58 18 72 36 90 80 22 100 63 31 51
73 78 47 11 72 35 87 95 68 16 89 81 46 56 96 33 59 18 30 63 44 5 60 97 68 53 9 22 69 51 93 28 92 18 17 74 95 69 31 75 67 99 70 2 58 24 9 3 3 88 51 24 98 80 57 32 30 71 39 80 83 88 68 42 1 46 37 71 37 54 21 19 31 80 83 26 10 74 71 85 79 76 23 29 43 25 26 92 98 46 11 100 69 31 93 66 28 95 65 35
19 16 87 93 82 95 11 50 8 16 37 77 10 29 10 26 12 48 5 85 22 67 63 14 59 25 72 10 53 97 60 55 82 92 30 42 29 8 79 51 47 59 71 30 92 16 65 51 86 64 14 100 69 5 89 71 59 39 57 97 33 61 53 76 19 60 56 19 85 13 91 45 94 39 76 0 22 18 9 68 80 18 63 41 72 94 49 74 82 8 100 46 19 29 57 79 81 3 37 45
82 20 83 72 57 33 0 18 70 80 0 58 81 32 67 62 51 86 19 23 3 44 12 86 67 29 58 100 55 80 3 85 90 44 58 15 37 95 42 97 84 45 61 45 5 89 35 70 85 27 12 55 18 78 6 77 8 27 7 91 13 38 53 55 5 36 60 54 87 62 45 42 74 23 46 5 55 89 9 31 0 45 100 76 65 22 15 60 57 6 73 5 85 52 63 63 4 0 26 44
60 25 20 33 66 4 51 74 78 20 95 49 61 48 74 51 19 42 84 86 82 6 68 86 43 96 58 35 88 78 48 7 91 60 5 33 60 8 95 53 3 12 35 25 98 72 27 58 98 2 29 90 78 91 10 45 26 31 42 57 27 88 35 67 79 43 11 48 35 15 24 0 94 0 78 32 19 29 78 38 57 35 91 39 63 95 47 56 47 75 41 1 66 38 65 49 14 100 100 76
80 20 99 31 70 80 45 50 98 9 18 71 24 64 69 20 33 56 43 37 64 79 99 55 77 88 5 4 100 39 8 76 19 99 42 48 5 51 29 64 91 84 44 12 69 42 46 76 31 89 67 78 33 24 88 64 95 56 25 8 13 33 100 37 81 25 58 46 73 16 72 86 2 85 33 64 39 31 26 76 85 87 100 69 7 47 95 100 37 60 79 37 79 68 88 81 37 74 79 72
57 75 12 77 64 84 61 59 30 65 91 27 47 68 79 100 79 38 72 13 33 25 78 83 44 91 56 77 58 75 52 83 29 84 27 22 65 86 63 81 71 9 46 58 68 67 9 49 95 96 100 55 85 59 24 75 39 14 75 46 75 21 91 19 79 96 65 94 30 7 44 16 69 47 99 93 85 78 77 67 3 95 10 41 61 51 77 37 90 4 57 48 16 29 78 65 34 72 74 88
50 8 49 64 62 95 49 91 18 47 57 62 28 64 87 85 31 66 59 72 93 21 65 99 63 61 43 0 81 93 23 44 18 86 25 36 28 2 23 88 77 89 86 51 97 2 13 27 41 65 63 30 37 32 73 48 22 7 97 41 50 62 14 54 22 82 72 1 6 36 82 28 53 37 52 36 35 51 74 90 36 43 37 52 74 72 44 54 17 14 42 90 22 83 6 23 73 81 53 94
96 80 82 61 94 84 15 100 72 69 40 4 100 18 35 43 30 28 93 83 78 60 65 10 80 1 69 48 23 38 17 68 61 88 57 29 81 71 11 92 9 0 56 91 65 81 29 4 16 13 90 22 54 72 65 72 97 59 81 75 65 18 40 85 29 30 80 56 22 53 13 79 87 51 27 27 39 41 27 51 3 85 58 81 7 15 22 82 18 16 66 39 64 55 20 19 34 87 99 50
79 27 61 26 45 20 5 8 28 36 38 43 10 94 79 63 85 6 31 94 36 31 89 14 94 6 85 14 35 61 8 63 71 85 53 64 96 65 2 90 8 31 0 48 95 46 45 71 70 24 77 0 62 27 49 81 32 37 25 79 61 15 13 91 59 58 58 59 91 72 18 39 53 78 55 65 87 63 92 87 4 4 26 10 76 10 86 59 17 41 1 90 63 65 1 71 76 88 55 38
20 22 13 73 41 70 16 91 0 54 93 24 46 87 41 77 40 25 54 9 10 65 11 29 89 96 36 56 38 16 63 34 92 94 49 25 83 48 71 6 6 35 73 93 55 50 78 21 15 37 91 35 90 21 40 75 58 44 55 26 4 4 60 24 93 35 71 73 17 33 58 92 97 75 43 100 15 22 2 56 4 21 84 95 57 52 12 71 32 20 62 34 45 80 10 86 67 89 97 68
73 2 1 24 28 68 97 87 57 38 65 13 36 11 31 4 1 83 30 95 95 48 7 44 73 13 69 99 72 80 49 52 81 36 82 25 92 78 35 56 75 39 38 89 59 70 38 10 57 50 92 49 50 13 5 61 89 52 35 48 20 20 47 54 63 28 19 16 87 85 91 0 6 46 57 13 52 86 51 58 20 86 45 46 72 31 98 51 22 71 66 45 62 28 47 87 5 29 4 88
51 45 88 92 77 7 82 15 10 18 25 77 69 98 32 71 95 37 61 89 57 92 84 99 33 89 34 13 48 79 43 13 39 10 39 82 99 23 76 12 88 32 49 92 35 47 70 56 60 100 79 29 92 49 8 64 88 1 34 76 77 78 43 62 32 45 95 83 62 60 23 74 3 94 2 49 68 91 46 14 24 85 47 84 61 100 73 74 67 67 32 73 54 53 98 84 64 91 5 93
37 93 93 94 31 18 37 31 12 59 53 45 88 88 39 55 99 68 96 77 40 38 88 27 45 46 39 27 63 62 22 29 63 100 55 20 3 85 28 86 67 74 73 8 78 65 23 82 23 54 33 17 85 44 43 72 40 47 40 78 83 70 20 56 37 78 12 1 68 25 74 95 10 79 17 24 44 31 18 81 81 3 97 75 62 36 36 17 1 80 54 56 58 0 99 0 64 32 39 59
21 0 67 46 88 10 41 87 20 28 57 43 43 58 42 56 56 37 67 29 65 15 47 55 17 52 57 65 0 63 26 40 23 7 21 26 31 61 77 94 93 94 67 24 67 26 86 26 100 63 29 97 35 92 45 97 95 86 57 10 8 41 23 6 72 48 37 80 71 0 61 3 76 92 71 19 69 11 11 79 64 82 78 62 75 39 52 55 38 32 59 20 25 97 61 82 32 37 74 92
55 25 67 85 55 40 67 69 40 81 32 58 76 18 19 11 30 39 23 2 3 46 74 45 16 75 7 71 22 37 2 13 54 3 20 66 63 72 98 70 18 81 38 36 89 84 13 62 35 95 6 79 70 87 85 53 1 76 74 40 27 92 93 53 56 12 90 7 14 41 12 21 13 93 13 31 7 78 2 23 37 32 63 24 71 38 53 98 86 92 80 70 16 38 48 62 91 12 4 76
73 17 37 99 24 9 20 67 30 57 54 39 86 82 41 51 97 68 80 20 47 31 75 77 77 27 16 52 87 98 18 68 11 91 47 98 25 74 36 89 73 5 100 86 65 96 21 6 17 80 57 21 35 88 37 80 52 92 3 29 100 36 63 3 52 55 26 30 97 73 3 59 62 80 79 45 19 40 70 15 73 67 61 53 48 55 13 36 43 75 100 77 96 90 78 92 68 74 90 61
93 59 43 78 80 43 41 10 8 18 77 80 14 5 8 3 25 33 31 36 24 21 56 35 69 42 96 18 53 83 25 64 20 88 100 50 94 0 52 61 85 97 46 96 95 47 69 49 40 76 75 44 88 46 21 76 86 76 93 60 32 33 22 59 4 3 93 94 46 47 99 98 58 62 79 75 47 47 90 7 3 73 49 36 73 31 23 78 46 6 56 96 92 75 15 17 33 49 42 93
47 33 14 14 55 8 94 18 47 96 30 81 74 29 8 30 69 20 1 93 15 74 33 57 3 93 2 38 58 87 45 60 36 57 10 99 24 84 24 83 14 71 8 85 5 60 18 49 42 4 68 86 7 95 35 92 23 16 0 93 25 1 73 57 94 25 94 39 70 62 30 57 67 81 79 18 8 40 64 52 8 94 28 24 15 58 28 67 46 79 79 37 42 2 26 87 9 2 4 67
62 9 69 83 23 23 50 21 99 9 25 12 54 41 93 76 71 22 72 82 62 75 92 97 27 46 36 23 23 51 100 96 58 21 40 40 19 74 92 55 31 9 0 40 99 94 3 97 53 79 87 70 38 91 93 67 64 14 85 41 76 16 35 85 40 59 77 19 93 80 4 42 80 92 54 38 39 99 42 48 38 15 10 58 92 51 53 57 47 44 26 5 43 98 67 31 21 16 24 77
1 71 55 11 41 32 42 100 38 13 65 11 92 25 51 58 99 29 55 92 100 40 62 95 86 87 87 33 35 95 3 60 0 58 93 36 36 49 72 51 35 0 25 89 5 87 72 81 56 19 15 98 47 91 16 50 2 71 45 32 98 25 28 16 91 35 38 99 94 59 58 76 31 27 89 56 48 31 22 8 57 80 82 90 98 55 87 4 57 83 55 5 44 93 49 20 41 21 1 55
95 96 73 20 65 49 87 78 97 86 38 26 88 75 58 60 25 54 85 84 94 35 12 21 34 32 78 37 46 12 4 59 84 40 100 41 8 87 100 73 17 84 0 23 80 85 28 38 26 39 22 16 88 66 74 68 45 36 69 19 8 14 31 51 27 12 20 90 95 26 65 88 86 39 84 64 52 23 85 31 94 20 20 72 61 69 95 48 39 65 89 18 79 72 51 58 90 33 79 10
32 30 80 49 16 44 86 79 57 99 76 19 55 16 40 88 43 94 86 55 2 8 23 3 10 91 45 96 45 25 64 83 68 94 27 54 63 69 97 82 75 21 20 57 31 32 20 58 37 11 60 0 45 11 17 11 73 11 41 28 86 86 61 88 88 12 86 74 30 15 85 34 34 69 44 67 79 17 31 97 72 2 53 38 91 20 80 83 43 12 3 32 96 99 36 9 25 36 28 64
48 13 72 84 96 8 91 71 12 35 100 83 45 77 22 15 14 53 9 47 15 73 100 65 48 87 27 87 83 17 79 38 65 82 10 14 7 69 46 56 30 13 73 58 2 22 13 21 49 86 35 37 88 100 67 92 76 98 90 79 54 9 51 12 10 15 66 100 30 82 16 84 34 24 99 18 65 61 38 50 72 77 15 18 24 41 1 92 41 65 91 55 64 92 86 43 82 14 1 81
35 70 24 90 16 44 27 67 14 86 73 48 98 24 49 14 81 72 29 84 6 3 86 1 61 76 61 39 37 79 0 44 51 27 80 40 32 49 44 30 3 11 66 72 18 55 71 34 80 42 44 69 2 56 69 66 49 1 90 76 42 45 21 73 52 94 12 49 79 84 64 4 95 26 99 2 44 61 55 52 41 92 71 40 18 89 32 49 12 71 32 1 8 17 57 85 28 94 30 31
38 46 33 47 48 41 15 78 91 58 53 71 12 97 42 22 48 5 67 22 47 89 62 81 21 88 43 53 24 19 0 57 34 18 32 36 68 44 7 64 89 46 50 36 20 5 23 100 51 66 27 95 52 32 84 98 17 29 46 86 77 11 70 21 10 34 18 19 39 43 66 58 79 58 91 50 17 1 81 50 38 63 85 6 95 66 36 97 12 100 21 92 19 95 22 51 18 91 99 1
63 90 79 79 36 97 75 57 19 47 92 1 84 8 41 13 87 16 42 79 4 40 3 21 54 15 62 24 53 11 88 67 75 59 2 80 18 62 75 61 99 90 85 84 61 92 87 13 19 21 0 86 64 34 51 55 36 62 49 71 36 75 60 31 45 93 42 83 51 50 49 31 38 70 18 43 46 78 23 71 90 55 63 16 4 63 37 53 71 73 51 49 75 80 89 53 62 96 98 38
93 59 0 93 35 46 21 59 54 38 26 37 25 48 38 40 76 41 50 71 94 68 25 43 41 53 91 15 68 55 98 39 94 37 64 64 61 71 77 7 84 81 15 38 16 92 16 46 37 80 49 81 81 72 76 95 36 80 21 96 77 1 1 41 50 84 12 44 6 51 49 94 8 14 46 48 11 53 83 15 55 100 20 39 44 5 66 85 86 57 43 15 56 0 17 84 1 88 75 83
88 36 5 51 38 60 35 8 97 66 63 81 7 69 100 30 10 63 31 85 36 12 79 7 15 70 21 68 52 77 36 16 53 85 30 75 94 89 29 69 75 55 16 6 9 74 60 83 45 35 89 16 42 85 30 60 45 51 95 69 15 82 39 8 2 58 7 98 29 0 78 46 79 51 92 20 7 57 20 1 35 3 48 10 80 96 11 25 76 63 72 86 54 14 12 88 26 91 53 56
97 64 19 88 23 42 76 53 41 69 87 87 65 80 17 32 82 11 63 77 2 55 63 82 23 67 27 22 0 17 33 89 0 8 94 3 84 94 64 98 32 39 53 31 21 82 95 58 79 25 87 100 73 96 55 76 50 51 73 9 97 83 84 13 94 15 49 33 28 9 60 76 39 20 19 35 55 62 68 38 16 16 67 69 26 20 1 38 70 28 37 12 13 84 87 49 77 82 94 5
23 49 11 11 49 24 56 19 83 26 32 53 98 14 54 18 16 71 94 59 21 0 92 21 44 63 17 61 0 85 15 95 70 25 15 64 45 76 33 100 96 78 22 79 58 5 94 45 42 80 49 28 98 76 73 36 70 84 51 13 47 100 8 79 24 95 84 79 7 76 71 93 51 6 5 46 18 92 38 25 49 8 95 75 75 47 10 70 82 26 90 12 64 37 88 76 18 44 30 94
59 85 100 56 29 88 89 39 99 96 83 0 48 90 55 95 7 62 64 66 14 85 29 67 76 86 61 64 61 90 98 21 12 89 96 32 14 96 0 49 11 80 4 93 52 86 2 37 80 16 6 56 21 74 81 93 45 13 35 36 91 99 12 0 61 68 30 0 51 62 79 74 70 23 70 96 26 41 8 39 56 83 57 99 8 86 76 43 2 60 85 97 14 78 35 48 69 12 78 61
32 92 22 21 56 44 89 35 65 17 41 53 59 63 75 23 41 90 37 21 21 47 10 38 47 2 29 75 23 1 29 19 57 56 65 42 83 23 38 78 79 87 13 58 84 57 0 51 23 28 46 74 67 35 98 31 52 28 42 16 28 3 63 65 94 48 19 45 58 69 74 70 49 54 58 29 52 17 64 42 55 26 41 90 4 72 4 27 33 13 74 17 27 3 80 7 18 23 97 66
40 42 86 76 86 62 34 66 29 60 14 61 28 71 32 69 0 10 8 93 90 12 62 27 84 63 93 95 47 18 83 32 1 0 60 12 72 42 77 91 78 30 37 22 55 20 56 44 38 40 98 23 38 12 93 16 41 70 14 80 2 87 10 94 89 67 59 74 28 28 60 52 76 89 39 20 17 1 67 62 13 71 47 0 38 88 15 65 4 48 3 1 51 71 42 51 29 80 74 16
15 58 7 73 95 84 78 12 47 22 26 58 67 19 33 22 16 88 71 8 38 67 32 23 8 42 15 8 65 26 20 41 8 92 63 40 75 15 30 11 29 56 39 36 90 28 98 25 54 26 69 25 66 83 49 33 13 9 84 95 60 36 47 61 15 4 23 80 91 74 94 14 19 60 48 97 66 10 100 81 57 72 70 48 73 5 40 10 6 44 55 4 7 65 63 54 93 18 0 100
46 72 90 94 84 10 81 7 100 16 36 52 9 93 0 69 93 87 90 74 1 44 46 11 91 45 96 20 50 16 21 40 60 74 39 58 53 95 33 12 57 38 8 67 76 29 93 88 64 89 94 9 91 98 47 34 72 26 97 39 12 62 91 53 68 38 62 6 45 59 69 98 97 53 42 30 31 58 79 72 88 57 16 58 32 58 50 50 42 56 76 13 81 64 1 88 80 1 42 55
50 2 11 6 81 72 22 25 15 85 93 9 77 55 43 62 10 74 16 55 37 45 21 50 57 33 41 57 35 74 1 60 45 82 56 92 84 94 73 64 4 10 73 25 32 9 13 57 97 9 15 29 39 70 32 70 64 54 41 31 26 7 50 4 58 71 85 67 71 90 34 84 85 35 80 9 5 27 42 93 55 13 87 19 1 71 67 60 90 88 14 47 21 24 36 49 35 42 93 7
3 9 8 17 87 69 32 28 37 62 9 86 76 83 19 26 9 67 11 58 66 38 64 67 61 32 51 43 85 83 44 58 0 52 22 56 61 51 97 10 87 9 64 95 46 66 92 46 32 37 44 50 45 28 76 93 100 24 13 24 2 1 69 6 92 84 64 33 81 48 85 66 2 35 82 6 23 18 27 58 48 69 30 49 0 45 38 91 92 65 42 59 76 93 91 50 48 63 24 61
91 28 49 15 17 34 92 26 61 8 85 89 68 34 50 87 32 54 28 73 13 1 75 2 68 41 32 84 48 10 92 91 40 64 78 41 16 44 87 55 94 98 59 9 30 46 78 56 58 9 72 77 99 96 9 56 24 48 7 85 49 26 56 30 37 5 22 47 54 20 76 37 57 45 48 58 16 45 19 96 42 76 91 40 86 84 25 99 97 32 96 95 48 59 91 52 63 59 87 72
59 79 30 97 13 36 13 96 63 96 68 40 79 2 27 32 55 92 60 18 35 2 31 19 4 54 62 58 4 36 97 10 99 84 53 14 58 100 85 75 69 26 20 89 39 45 80 76 27 1 14 97 45 38 94 10 80 52 93 25 14 39 38 45 49 70 0 32 18 75 92 24 3 93 63 91 11 100 84 2 19 3 58 63 79 72 76 30 18 32 87 99 62 65 56 93 44 8 67 35
9 12 50 56 97 34 2 57 55 82 39 86 58 31 76 74 86 60 22 11 56 12 89 53 45 47 29 79 16 42 90 71 75 58 5 31 25 31 57 59 72 67 69 90 16 97 99 43 99 47 83 73 64 49 49 80 22 29 26 80 71 47 95 68 63 70 69 92 67 26 28 66 57 93 90 98 27 35 88 93 86 84 19 62 89 10 100 89 88 17 19 52 90 59 19 31 45 19 94 33
5 83 84 77 39 97 61 86 29 1 64 0 44 95 52 12 96 93 4 85 41 95 81 39 13 6 49 67 22 46 52 73 34 28 14 26 52 79 25 4 31 13 6 36 64 17 65 48 70 4 29 75 42 61 24 54 84 61 67 99 85 37 86 1 75 18 29 45 34 40 42 33 45 18 64 51 0 63 17 86 92 85 100 26 1 15 58 95 32 59 45 35 4 36 96 2 97 27 89 34
90 74 70 26 87 66 9 54 20 37 20 85 60 61 91 40 2 58 80 40 99 14 65 75 60 99 82 46 2 18 97 4 21 2 74 91 23 55 5 15 18 50 39 5 77 33 24 45 5 54 87 43 16 17 74 61 44 32 98 57 75 90 80 39 27 70 17 50 66 0 74 56 41 89 32 40 13 68 35 74 62 40 68 1 55 1 52 29 71 69 0 32 17 15 19 24 57 30 73 26
38 67 29 6 81 100 83 71 72 42 81 55 42 97 25 80 42 76 42 73 36 73 57 88 26 14 53 75 94 56 60 84 82 88 67 43 40 34 99 66 70 2 42 2 52 49 60 17 100 52 18 3 39 10 23 49 20 65 41 78 48 74 51 89 56 51 63 10 13 29 22 36 58 69 14 31 9 72 97 60 78 37 18 41 42 92 80 45 55 53 26 33 91 99 86 35 96 5 43 25
49 16 76 14 12 61 100 77 44 53 3 2 66 54 72 77 91 84 21 94 88 36 94 72 0 24 5 18 37 26 41 67 86 5 24 60 71 11 38 15 93 42 99 73 80 99 5 63 51 9 17 22 53 73 51 95 1 44 57 29 59 92 2 12 38 55 80 98 38 61 80 1 96 56 70 85 56 64 52 14 44 16 85 68 34 24 75 55 97 66 43 34 28 70 50 51 32 15 62 2
19 29 55 57 40 21 29 76 10 38 69 95 38 96 87 32 29 86 12 37 50 0 28 47 94 13 79 80 38 56 54 27 98 70 16 86 14 61 6 58 64 73 27 68 57 32 2 45 50 100 54 72 12 62 7 67 87 64 46 76 80 26 99 96 65 53 19 16 56 90 53 7 24 74 96 93 9 33 81 32 52 55 94 98 4 43 91 46 66 65 78 56 73 26 17 88 52 59 35 71
3 17 88 36 51 43 93 79 90 68 22 11 28 7 79 96 75 34 26 71 22 76 27 98 97 63 34 46 9 84 3 83 72 44 100 13 65 44 85 18 45 100 86 20 12 54 49 93 78 51 26 21 8 82 13 85 11 53 62 37 24 56 63 10 80 55 45 55 6 100 83 49 17 80 41 82 37 87 57 38 29 83 80 91 85 38 13 77 7 59 18 3 98 62 51 57 96 46 86 75
26 8 85 17 75 36 75 74 41 15 41 26 10 62 15 66 15 30 96 66 53 44 23 99 98 37 40 98 17 41 8 18 31 12 63 26 67 68 8 48 63 74 73 18 92 56 31 50 54 40 8 12 11 24 87 22 16 83 68 56 64 61 93 97 80 35 30 10 65 98 100 13 42 47 64 34 4 0 21 95 16 36 3 47 8 50 95 7 10 46 27 0 59 49 35 24 8 38 99 30
25 77 49 22 90 70 77 68 52 66 83 23 36 52 47 35 13 65 67 15 86 96 64 42 68 56 80 90 4 100 55 3 5 10 38 7 57 45 21 78 28 27 23 54 71 81 81 82 18 24 100 59 33 72 42 42 0 93 86 2 34 92 52 19 83 21 53 18 29 57 26 98 99 28 76 36 83 95 54 95 59 42 28 71 67 77 63 61 70 99 89 35 79 52 41 52 83 20 43 61
99 2 18 81 68 49 8 21 4 75 59 80 75 22 23 72 77 66 69 28 95 61 63 89 4 23 86 46 85 31 15 94 88 48 94 45 23 77 81 30 77 86 50 83 81 64 100 51 93 90 62 69 79 70 67 78 60 65 43 63 84 7 58 52 33 7 53 35 6 0 54 71 89 79 56 36 42 91 92 77 26 52 8 55 0 78 38 88 77 12 66 22 29 2 38 95 50 45 65 56
3 47 9 10 23 9 74 44 28 19 71 37 0 14 4 52 97 25 58 14 43 58 49 58 85 84 85 60 80 49 63 31 60 62 46 76 27 50 30 67 39 97 30 88 2 19 28 20 61 98 13 4 47 36 70 14 42 54 10 51 79 73 9 94 47 83 26 40 35 57 39 19 25 93 8 67 42 95 22 8 69 12 77 41 84 23 49 31 59 82 16 47 70 5 6 83 91 62 64 41
100 64 68 50 47 75 29 45 29 93 83 56 80 49 56 38 75 6 52 36 96 14 74 6 12 29 47 70 4 8 63 4 72 51 69 95 48 46 91 89 61 9 16 35 73 11 65 91 84 45 2 19 92 43 99 0 5 51 74 92 52 30 5 85 57 5 7 33 19 47 32 62 12 9 88 59 23 76 90 34 91 76 63 81 94 12 48 1 21 75 0 36 29 92 45 87 22 54 41 10
9 99 28 33 0 88 66 8 54 18 29 14 82 99 82 78 16 55 15 40 72 33 87 77 15 71 22 81 81 8 87 18 72 37 77 42 35 8 32 94 14 8 69 42 0 28 24 9 84 74 4 20 15 32 0 72 2 85 63 80 66 77 70 46 54 43 39 59 1 32 17 23 50 74 42 58 39 28 32 70 38 70 79 65 68 73 59 52 62 86 46 96 60 89 30 8 80 0 60 62
55 37 13 67 64 39 68 94 4 87 50 19 32 89 40 100 9 51 78 52 54 12 65 85 43 8 64 48 92 19 74 81 50 48 66 6 63 30 14 39 54 58 81 78 75 20 40 91 2 40 71 54 6 30 99 0 34 1 22 59 27 4 3 70 48 19 22 39 38 52 26 81 8 1 20 87 4 63 33 99 27 71 52 90 82 90 70 26 26 35 72 14 75 41 15 87 95 90 63 75
35 83 29 54 48 72 56 17 49 51 13 0 92 78 93 48 40 88 31 48 65 81 21 89 18 3 68 14 45 12 6 97 75 56 13 57 98 16 11 16 83 25 56 30 71 28 10 35 72 27 39 53 39 84 25 12 37 11 99 45 57 49 97 83 51 39 78 8 52 53 59 59 22 40 40 3 86 99 0 22 56 52 70 5 46 51 61 21 34 31 26 99 58 54 28 41 67 33 74 51
51 5 32 24 40 56 92 2 44 41 38 82 62 72 57 2 3 24 59 79 53 14 85 78 24 91 4 98 22 83 74 9 13 0 29 1 92 90 21 91 73 55 35 38 31 94 31 90 70 99 90 75 66 56 15 24 43 72 99 20 79 90 72 29 81 98 90 38 27 64 4 22 91 43 86 39 35 38 32 63 51 22 68 99 24 73 98 4 34 4 56 59 65 34 38 32 59 65 95 14
15 64 20 33 21 23 32 88 62 29 41 99 53 26 82 88 60 67 81 45 45 11 41 70 64 74 93 16 77 8 89 83 79 89 32 33 51 67 63 26 98 38 60 92 16 31 26 41 5 87 76 30 60 50 77 84 65 31 22 71 17 31 86 49 28 36 98 1 68 91 91 35 51 32 0 62 8 38 49 81 7 93 56 51 12 1 53 47 73 2 61 70 57 2 57 42 72 80 78 29
53 31 75 57 5 89 98 47 14 37 34 0 88 59 54 21 57 36 47 88 6 29 72 9 57 53 93 56 68 70 13 60 54 25 24 23 60 6 4 97 73 15 60 5 10 41 41 8 90 59 43 22 25 11 47 72 59 16 96 79 83 22 55 15 91 87 41 32 74 100 81 99 48 94 99 91 79 76 15 45 21 86 65 62 84 54 40 52 57 47 87 86 28 24 92 92 84 54 72 4
97 16 65 41 21 85 19 65 22 38 39 59 95 66 9 53 66 60 82 4 63 95 54 96 75 75 64 7 36 69 56 65 56 38 17 36 94 64 27 82 68 4 68 92 77 59 89 67 95 73 17 38 93 60 84 5 31 69 46 64 83 60 5 18 19 8 74 37 90 60 48 99 68 21 75 90 94 83 48 90 43 98 57 37 57 44 50 72 34 30 67 37 29 67 20 37 40 28 27 39
25 13 81 95 17 84 91 55 83 67 80 92 37 53 58 23 18 50 90 51 92 42 85 5 11 44 100 75 30 33 45 95 27 31 6 87 29 90 96 14 22 88 58 53 52 40 63 21 27 2 77 70 38 79 19 11 56 92 88 22 64 35 63 82 45 81 68 72 26 49 15 44 9 52 51 10 51 92 7 78 50 15 91 21 39 9 3 31 9 75 35 32 33 76 66 84 35 35 31 65
31 7 15 15 95 27 38 32 42 43 34 79 51 100 98 27 6 59 56 68 56 64 86 26 62 64 0 43 13 94 9 33 37 85 90 1 29 35 69 59 20 93 28 51 66 32 74 84 78 33 69 92 71 78 22 92 47 44 29 96 2 7 49 9 58 2 59 40 31 89 46 57 97 84 99 37 37 39 67 88 83 77 76 31 42 33 25 15 44 28 75 23 61 26 0 63 18 55 65 48
21 45 23 13 77 29 6 72 55 49 17 1 58 11 34 61 86 2 8 57 3 5 49 38 49 37 61 63 79 79 86 77 43 30 15 75 4 72 32 93 82 47 4 52 100 18 70 77 80 25 83 13 51 23 11 46 99 71 58 27 45 91 9 27 31 58 29 32 10 9 87 64 36 66 65 2 69 92 71 50 96 4 16 91 35 65 12 79 71 28 29 81 20 6 32 87 25 76 71 86
35 66 95 55 80 56 80 91 62 37 93 37 59 31 19 60 3 15 12 8 74 40 96 32 43 61 99 10 96 90 41 30 75 11 70 41 46 70 77 55 34 82 35 89 16 48 97 33 74 73 87 3 52 49 12 99 27 79 48 80 17 37 40 15 93 8 68 92 1 82 82 79 62 2 3 34 89 44 24 97 80 54 93 66 10 93 74 43 27 18 77 86 31 95 48 59 86 89 94 71
32 82 66 28 34 68 98 82 30 59 60 12 33 67 86 90 39 74 99 16 99 9 3 98 8 0 34 99 40 36 14 82 79 58 65 80 23 39 25 81 1 1 16 34 27 65 84 16 33 8 96 32 76 2 70 65 75 27 35 57 98 77 58 60 28 21 63 22 48 65 50 65 9 36 18 59 71 74 4 79 28 68 63 3 28 11 75 57 65 7 38 10 27 25 33 27 59 97 30 48
91 10 28 30 57 61 20 6 62 29 26 53 84 96 21 98 75 99 9 98 17 44 65 34 45 8 61 32 73 45 53 90 10 66 90 81 63 58 65 74 81 64 0 32 32 4 57 68 33 54 13 100 45 32 33 69 66 56 6 63 17 2 85 96 63 91 16 89 36 82 66 14 74 64 20 82 9 81 45 19 48 53 38 69 66 38 46 50 83 13 84 16 78 51 68 11 67 80 84 68
72 76 12 37 83 66 79 9 99 38 42 79 87 33 31 45 93 74 0 84 46 7 74 35 52 32 41 45 42 99 38 8 85 97 46 18 9 41 26 44 18 70 54 42 14 94 13 51 99 31 96 44 57 46 9 31 29 22 42 60 14 15 47 81 9 63 54 22 41 56 20 89 35 30 75 60 46 64 55 42 15 85 83 35 75 33 96 10 20 6 51 55 44 13 76 8 10 100 39 60
81 37 8 7 23 48 83 48 7 47 11 65 89 52 68 51 44 41 87 3 16 87 30 29 19 29 26 90 43 0 99 65 71 1 7 94 73 36 7 8 9 92 46 5 94 98 84 40 65 7 76 77 34 19 84 54 2 28 3 70 24 68 77 96 0 17 40 57 49 7 100 43 11 81 16 65 6 2 72 49 13 81 2 15 73 49 93 44 62 100 6 0 74 61 92 63 41 77 72 31
25 15 58 47 10 64 48 78 76 9 38 18 66 77 88 7 35 7 78 98 23 0 18 87 74 41 53 68 44 22 30 42 64 34 94 88 13 56 20 78 52 70 34 68 89 22 18 24 57 69 6 73 75 69 81 46 40 52 83 7 82 26 5 12 41 92 31 50 100 36 74 96 96 47 61 76 26 19 57 59 81 81 41 35 90 83 43 81 44 47 67 26 12 100 12 48 32 22 50 98
14 31 54 100 52 63 97 34 13 72 37 80 11 91 30 41 62 99 15 19 100 34 36 23 31 14 37 58 89 2 82 50 23 16 59 15 46 36 51 89 60 67 90 14 26 94 23 69 71 77 48 75 13 27 30 48 55 35 90 20 17 58 37 20 35 48 41 52 43 92 87 10 3 51 32 79 86 74 14 10 26 79 79 24 86 14 71 82 12 27 83 99 5 63 41 66 43 10 82 68
55 10 35 54 70 79 93 74 27 66 94 47 49 72 65 50 2 48 48 10 9 58 82 88 95 2 82 38 45 48 77 11 27 25 80 39 23 85 98 98 48 25 97 60 58 68 68 43 97 92 7 43 11 24 96 86 1 53 33 7 22 5 1 60 28 86 54 56 57 64 72 54 35 21 6 97 75 54 39 30 82 32 17 56 98 68 10 87 1 72 58 97 78 27 37 38 92 71 62 94
12 29 53 32 82 1 2 67 43 14 77 4 84 20 44 83 47 37 14 50 7 26 84 1 27 48 3 76 57 65 93 63 40 34 46 18 42 24 4 98 50 92 40 76 73 25 57 0 96 95 88 0 37 1 49 7 48 27 24 9 71 33 24 57 56 95 43 59 2 59 84 82 26 29 79 33 58 87 74 10 29 81 16 71 80 1 21 1 10 4 72 5 44 95 2 48 3 60 36 25
83 62 70 2 18 12 70 58 54 67 15 99 65 37 9 64 31 60 3 30 57 10 99 19 81 37 17 56 52 86 98 61 85 29 35 97 54 79 95 52 93 65 38 51 95 39 60 6 14 0 41 73 78 32 82 10 24 56 66 69 43 40 53 7 26 69 48 20 28 4 29 11 54 20 74 88 34 44 42 60 22 47 14 22 6 91 28 27 73 24 13 28 71 88 56 83 46 74 27 86
46 71 96 16 69 85 6 60 38 33 29 54 6 61 33 20 10 25 55 8 41 30 79 6 0 82 46 51 91 100 100 59 21 37 38 45 0 0 40 39 66 73 66 53 96 65 16 76 58 13 20 1 67 52 5 80 26 1 93 96 8 89 23 50 86 74 10 78 17 79 62 82 98 82 33 57 12 20 11 23 98 86 39 86 13 61 84 21 54 18 37 9 6 46 78 82 73 48 31 28
36 81 94 49 52 18 90 9 28 25 93 64 63 36 65 91 17 11 73 69 52 13 25 31 1 80 73 30 54 27 86 65 40 5 84 24 38 1 60 23 79 32 41 55 81 23 52 39 82 91 91 100 53 76 86 8 82 3 83 18 87 12 33 39 20 32 100 4 71 12 35 60 86 89 21 28 64 74 90 69 81 29 6 74 65 53 50 29 12 47 94 0 93 9 52 0 39 1 18 29
1 67 35 14 100 80 17 9 48 31 64 25 1 4 93 95 69 61 26 57 30 99 82 75 34 87 59 7 68 33 47 80 20 20 63 53 51 37 72 45 11 23 49 32 7 44 4 85 18 97 51 36 7 24 23 36 34 13 11 3 71 38 3 34 79 91 11 89 53 54 97 58 62 92 68 63 64 66 47 68 62 78 8 70 26 39 96 81 2 35 50 48 71 39 87 88 67 81 89 6
39 73 47 90 25 63 48 47 39 39 79 96 22 50 27 44 49 96 0 52 20 97 5 57 16 43 13 30 56 80 0 64 88 70 65 75 60 73 84 65 84 3 9 19 54 31 27 100 43 27 66 71 41 84 40 79 27 60 39 95 95 73 97 76 75 18 43 33 19 39 64 98 100 53 66 19 99 84 88 44 62 29 49 2 78 1 64 15 89 21 70 13 54 14 66 55 79 68 46 30
93 8 50 73 52 17 0 7 44 85 59 1 74 67 76 2 53 29 59 88 52 25 85 23 88 49 5 34 96 26 84 25 83 87 85 17 74 87 58 22 28 91 24 22 34 55 81 69 58 41 26 21 77 66 14 66 51 11 69 38 38 55 64 64 99 66 78 59 98 31 80 52 85 73 75 69 76 100 20 1 42 38 0 68 50 10 50 81 51 73 74 0 74 22 38 92 51 20 99 76
99 56 86 58 77 68 90 93 84 1 83 48 29 18 0 89 34 64 68 25 88 36 47 47 69 64 60 24 19 34 88 12 69 81 54 98 13 87 7 56 99 53 86 45 27 33 9 76 65 2 45 18 14 61 27 40 47 99 83 12 96 36 96 37 73 2 23 92 76 72 94 78 48 17 34 4 25 76 0 6 34 2 92 60 18 93 3 0 5 3 82 0 13 37 19 64 77 41 95 71
93 16 62 46 46 70 47 41 71 50 63 5 46 7 55 5 44 13 93 28 64 77 66 66 23 40 84 29 4 55 49 67 32 76 69 13 41 25 49 86 73 14 55 86 60 80 39 28 31 4 28 40 32 77 72 99 70 35 30 72 51 36 7 27 1 13 54 99 36 27 67 50 32 57 63 21 95 89 3 68 55 57 21 96 62 86 74 79 99 33 98 29 92 40 77 12 15 22 3 10
70 33 30 2 84 64 82 61 19 95 12 42 90 18 70 72 66 78 5 65 61 25 66 46 81 76 84 34 58 80 94 5 92 53 70 49 73 5 76 36 79 82 20 21 56 85 64 80 19 20 34 10 36 95 43 60 29 44 0 34 76 21 78 13 38 81 55 84 71 23 44 45 24 23 53 52 10 63 68 23 93 64 76 13 74 16 86 10 88 29 89 68 34 90 93 50 10 17 64 68
68 48 23 15 95 15 6 14 99 49 17 43 69 85 88 9 98 94 29 43 64 100 100 34 32 31 20 69 99 41 91 15 27 39 52 22 6 22 67 47 36 9 19 68 50 37 79 40 27 27 7 55 18 52 19 2 83 3 72 91 0 81 42 83 22 0 57 42 6 19 17 83 93 95 61 51 13 31 67 47 80 59 46 81 43 12 2 33 39 93 5 21 36 32 75 45 84 45 54 42
92 48 12 60 53 27 98 81 99 16 25 66 40 27 49 61 77 9 90 90 49 63 18 43 89 76 40 79 69 36 58 33 2 72 14 51 9 80 81 21 87 16 5 51 85 33 18 33 72 97 88 83 56 25 51 70 20 1 65 82 51 81 87 94 99 71 80 32 16 70 79 67 27 41 94 71 69 94 3 70 40 1 91 17 35 72 45 82 75 74 36 4 37 1 17 49 12 64 0 86
42 87 55 79 43 98 98 79 23 9 31 94 76 62 59 99 53 10 64 4 29 72 66 67 39 9 26 79 63 82 38 41 29 62 88 72 63 74 99 66 15 79 86 77 100 1 42 63 88 99 95 67 16 13 50 33 45 56 4 34 22 47 22 77 29 78 51 59 87 85 34 75 70 69 78 97 84 61 73 62 34 23 93 90 53 72 15 24 7 11 17 18 81 95 70 5 66 71 1 35
18 65 50 1 100 66 72 5 9 13 57 98 62 55 58 62 69 24 45 29 90 85 94 97 2 6 11 36 99 45 2 38 26 8 5 35 91 15 49 30 15 12 80 6 38 37 47 59 58 10 48 9 8 35 36 66 7 86 44 81 74 56 32 13 18 23 86 78 82 32 54 62 79 0 61 25 92 77 84 28 68 51 67 14 88 8 41 23 26 12 0 51 26 43 99 60 72 4 47 96
9 26 34 89 70 11 57 43 46 52 74 55 50 71 77 62 27 13 69 50 13 61 57 9 72 39 42 55 94 75 33 27 19 66 0 28 26 18 34 32 21 1 53 71 22 10 6 67 43 91 46 92 38 13 39 47 27 69 66 49 59 82 48 89 89 72 45 100 24 76 1 30 38 96 41 7 55 14 83 45 57 78 76 97 12 2 89 87 92 72 45 28 4 13 71 79 21 98 59 46
2 18 28 80 7 12 36 61 4 19 30 100 5 84 71 99 21 88 61 73 100 41 66 80 28 17 21 18 71 11 54 12 57 0 12 30 29 24 48 1 26 72 16 84 48 49 100 80 48 14 12 16 23 1 29 18 7 11 29 79 12 53 70 7 85 37 38 57 8 5 0 60 37 21 12 79 31 56 81 4 66 24 100 21 5 83 24 79 94 52 85 67 8 67 34 47 100 26 81 57
92 18 64 85 66 6 60 87 8 97 47 0 39 100 17 6 73 49 80 50 22 51 31 35 68 62 48 8 77 76 41 74 54 99 70 1 26 8 97 65 91 45 74 12 92 48 22 74 83 75 13 85 16 68 36 54 92 90 29 92 27 95 63 93 50 12 65 87 95 88 35 64 75 17 2 37 75 79 21 93 19 63 0 6 76 94 80 13 29 36 18 33 19 36 0 70 0 39 58 46
67 54 86 4 6 3 91 9 87 100 3 70 81 77 33 6 21 56 72 18 97 60 4 42 95 30 84 85 75 43 41 11 0 100 6 5 77 51 6 29 98 51 11 73 73 31 81 32 87 0 22 33 8 75 9 36 18 59 28 17 16 95 32 94 98 39 89 68 70 84 0 19 40 99 46 50 31 13 55 60 73 67 85 87 25 25 9 84 22 47 13 42 37 74 77 61 44 14 47 71
57 67 34 31 88 36 10 22 9 97 61 12 93 41 62 94 83 50 83 54 82 51 19 91 86 75 15 29 13 41 67 29 79 43 48 56 43 99 55 60 95 57 45 3 88 69 1 96 25 4 61 79 17 32 35 30 77 38 22 9 9 33 19 15 46 59 45 36 81 40 83 18 93 47 90 90 57 81 63 42 65 81 29 85 2 82 42 87 48 100 19 2 90 79 42 2 26 43 68 73
83 35 98 51 15 52 3 5 100 33 71 37 59 51 54 26 92 50 56 77 93 50 41 27 58 59 58 51 41 86 74 18 94 94 47 0 70 45 45 11 56 28 68 52 60 77 99 40 15 0 39 1 9 19 8 51 47 72 24 29 73 17 74 99 1 45 14 21 72 37 13 41 9 99 21 92 24 82 93 46 35 69 83 59 99 11 59 19 27 71 44 33 23 28 99 77 79 54 57 60
86 12 89 71 23 36 97 73 46 77 67 32 32 65 38 70 36 100 70 30 20 69 49 30 15 59 15 2 58 24 57 30 82 62 54 61 35 38 63 23 41 82 89 26 92 77 44 49 36 100 73 9 98 81 27 65 63 73 2 50 55 79 96 74 22 54 15 12 77 27 14 28 87 16 32 43 12 75 43 86 50 47 74 86 34 32 40 9 50 79 65 64 49 65 81 14 81 30 41 18
10 81 61 3 95 21 88 26 77 74 45 51 35 29 23 13 4 46 84 41 59 48 80 69 74 27 19 6 84 0 62 70 82 100 62 85 36 30 83 30 31 60 56 61 55 42 44 56 30 96 13 13 99 97 49 100 56 58 58 13 91 59 21 66 18 79 62 48 50 59 88 86 25 9 70 90 8 66 38 23 12 85 38 20 2 76 99 93 50 65 68 15 70 83 66 38 35 21 9 4
86 46 85 16 35 45 93 29 63 26 67 6 94 95 0 76 25 62 33 9 34 52 85 96 42 83 47 1 59 66 32 20 73 89 53 42 28 41 70 83 50 30 94 6 56 18 94 10 48 3 25 66 87 79 46 82 79 67 95 90 33 31 36 43 48 88 82 65 21 47 55 20 100 54 67 50 53 56 100 66 36 20 75 91 4 43 75 55 19 31 68 54 96 8 1 16 12 67 81 11
78 16 91 68 81 52 81 77 36 33 90 24 3 48 66 48 90 51 66 22 37 66 70 5 99 21 23 97 37 53 98 92 61 24 5 40 33 23 56 50 95 85 14 92 85 13 95 90 88 47 54 5 46 31 39 65 15 8 48 9 74 78 18 99 28 97 42 38 24 24 3 3 47 92 65 98 77 29 17 3 10 95 8 23 67 16 93 69 9 70 31 56 12 55 62 93 9 79 8 33
74 31 51 69 24 6 19 51 34 74 25 38 85 86 74 0 75 21 45 32 11 81 99 72 95 61 60 93 64 5 68 37 8 1 35 85 56 8 33 34 10 7 73 27 75 75 6 40 41 80 11 38 30 100 96 1 79 8 25 64 22 4 48 46 50 51 6 32 68 51 98 63 14 85 81 97 75 55 0 71 96 66 46 91 19 64 80 94 16 39 81 89 39 95 21 44 77 48 19 3
53 70 34 40 54 1 38 44 92 64 19 94 27 74 90 76 17 83 47 37 82 54 25 46 76 49 44 8 84 12 58 27 31 66 93 45 0 97 37 12 63 6 83 76 18 52 41 79 65 0 70 9 24 58 17 40 46 52 65 29 59 73 95 68 72 53 68 79 37 67 23 20 28 8 0 72 74 30 100 22 35 35 62 60 38 73 25 97 88 35 26 66 38 15 10 34 28 10 12 90
43 41 21 28 72 25 6 56 43 8 0 29 54 53 99 35 25 39 32 6 4 70 86 77 2 78 45 26 1 89 96 20 99 100 94 71 81 5 71 42 55 8 21 72 60 23 59 79 39 4 87 84 56 55 62 82 49 95 12 93 41 97 11 45 98 54 34 29 6 76 25 67 30 9 94 89 80 77 74 75 36 18 33 55 59 1 92 24 20 35 85 10 56 73 27 6 46 4 32 60
97 47 98 85 76 2 55 10 57 46 2 7 42 56 77 70 79 66 39 69 97 17 14 63 79 99 15 10 63 5 38 20 1 4 86 91 22 80 74 25 78 30 30 81 79 78 97 71 38 22 77 31 88 44 71 80 88 19 45 100 28 25 87 56 81 43 35 33 100 62 42 67 58 85 17 51 51 55 22 40 22 0 47 17 74 76 21 93 0 73 43 76 46 91 15 30 7 33 23 68
30 33 56 57 16 42 70 67 47 14 38 19 60 22 11 72 46 4 40 33 96 72 91 38 37 21 16 64 12 49 13 55 54 24 33 15 93 98 68 14 69 30 48 60 30 83 42 39 58 66 89 10 61 41 14 32 47 94 32 48 4 61 13 5 97 62 64 74 78 61 100 15 44 65 36 11 31 5 30 36 76 35 37 32 17 42 46 41 83 91 4 33 94 66 93 49 24 0 4 80
33 54 0 98 7 15 39 86 48 18 33 53 25 88 83 32 7 46 69 22 22 45 96 45 97 81 22 3 43 33 92 51 43 27 42 40 62 98 31 17 79 20 46 26 57 86 55 68 73 4 8 71 47 39 68 58 42 76 7 0 90 5 95 35 51 37 16 43 54 65 23 85 22 31 86 19 81 76 71 86 33 32 43 49 58 46 89 80 45 22 0 96 73 88 63 26 52 20 5 62
19 84 90 33 46 36 57 24 10 63 70 79 96 32 67 24 4 100 87 47 12 54 62 2 48 6 73 15 96 24 88 82 50 84 61 78 65 84 41 12 36 39 97 73 49 93 67 25 20 87 97 67 78 0 79 79 79 26 9 28 72 19 23 54 41 6 79 19 90 2 90 100 75 18 34 4 66 63 21 45 25 10 63 57 97 13 57 71 66 47 46 60 59 85 74 55 18 1 22 48
59 73 60 77 75 28 95 39 66 39 85 10 13 3 98 31 71 35 7 32 20 65 76 25 71 14 54 28 87 58 41 2 39 90 64 75 72 75 56 69 1 95 36 74 23 53 31 85 21 19 50 48 34 52 9 83 15 55 15 52 57 84 61 57 5 51 42 34 60 76 51 90 81 31 90 53 31 10 14 49 2 61 80 34 33 28 100 73 97 25 68 73 47 70 72 53 37 71 44 12
84 3 44 43 49 36 61 59 72 34 78 36 63 34 50 71 55 26 23 81 34 45 53 83 7 89 78 7 44 22 71 50 68 55 2 19 18 70 61 82 46 94 27 98 36 6 41 24 18 59 90 12 72 9 51 5 1 60 74 16 39 84 92 14 30 72 63 58 99 58 82 78 71 78 92 11 79 92 85 29 32 86 69 91 95 49 66 24 92 13 32 47 79 50 70 25 40 84 23 14
25 38 98 20 81 99 77 18 78 14 54 94 7 50 79 12 33 88 43 12 36 52 100 19 81 38 80 43 73 2 55 92 34 87 18 46 35 39 51 64 76 66 89 65 70 38 18 39 79 63 2 8 78 82 38 57 43 3 86 8 36 57 8 65 60 23 40 47 44 94 43 10 7 69 21 35 7 80 57 17 86 52 92 94 10 66 41 55 16 39 15 18 60 83 93 88 0 89 85 12
51 77 16 3 69 18 4 82 52 2 9 94 65 97 83 90 11 20 67 26 18 37 82 0 24 85 41 60 97 6 27 8 98 62 29 31 13 85 34 70 5 3 93 43 18 19 100 7 22 92 47 94 51 9 3 98 79 7 67 4 60 45 70 53 57 61 50 60 58 35 77 54 99 16 57 67 11 19 88 11 9 18 12 34 9 81 11 74 88 36 34 85 68 63 97 42 57 39 10 57
4 13 45 58 54 0 23 14 89 4 67 52 51 66 25 73 31 18 21 34 10 3 39 93 31 76 83 87 71 49 33 100 95 71 45 51 42 68 30 55 24 9 14 66 37 99 13 52 40 3 56 79 25 16 89 23 99 98 34 56 19 80 38 87 61 100 14 61 43 20 22 12 29 8 59 65 81 98 8 41 5 77 5 52 62 57 97 68 71 61 85 46 79 76 79 53 69 98 55 66
70 72 61 31 73 49 23 21 45 1 100 72 36 25 34 47 67 7 24 4 36 24 30 73 21 74 40 5 67 52 99 67 90 22 89 99 18 63 83 70 1 10 41 12 98 17 53 90 16 69 10 0 88 71 24 79 94 18 98 71 79 4 16 1 54 53 2 3 31 30 80 93 54 87 80 35 84 12 10 86 21 31 40 69 12 78 71 0 93 70 49 28 92 83 53 47 10 2 80 41
91 79 99 94 37 41 69 49 18 50 49 50 68 43 13 29 25 87 78 86 33 7 55 34 84 28 3 46 51 5 8 76 66 82 11 54 56 53 33 24 21 53 35 34 59 72 9 61 79 62 1 26 14 75 51 18 42 8 98 33 15 33 80 20 7 90 24 93 50 38 80 32 80 10 97 16 67 39 29 85 31 92 12 63 63 91 86 7 64 59 71 58 10 83 30 39 3 19 37 59
19 63 66 34 5 97 37 35 95 62 59 34 27 70 32 4 31 75 92 12 55 81 54 56 13 22 37 50 22 96 87 72 97 30 84 37 0 28 15 64 99 19 43 5 65 90 12 14 94 74 29 55 42 28 47 29 2 94 60 40 32 97 79 38 57 8 24 32 25 99 62 67 42 47 3 60 37 93 39 88 89 17 13 98 84 37 50 31 22 84 67 49 80 33 32 10 97 85 90 100
69 70 24 66 5 70 59 72 97 58 79 34 56 76 4 94 64 85 4 53 49 0 73 22 25 27 28 97 27 15 47 90 45 68 58 87 95 77 51 86 69 9 92 1 93 92 40 5 93 25 5 7 64 5 66 4 73 43 7 78 12 1 16 43 52 22 99 69 3 44 7 92 98 14 82 88 59 60 52 38 79 13 95 9 98 17 63 92 56 84 86 49 2 22 38 27 6 99 0 60
84 82 93 45 30 42 18 45 53 6 84 28 67 35 79 33 9 94 79 95 93 13 8 79 6 99 94 87 28 76 97 56 89 11 92 4 91 30 86 11 51 75 10 77 79 99 28 70 45 87 35 68 13 57 49 46 28 1 73 34 70 29 35 53 47 71 97 72 22 19 80 49 61 11 18 68 11 97 67 8 45 47 50 81 100 70 84 57 19 27 50 10 92 37 25 60 49 37 19 2
23 35 23 55 39 25 61 29 33 78 79 71 29 66 91 36 14 5 10 74 73 75 56 97 5 70 93 34 62 97 44 91 26 24 94 33 7 40 17 28 58 79 97 74 2 19 86 20 62 21 10 0 7 28 38 96 53 68 11 42 35 93 55 92 19 42 7 76 62 48 32 50 42 79 54 24 28 46 83 5 64 48 16 28 99 15 11 83 92 88 88 58 52 28 29 73 11 21 97 98
37 98 78 94 76 4 4 7 8 30 95 70 51 46 38 12 38 55 94 46 63 1 34 65 28 36 71 32 51 2 17 18 32 80 10 61 63 94 55 53 29 12 40 14 17 63 99 33 68 45 89 64 56 71 71 44 33 20 59 47 40 60 77 96 2 48 41 91 86 67 6 58 69 62 71 0 62 29 71 75 82 95 18 70 4 91 24 46 85 79 75 63 75 82 11 6 91 14 54 30
72 82 59 14 55 17 97 49 49 95 10 52 97 44 10 28 77 9 16 86 55 77 14 84 63 24 51 4 90 89 71 16 17 1 91 76 29 18 60 21 31 21 32 30 13 89 72 83 12 70 66 26 92 75 17 28 19 95 19 25 27 40 91 96 8 80 81 52 63 20 30 52 89 23 53 96 78 11 27 29 83 91 22 33 48 57 14 8 13 43 23 43 80 41 18 36 60 42 69 68
64 76 40 5 62 55 18 32 68 82 6 28 84 94 100 19 78 59 46 84 27 9 78 7 46 56 93 60 39 24 88 5 17 9 5 0 45 92 26 26 94 30 77 32 56 80 43 96 72 26 48 14 25 77 16 18 72 37 10 91 25 88 64 21 21 18 85 36 97 55 29 58 88 76 77 11 20 30 14 60 32 88 99 58 30 62 49 65 58 2 62 77 45 28 49 22 58 96 39 97
16 67 66 81 53 59 18 45 1 5 12 92 87 52 63 93 54 65 9 66 36 30 77 90 36 4 52 57 29 65 14 45 41 53 30 28 91 49 72 87 36 76 40 2 28 15 67 68 76 28 52 81 19 77 20 87 15 63 7 21 92 86 6 58 74 50 51 73 70 27 57 92 32 81 53 61 36 87 53 19 84 52 49 63 39 77 71 35 34 93 33 62 31 13 5 5 32 3 23 78
61 43 97 88 41 25 54 7 78 48 92 90 68 100 81 84 4 11 92 3 100 77 96 8 24 36 9 5 9 95 10 98 21 93 74 68 12 79 48 57 96 67 76 11 30 84 77 98 97 60 28 45 51 63 9 79 95 73 62 51 22 54 64 94 22 67 29 85 24 57 32 32 95 85 75 39 13 11 95 90 43 98 56 74 91 63 2 27 49 63 70 24 3 67 83 81 40 22 72 22
69 74 65 92 2 92 77 14 15 59 99 25 34 43 87 16 65 75 12 59 14 39 58 0 3 77 50 16 17 13 8 37 100 99 89 33 99 77 33 17 92 61 65 60 24 0 79 74 47 77 73 1 36 85 82 58 64 41 43 89 40 80 88 68 94 32 95 68 53 18 57 22 100 25 49 98 48 49 33 66 17 7 83 99 27 41 21 88 31 53 80 0 25 45 68 38 58 23 86 34
75 67 40 76 42 48 24 71 22 60 53 43 7 53 12 100 70 97 62 16 0 92 64 21 91 29 73 21 35 2 16 74 20 30 92 13 89 4 96 97 26 14 56 21 74 79 18 80 46 81 56 41 9 76 16 9 81 39 50 98 1 77 81 99 88 77 96 3 43 52 48 34 75 19 46 62 49 65 82 65 79 54 85 55 15 18 83 57 63 66 64 54 93 31 98 98 39 90 14 82
87 23 88 51 5 66 93 34 31 5 54 97 22 89 15 84 45 89 40 9 52 2 70 0 35 79 48 56 100 49 61 60 19 76 92 75 30 65 82 64 5 9 28 52 86 57 32 63 19 27 68 51 28 33 35 3 35 64 43 95 7 12 91 69 37 27 72 10 56 27 85 1 9 81 74 96 27 56 58 69 53 68 30 65 43 40 56 12 75 14 25 51 18 42 88 64 84 40 97 83
99 19 38 53 63 39 75 25 46 31 34 37 44 47 15 16 64 40 100 59 41 20 87 44 49 28 44 0 81 96 46 38 83 86 21 59 17 79 54 23 55 92 88 31 38 4 57 12 79 74 62 10 6 62 52 5 26 79 99 71 64 44 40 70 86 28 26 76 21 17 79 85 45 41 91 6 26 86 58 73 47 38 9 18 57 51 7 98 65 0 16 99 63 15 84 47 13 24 2 55
7 22 78 71 2 91 82 80 33 30 63 84 77 17 83 30 73 96 76 16 93 53 6 70 34 30 92 20 19 13 20 42 86 37 1 58 6 36 38 83 63 37 21 0 70 90 67 72 41 12 67 30 86 85 92 63 57 83 91 7 68 34 52 43 55 15 88 17 48 91 37 5 87 47 66 47 32 83 14 41 73 2 45 79 98 50 48 95 60 27 42 17 95 7 30 35 48 100 80 27
57 33 37 13 26 40 71 98 23 37 79 62 67 49 53 10 61 95 98 92 45 75 73 4 46 44 65 95 23 84 40 47 88 51 26 83 82 32 95 41 44 36 20 24 42 62 3 19 55 73 13 43 71 48 66 48 64 20 74 51 20 44 62 84 49 77 27 65 54 78 91 0 4 32 32 16 95 7 57 94 69 38 78 13 39 81 16 63 90 34 47 20 33 55 0 2 39 48 42 71
64 48 4 65 53 78 51 74 11 79 97 18 87 47 79 2 75 85 58 96 32 37 60 78 23 71 66 26 1 67 95 42 68 83 39 34 0 21 4 65 48 82 34 52 91 88 20 42 69 95 75 64 9 100 81 27 63 34 19 35 29 13 89 84 66 80 35 48 77 81 19 93 6 28 50 47 90 88 83 37 26 1 89 6 53 12 85 97 2 8 29 2 65 75 9 52 4 20 55 45
25 50 20 36 6 96 15 9 92 67 68 13 20 53 16 70 37 43 17 15 0 57 52 70 19 39 84 5 50 54 7 9 70 94 31 99 49 61 62 51 23 19 45 74 24 84 62 81 86 46 91 54 42 81 7 97 61 73 63 92 17 17 83 44 97 8 98 81 45 25 69 11 94 59 93 83 23 46 23 44 55 55 60 5 65 39 67 61 32 93 99 72 0 81 99 73 16 46 69 97
28 45 1 25 64 18 1 20 58 9 28 17 16 19 67 95 98 65 100 17 87 47 89 68 4 12 22 77 17 96 17 41 67 46 29 2 18 75 21 95 67 7 94 63 94 69 59 89 37 22 49 44 67 29 83 70 83 97 48 88 3 55 6 74 37 62 71 5 58 30 99 59 25 18 54 67 80 6 92 38 32 33 35 67 10 85 46 6 14 65 6 54 17 3 63 93 74 66 58 4
88 78 44 93 66 60 39 93 26 70 3 5 17 88 33 31 65 43 39 67 0 89 94 18 91 82 23 41 63 55 85 65 100 32 57 27 94 36 62 50 86 28 63 76 9 55 59 39 64 53 63 68 59 20 51 17 8 30 2 6 98 65 55 52 11 0 46 82 100 20 43 82 45 85 51 92 49 71 49 59 31 52 0 97 37 17 28 7 96 45 36 66 30 16 22 81 16 74 80 25
69 38 74 62 55 68 69 76 63 12 20 66 74 85 67 99 4 26 32 23 61 79 100 89 80 42 66 16 47 60 52 94 53 49 34 100 55 76 98 43 3 59 9 70 91 5 8 33 59 54 32 90 97 94 9 68 0 58 2 9 44 21 45 41 13 53 79 80 46 63 29 32 13 72 20 6 87 30 29 93 23 42 56 31 90 18 26 97 19 97 21 97 30 20 84 15 67 5 40 29
90 87 85 40 34 42 75 70 10 55 44 58 44 10 47 56 41 65 82 100 80 98 87 43 55 65 52 80 49 4 2 38 84 36 87 11 17 63 3 64 69 56 96 41 75 60 48 6 6 78 33 92 43 70 39 33 42 0 48 43 21 3 12 98 75 2 22 39 35 0 63 23 77 52 5 47 91 34 18 17 56 31 14 9 24 4 32 62 73 53 66 19 4 49 0 36 89 87 19 66
14 52 53 23 94 52 24 29 14 37 31 97 65 62 67 43 37 80 13 74 92 57 42 91 26 87 43 10 35 3 83 10 16 38 64 68 58 0 18 29 55 19 56 38 44 95 82 5 30 16 24 70 81 82 42 67 59 14 66 74 6 89 71 69 71 28 51 6 3 82 68 100 89 14 17 77 24 83 100 82 50 12 5 13 34 69 31 91 55 84 86 32 46 4 15 83 93 87 71 34
75 66 20 6 96 78 81 7 86 51 87 66 11 8 20 90 64 35 89 29 57 6 13 91 94 85 19 7 22 7 45 76 16 58 53 93 70 86 22 99 27 48 13 5 0 100 88 11 100 14 23 49 36 7 15 32 40 10 85 92 21 56 71 35 48 96 29 12 54 29 64 22 78 55 97 34 90 90 98 72 6 34 56 20 92 62 39 9 2 62 99 71 38 29 77 81 72 91 58 90
41 79 26 23 11 60 6 64 24 96 22 27 56 73 50 98 22 89 10 63 32 25 83 19 99 53 14 73 31 15 46 18 68 74 69 35 16 10 1 45 31 79 8 38 17 86 48 69 44 18 1 94 96 55 55 59 74 40 86 28 25 39 40 95 9 65 24 81 60 88 90 10 40 11 70 28 17 17 97 49 81 12 83 88 70 0 57 15 61 47 94 1 75 99 6 36 11 90 19 54
2 0 48 73 74 81 48 18 76 38 40 9 53 44 49 48 100 76 51 45 61 13 82 100 60 20 34 92 96 0 53 22 79 62 61 0 8 96 50 97 24 40 20 5 96 71 98 9 47 23 42 13 31 24 74 99 58 40 37 34 61 99 72 4 17 83 0 19 14 39 5 81 40 81 49 97 84 70 33 9 14 3 54 26 28 52 44 23 68 89 71 8 82 98 55 43 4 89 9 38
68 56 54 82 20 7 2 51 13 72 39 4 97 15 80 70 9 37 80 3 46 33 33 42 41 8 74 47 100 58 78 57 66 76 19 54 21 85 51 15 4 100 86 70 81 0 61 98 24 29 39 69 85 62 64 69 85 59 45 39 37 11 35 78 88 49 15 55 88 62 16 12 71 98 98 13 67 42 53 32 43 89 60 62 71 12 92 50 99 37 31 48 44 74 99 67 22 93 28 85
89 68 34 45 34 27 36 52 25 89 34 13 9 93 22 20 60 36 37 27 18 89 29 4 77 78 10 86 46 53 97 28 86 9 27 49 51 44 95 6 86 93 8 5 15 53 21 23 18 80 56 9 58 36 74 71 87 47 7 48 43 64 33 42 91 25 76 83 75 53 65 66 96 48 52 35 44 40 39 19 94 82 79 33 10 27 81 60 3 54 3 59 70 35 5 28 19 55 77 54
44 2 19 54 65 11 67 26 81 69 71 69 64 25 51 23 27 40 80 67 10 10 52 10 72 55 13 7 2 93 31 90 46 39 37 68 84 36 26 23 32 64 19 15 3 2 2 36 14 16 41 81 66 63 36 27 58 1 15 76 47 39 43 33 84 0 87 48 1 79 51 42 69 6 9 56 55 70 52 79 67 53 77 3 72 97 69 10 16 33 76 77 85 3 31 61 4 79 2 100
58 20 53 2 93 77 19 3 0 97 84 98 63 96 22 5 1 83 28 58 22 38 45 25 77 22 57 26 79 18 15 70 97 72 35 7 38 49 11 74 7 44 87 93 54 69 40 91 71 38 3 67 6 19 10 57 43 11 91 83 89 67 67 71 91 97 1 29 59 54 33 52 31 71 50 25 23 73 82 32 3 56 46 70 48 2 38 10 15 67 31 1 9 76 71 24 86 28 58 16
15 67 39 4 66 9 62 3 11 12 41 58 71 57 30 20 51 29 33 56 79 93 87 100 91 44 68 5 34 75 49 41 25 19 13 38 84 63 1 57 71 72 48 90 80 22 94 35 82 2 3 79 14 85 29 36 72 42 32 96 45 95 91 25 83 70 80 53 6 64 81 92 34 90 79 11 32 41 12 61 57 97 64 8 60 3 56 19 49 91 3 60 22 55 90 66 89 19 93 6
35 66 2 14 74 36 62 60 94 34 27 39 22 89 30 92 8 40 45 70 8 72 71 12 41 69 40 32 43 4 80 47 78 81 77 8 80 37 56 60 53 67 73 37 53 59 6 56 93 60 85 23 1 32 83 63 65 6 52 23 12 67 98 19 59 68 35 26 5 7 14 67 8 38 75 47 34 9 66 89 38 5 88 72 96 19 43 37 52 5 81 57 97 21 55 27 79 49 5 39
32 20 16 57 74 46 50 24 11 9 45 55 85 67 71 21 28 89 51 11 96 21 46 18 100 37 42 0 66 45 57 62 77 79 48 11 57 66 47 61 54 8 50 56 9 54 75 42 25 32 72 23 60 76 25 55 13 96 70 33 39 14 33 1 59 24 11 76 92 7 44 99 41 28 9 88 10 39 42 16 60 90 27 30 50 89 1 44 18 62 87 59 13 73 58 48 97 33 18 16
90 10 67 69 82 86 65 44 15 46 62 44 74 53 34 13 99 7 25 76 93 96 56 70 78 84 85 58 63 82 25 54 78 32 12 42 12 58 17 89 55 2 98 52 3 73 64 94 68 72 10 86 7 64 31 5 12 85 6 60 1 97 20 86 12 9 84 55 3 32 7 82 85 36 95 63 59 91 87 53 31 29 84 82 35 14 66 67 3 77 84 88 27 63 60 36 71 51 71 79
57 12 95 15 75 75 60 24 5 21 66 81 12 27 1 44 57 92 30 84 89 48 83 74 45 23 57 30 88 96 48 88 5 41 22 27 88 20 10 73 45 7 42 31 78 4 53 73 48 75 30 41 69 79 93 10 20 94 83 29 51 25 75 89 62 10 28 34 57 81 13 27 24 9 23 28 87 59 84 46 94 58 10 20 49 29 90 34 67 20 49 54 20 31 21 83 71 91 78 95
46 58 26 25 15 41 16 42 39 62 26 44 37 72 18 0 9 16 65 71 47 31 30 85 74 62 74 68 10 53 5 54 43 51 91 33 57 96 98 59 25 79 63 11 28 63 94 12 34 53 62 90 5 28 26 21 75 90 43 36 73 98 45 35 7 84 82 68 54 63 4 89 9 33 14 87 80 68 54 14 17 9 92 42 51 45 25 83 31 1 37 71 86 38 60 14 1 37 29 53
65 22 41 58 71 95 27 13 43 27 24 99 13 70 40 58 84 21 98 3 25 35 84 43 11 83 72 63 93 9 86 99 70 80 47 50 8 20 59 7 87 90 54 89 60 61 64 21 74 42 72 85 97 20 42 25 50 94 25 27 94 81 87 11 48 61 34 32 34 91 52 73 24 60 93 56 60 79 90 95 89 33 9 24 13 91 63 94 54 89 2 6 91 65 68 12 0 91 13 13
14 10 68 22 58 84 92 29 22 50 2 85 21 51 17 13 99 76 86 22 72 71 76 77 31 44 74 7 64 98 1 55 81 11 8 27 13 7 50 48 89 17 81 26 41 50 35 34 19 88 17 62 15 10 31 90 27 12 98 57 26 24 58 86 82 47 17 98 94 18 18 21 25 82 100 52 27 72 16 4 87 63 86 45 7 56 65 13 37 73 35 1 1 49 14 83 16 25 40 71
87 8 16 2 98 46 76 83 49 16 85 56 9 22 84 88 93 81 42 58 72 37 54 20 72 63 38 28 34 63 41 81 51 40 54 83 0 38 100 39 49 44 83 44 41 58 57 16 46 59 29 76 67 89 10 93 42 51 8 76 13 89 99 76 31 14 22 69 36 27 48 2 41 62 89 70 60 39 16 40 50 93 26 62 66 71 0 7 72 55 45 46 21 46 47 92 27 58 79 95
90 71 11 75 57 14 88 18 78 25 81 41 25 16 68 27 16 72 11 79 100 88 66 40 94 74 75 18 11 40 32 71 35 49 51 66 57 15 60 60 29 43 5 96 86 17 18 73 56 64 34 31 2 10 17 98 18 93 20 58 61 18 67 13 10 93 4 61 65 18 64 28 56 4 81 28 9 16 58 14 71 66 56 8 21 70 55 44 78 4 90 54 81 5 31 12 67 26 74 0
40 64 43 22 80 45 2 5 96 0 35 81 2 74 63 92 15 73 99 61 17 55 91 63 85 44 7 46 66 69 71 28 62 87 9 81 1 81 96 67 76 73 43 50 9 96 84 89 41 13 41 71 75 55 74 41 7 78 65 4 48 6 38 61 9 72 41 28 22 17 30 40 86 44 17 51 56 98 15 86 57 18 3 14 26 19 46 80 66 38 46 56 75 45 19 48 70 28 57 52
45 24 63 98 95 11 47 31 66 88 34 7 46 95 86 55 11 74 46 79 46 94 69 37 58 88 78 56 12 86 39 6 25 35 50 29 61 94 55 50 30 44 66 74 77 10 17 64 63 77 22 62 68 2 46 74 95 46 40 35 84 13 41 86 38 53 74 50 27 39 96 1 75 31 7 21 11 31 80 9 6 69 43 100 81 12 33 78 11 77 90 37 59 16 70 49 12 7 95 10
83 50 22 77 57 21 13 18 55 3 71 39 80 19 62 81 56 35 98 80 7 0 30 79 1 95 87 86 69 90 95 67 32 44 77 57 72 79 53 2 34 23 5 91 76 84 50 46 17 98 63 32 9 66 3 75 32 22 67 47 8 79 50 38 88 0 48 39 92 73 57 26 97 22 16 28 29 64 68 98 100 11 56 20 51 41 89 22 46 43 72 69 14 100 29 88 62 48 80 80
64 57 41 36 41 68 4 46 85 75 64 0 35 77 76 20 89 64 19 29 24 31 4 2 34 75 71 71 28 83 64 79 7 8 71 23 76 51 35 71 42 82 16 19 54 96 22 53 46 98 23 45 62 63 92 24 0 21 62 100 64 3 14 31 11 21 59 89 12 0 2 74 34 68 31 72 38 39 84 3 48 26 58 34 89 91 41 17 57 29 3 21 14 29 7 27 24 20 89 74
70 61 98 34 18 55 12 54 42 12 8 97 28 32 52 0 21 75 91 78 2 29 91 9 30 22 48 23 42 87 82 22 78 62 11 28 85 97 79 67 54 7 31 39 15 11 21 6 26 91 13 65 16 42 21 19 67 78 11 65 83 22 44 47 89 100 7 42 36 71 84 81 83 41 2 32 74 24 19 88 37 42 34 14 28 5 50 54 51 60 55 15 17 24 0 53 67 96 43 28
6 61 85 21 82 91 64 58 64 84 63 57 67 12 65 4 72 45 92 35 35 21 73 15 1 30 84 23 94 32 38 81 49 20 93 50 58 90 37 95 77 31 48 33 72 38 75 65 93 56 86 65 44 61 51 97 84 52 71 26 95 73 26 56 47 97 4 24 81 62 59 50 10 18 100 10 90 7 6 25 65 94 24 78 17 57 90 80 47 37 77 94 14 39 7 19 13 91 12 61
8 16 51 5 91 72 2 47 34 42 92 33 65 86 34 19 5 95 72 70 88 70 76 70 26 77 26 64 68 56 100 98 65 73 92 72 61 16 79 50 39 97 97 29 47 22 48 100 93 35 85 69 100 20 50 65 48 18 33 82 92 31 52 21 76 59 19 46 57 4 23 82 1 16 47 69 21 21 70 16 64 30 90 45 91 94 54 22 88 69 30 69 9 14 34 96 9 88 41 20
21 59 29 88 7 2 13 97 19 64 14 0 78 87 88 33 1 1 68 2 86 62 14 97 32 3 68 91 33 1 76 10 60 80 54 84 66 23 3 63 67 69 93 28 85 17 43 41 15 89 34 12 14 55 36 88 50 5 8 83 33 78 55 70 34 13 29 56 61 49 16 76 100 43 19 72 49 37 6 92 83 93 28 43 51 74 100 20 26 60 89 38 82 41 13 82 16 50 0 10
97 88 40 44 57 25 82 25 5 70 10 41 100 48 55 26 58 10 89 24 69 95 77 20 28 20 86 17 20 75 7 56 58 28 50 76 49 100 8 54 48 98 73 40 42 95 18 28 58 82 85 55 84 15 87 38 30 73 16 22 96 32 17 79 51 30 6 71 81 83 57 17 71 18 25 12 88 73 45 54 18 88 56 63 92 18 46 84 61 68 47 94 90 27 81 100 89 80 97 19
42 84 46 85 16 28 80 96 70 43 50 42 42 98 78 20 57 19 90 2 87 18 49 1 16 11 11 3 71 64 83 96 94 77 77 43 81 40 96 40 99 26 48 62 51 77 47 1 76 32 88 55 4 97 13 29 21 55 93 2 49 41 62 66 21 55 87 77 29 78 64 28 48 44 24 96 74 64 63 69 50 16 9 70 18 68 21 96 87 12 91 5 86 85 80 8 28 63 3 68
93 67 68 26 92 0 68 58 16 51 66 18 27 66 32 81 42 23 87 43 27 27 91 58 32 76 40 68 80 53 98 32 39 30 92 23 75 70 40 33 94 8 95 96 5 55 6 96 96 24 11 87 63 68 41 80 42 76 57 18 28 76 33 45 14 7 33 56 93 61 14 70 55 35 79 20 52 52 10 80 97 1 47 16 64 36 80 4 45 60 99 89 27 91 22 62 99 54 100 39
50 17 28 84 35 33 79 96 43 10 60 18 41 87 33 51 42 87 53 43 99 14 90 84 82 71 2 31 44 28 0 33 50 44 13 92 89 87 77 31 7 19 72 56 38 66 85 62 46 18 7 35 58 54 22 82 75 71 85 27 74 78 1 15 94 73 98 43 50 36 0 98 71 11 18 53 29 81 89 17 7 98 35 12 48 18 29 31 63 93 98 52 5 27 84 70 45 22 87 40
18 82 73 95 88 85 0 91 54 54 16 3 21 53 1 37 85 1 29 21 7 1 66 17 8 86 88 94 32 49 85 10 28 93 71 41 9 62 27 35 36 6 70 35 65 32 19 95 74 96 52 23 47 67 0 30 44 72 56 49 81 46 75 92 82 72 3 35 68 67 15 36 63 11 23 37 90 34 22 16 46 62 76 3 38 71 18 68 30 60 15 47 13 5 63 33 28 97 65 44
84 0 49 78 5 51 51 78 40 1 21 90 58 39 4 84 6 57 51 49 33 78 61 69 38 75 23 9 63 64 44 65 86 60 12 13 59 76 41 95 16 2 9 26 63 29 70 20 1 15 26 49 68 5 43 15 18 61 88 46 25 38 88 68 16 44 76 65 34 39 69 89 98 4 58 23 53 21 63 59 17 58 74 61 2 12 25 75 20 73 37 98 83 92 94 63 90 92 83 68
41 30 51 63 22 81 66 57 23 14 44 91 89 74 66 56 9 90 27 52 74 2 44 80 67 100 52 7 86 84 43 51 45 28 35 23 34 60 38 80 96 46 17 74 73 84 22 46 20 72 40 21 46 75 65 97 74 78 83 32 17 78 1 47 6 73 28 15 69 85 30 43 60 66 99 34 79 22 97 84 42 67 33 48 57 95 2 66 26 36 52 89 21 95 14 57 35 69 79 11
23 60 74 31 85 77 5 55 100 38 9 20 93 43 54 37 71 93 44 26 89 16 63 9 25 1 79 60 37 81 69 98 7 0 93 63 99 72 16 6 85 81 77 52 86 73 86 96 81 30 35 26 34 64 17 52 21 45 39 86 15 88 26 85 9 83 21 69 86 49 84 77 72 71 99 81 71 0 94 47 46 87 30 38 19 52 1 0 92 49 34 11 85 62 26 20 57 68 92 90
62 37 14 68 53 87 76 68 59 0 15 18 77 98 65 92 84 41 87 51 20 53 34 22 35 64 88 56 50 28 59 86 17 60 13 14 68 14 6 1 56 66 44 70 78 79 50 42 93 68 22 85 46 98 79 67 36 14 44 28 35 42 9 72 71 0 99 89 96 75 74 98 83 93 90 31 57 87 37 92 86 26 83 19 29 35 59 64 0 94 54 78 7 91 3 54 73 79 49 89
11 33 1 3 37 44 62 71 39 36 10 76 75 52 50 95 10 14 64 34 36 5 10 68 90 57 17 81 22 15 37 6 39 26 24 76 45 42 40 21 65 49 53 84 79 10 98 40 55 9 52 60 90 46 63 51 48 74 37 57 9 75 5 78 28 89 83 12 9 7 42 13 82 22 68 58 79 21 39 5 53 4 24 7 51 55 67 37 66 33 35 42 97 30 81 14 44 58 31 78
97 93 86 41 89 15 71 2 63 39 79 55 95 72 16 28 86 33 2 12 89 71 41 26 13 63 49 87 61 27 99 42 19 54 80 77 58 95 71 67 73 97 89 72 42 0 91 68 62 52 2 21 23 27 55 21 19 38 88 81 56 19 44 20 58 80 3 24 76 2 55 8 26 68 71 1 58 52 69 38 7 98 52 84 0 41 76 19 7 12 17 39 40 98 95 22 85 97 43 15
55 16 46 46 43 52 77 12 43 28 54 35 93 3 37 94 100 5 31 68 45 51 61 26 57 89 44 85 65 84 12 90 14 76 7 64 13 34 90 96 86 59 59 45 77 82 47 91 49 74 44 45 21 94 19 10 1 58 86 83 43 36 14 89 100 82 3 45 45 58 45 52 37 79 4 99 88 1 42 87 23 58 95 13 64 5 4 29 88 61 41 43 91 51 44 36 78 49 30 37
79 50 85 73 66 54 49 41 80 7 7 90 41 54 34 8 59 77 32 93 42 66 32 1 89 0 85 71 35 44 48 47 3 29 17 30 0 33 28 86 82 9 46 40 83 31 55 90 68 92 73 100 16 25 86 22 38 28 90 41 51 29 41 83 19 49 35 45 82 3 64 26 97 93 33 42 48 77 66 5 87 90 96 51 72 29 2 63 42 99 56 69 41 48 32 70 26 6 76 94
67 70 76 20 9 63 72 20 32 86 82 93 24 31 30 63 22 13 12 87 4 41 51 40 73 8 9 3 61 16 26 41 88 34 71 63 94 92 47 37 88 14 76 1 81 3 56 62 78 26 68 80 68 1 27 56 15 77 36 22 64 59 90 33 78 14 95 42 45 73 93 93 26 22 17 99 6 84 12 8 73 26 11 54 54 72 94 40 74 11 31 93 44 91 55 52 59 99 53 5
79 87 84 48 15 91 62 16 25 71 37 10 72 75 50 9 50 45 15 22 18 5 36 58 59 90 39 8 85 47 25 80 72 5 6 81 35 35 45 44 88 55 14 52 38 56 70 56 43 49 6 52 100 53 6 76 84 68 59 100 63 78 74 0 32 68 98 72 43 43 84 49 17 25 59 75 19 2 35 35 55 58 14 92 96 87 48 52 53 62 93 39 60 67 17 15 18 27 97 52
17 50 62 33 65 23 6 9 39 29 75 0 47 71 51 5 58 34 33 10 67 95 2 68 24 77 85 17 9 26 2 2 39 82 46 66 35 77 74 78 46 25 40 99 66 3 76 1 35 17 23 43 2 60 32 5 10 0 77 89 71 54 8 9 86 27 6 62 36 80 93 49 66 54 18 84 95 56 91 24 10 24 22 3 58 96 82 9 85 83 59 29 28 13 70 100 53 85 99 35
25 80 53 38 98 21 40 3 96 15 87 42 88 82 6 71 39 79 76 51 17 34 19 84 83 8 41 79 84 47 40 62 90 2 3 82 38 56 95 28 82 96 43 45 30 61 17 55 100 25 1 15 32 10 43 78 92 29 67 4 43 69 71 40 67 30 36 39 3 29 13 38 49 69 63 71 65 26 47 16 83 14 79 29 39 79 85 58 91 15 40 45 68 70 25 55 69 12 48 100
88 62 84 91 61 26 98 71 49 37 35 58 64 78 97 28 14 10 30 23 89 86 49 0 36 3 81 92 42 71 96 48 7 58 60 13 35 31 61 79 10 67 76 88 34 78 3 14 30 70 13 69 53 14 92 26 49 53 36 25 16 5 37 28 89 98 6 76 28 79 47 30 76 85 13 63 50 81 21 90 45 8 99 50 76 53 48 88 31 28 55 20 34 97 71 54 56 82 1 40
30 27 8 0 47 81 91 30 45 67 98 76 88 20 11 93 53 66 35 70 98 52 22 96 38 68 96 47 35 97 84 67 5 4 100 17 35 52 14 71 80 63 10 98 23 92 21 0 62 40 100 34 45 85 70 60 62 8 80 41 18 97 66 82 91 46 40 40 88 14 78 18 80 88 23 64 61 9 16 9 75 70 75 59 84 72 0 20 50 52 84 28 55 70 78 15 75 49 54 18
22 0 98 0 75 69 97 53 37 51 99 31 72 22 22 34 1 18 85 72 80 21 46 1 88 75 24 96 67 94 22 22 6 59 82 43 82 68 80 71 21 87 12 86 9 75 87 0 36 6 80 13 29 53 12 87 69 47 26 2 18 90 4 45 25 73 56 21 94 1 46 46 80 59 81 48 93 16 97 25 42 3 54 79 16 29 30 56 63 46 36 39 95 95 96 61 61 10 10 80
21 17 57 95 15 0 74 73 58 57 27 82 71 45 96 56 68 20 58 57 17 66 77 75 38 80 45 9 17 39 76 24 6 9 27 31 48 36 9 26 69 33 72 16 26 99 15 41 16 40 94 94 7 67 43 97 84 37 17 2 41 2 40 79 69 68 29 99 88 32 54 39 28 96 81 68 9 68 31 93 31 75 13 15 74 76 76 65 41 61 19 100 49 100 1 30 52 16 65 2
60 11 79 3 56 67 87 88 90 59 13 91 19 84 36 50 80 43 84 66 13 73 67 25 15 84 99 70 59 93 16 91 66 26 77 6 53 32 28 29 3 4 95 3 75 37 91 19 15 52 43 53 19 62 28 48 39 19 67 0 16 9 25 7 11 80 27 54 84 60 29 32 92 34 7 39 63 63 99 93 77 12 21 5 73 9 74 25 79 87 39 69 26 35 25 42 9 47 64 24
16 73 85 100 38 86 75 30 27 92 77 82 75 83 79 49 27 26 41 26 26 90 18 89 56 13 75 86 70 61 40 34 46 95 51 11 7 59 89 20 10 3 2 37 68 5 24 55 77 66 32 43 55 19 47 85 65 12 64 32 27 15 72 18 42 6 18 35 58 33 36 49 59 46 63 77 33 63 25 57 2 35 0 34 56 81 82 78 76 24 32 69 59 25 31 54 12 98 31 82
7 46 98 66 38 74 31 55 3 45 69 53 41 99 51 32 100 26 75 22 15 82 8 69 24 57 72 67 80 80 91 94 54 83 79 18 16 88 5 88 7 6 61 0 23 4 60 40 4 4 27 2 85 19 67 8 58 34 87 64 80 13 62 38 49 71 43 68 84 42 16 4 80 18 17 47 43 93 22 92 91 85 55 3 54 10 80 84 36 6 81 13 28 75 43 4 81 66 20 92
48 47 24 74 74 85 17 25 88 76 16 98 91 0 75 59 22 76 14 68 19 51 99 84 92 29 12 13 31 67 74 46 47 32 31 0 95 40 61 96 29 77 95 96 90 38 79 78 14 27 41 61 43 49 75 86 88 41 27 20 90 98 39 81 94 86 10 4 81 32 44 74 78 73 43 14 47 11 89 83 66 96 66 33 16 41 47 35 12 16 63 84 3 3 47 17 88 94 70 97
47 26 63 34 70 91 92 95 96 30 12 95 40 18 8 49 63 3 92 58 20 42 69 28 49 31 87 63 51 40 89 68 95 1 55 45 23 29 44 65 5 48 86 23 47 5 36 60 36 8 24 28 83 96 75 75 8 82 65 63 79 77 16 33 15 95 15 48 51 26 55 96 0 83 19 88 11 46 82 36 14 49 56 54 65 58 62 84 36 43 37 27 94 66 27 0 20 61 98 43
64 22 81 91 31 23 10 93 69 70 56 42 7 97 30 22 11 99 27 92 46 79 55 67 65 5 26 39 76 52 82 20 2 50 32 97 45 34 40 67 96 15 18 13 9 29 90 10 80 22 10 88 44 87 38 14 56 23 41 30 57 11 87 51 88 75 91 38 17 38 90 21 22 82 15 99 70 7 85 68 16 49 20 42 35 91 94 53 51 54 71 60 60 66 64 66 45 77 100 69
7 47 12 95 69 16 1 36 42 6 77 26 65 41 52 60 10 17 14 68 48 27 44 81 91 54 94 41 42 23 85 16 47 71 17 73 45 80 38 7 16 1 90 9 87 50 68 74 18 23 92 64 16 44 12 12 81 34 2 4 18 44 55 61 35 61 100 100 12 38 89 75 68 12 8 85 54 16 30 48 40 45 88 69 45 87 41 16 17 15 48 98 61 5 97 13 93 71 4 84
26 76 4 61 100 92 13 33 87 35 25 81 14 48 25 36 5 44 92 12 42 6 17 53 75 97 75 17 87 39 5 81 19 31 20 91 35 4 24 54 25 74 3 64 14 13 26 90 29 4 27 76 92 99 98 15 94 98 12 10 53 55 30 69 2 79 79 68 81 4 80 14 43 93 45 71 100 58 97 11 28 90 14 2 59 49 59 13 54 93 45 99 72 66 51 1 19 40 49 3
59 91 79 81 84 13 68 83 57 26 62 38 29 31 14 93 48 92 83 62 82 0 19 56 22 79 53 90 97 99 87 89 66 74 49 25 32 45 56 60 74 31 2 1 97 68 23 65 46 4 15 14 40 2 63 36 58 19 2 91 90 56 98 76 73 75 54 29 90 79 87 5 54 81 53 21 51 78 37 82 54 73 87 51 15 99 88 89 71 12 10 18 44 47 32 40 61 44 46 54
91 88 44 53 3 37 33 12 10 64 50 22 33 58 75 41 28 91 2 10 5 50 97 66 96 72 28 43 44 55 55 7 16 29 62 20 4 4 30 37 8 73 2 78 54 15 53 77 37 92 7 91 98 61 48 39 10 14 74 53 62 13 29 25 9 50 9 57 81 87 51 67 45 0 75 85 37 54 32 88 95 72 58 53 3 94 58 80 34 62 82 26 90 54 83 72 61 82 63 91
12 51 67 44 98 79 16 85 34 31 3 7 43 30 86 7 96 98 98 93 57 8 58 86 70 79 52 13 87 46 11 33 58 6 24 59 75 7 82 22 96 13 64 24 40 7 37 93 61 6 34 56 89 28 77 54 49 3 70 87 95 70 100 28 86 78 50 18 16 26 42 96 83 26 47 59 98 43 5 28 13 61 5 24 75 3 87 97 61 90 10 52 12 63 37 42 51 11 21 86
8 63 79 76 74 63 96 96 47 47 2 94 14 32 31 35 11 92 26 16 10 49 36 58 79 94 73 19 58 80 46 70 71 30 68 81 78 92 65 70 45 20 23 1 30 7 30 82 94 13 2 8 78 12 93 38 95 100 75 3 15 83 56 19 41 81 29 89 30 96 97 52 13 41 78 8 30 8 51 23 97 6 89 73 16 80 51 66 44 71 33 2 85 39 33 99 3 86 0 63
60 22 47 80 43 98 0 63 95 57 96 14 43 46 7 22 7 18 56 35 46 7 13 10 18 95 20 33 61 32 74 31 87 11 93 31 38 40 41 24 1 33 86 15 84 45 32 29 5 66 19 72 82 1 26 51 24 97 5 91 55 72 74 12 16 21 86 14 29 45 65 77 39 14 26 37 33 41 90 31 95 25 29 71 12 80 11 3 96 7 73 42 53 1 63 14 98 84 4 50
98 46 10 99 33 91 53 0 99 66 91 30 42 45 56 55 28 46 89 89 26 48 93 34 27 72 34 22 71 27 52 54 61 50 79 14 33 3 77 15 11 58 69 89 56 98 2 10 40 40 99 36 14 48 87 75 69 4 62 9 66 2 19 44 57 50 7 64 93 31 81 80 63 29 49 6 5 62 17 69 48 84 8 85 80 54 55 75 81 11 84 56 0 3 39 80 13 54 81 81
74 73 21 8 37 5 7 44 90 94 79 23 92 69 37 53 70 55 50 61 28 98 29 39 37 39 47 55 86 70 6 83 68 2 49 35 59 79 89 28 19 72 76 28 100 22 92 14 65 48 68 29 1 75 13 61 62 99 71 100 18 30 7 40 36 81 21 43 89 56 2 9 28 25 46 67 30 15 27 94 68 3 24 66 97 50 93 95 53 34 32 74 22 8 0 35 81 57 56 66
9 62 95 62 25 8 37 9 93 1 34 79 72 15 81 87 71 52 58 66 74 64 100 51 71 29 96 92 56 95 91 16 60 99 87 55 54 51 15 85 10 44 15 87 79 43 8 89 54 100 22 88 96 77 41 29 9 20 72 76 28 3 65 77 15 44 98 66 47 88 13 90 57 50 20 0 34 9 46 6 99 30 52 68 20 10 81 79 0 30 90 10 93 24 16 55 51 61 79 85
49 13 11 91 54 28 13 23 84 50 48 77 46 98 21 83 80 97 51 78 52 40 60 18 29 17 48 96 17 98 45 66 60 96 44 94 79 10 49 86 98 7 46 74 34 96 63 30 80 95 20 5 1 9 62 64 98 86 35 36 89 66 45 46 50 33 80 42 66 28 58 14 87 26 51 82 30 4 29 68 59 47 3 25 98 66 24 59 10 33 68 50 40 66 0 100 45 58 67 20
33 76 57 3 0 13 4 59 69 66 41 11 38 34 6 11 1 18 42 12 65 100 6 86 41 76 74 40 8 94 69 92 62 78 60 13 95 28 2 25 51 59 6 60 53 51 39 92 53 66 32 33 85 42 55 78 70 48 82 13 74 93 94 84 42 7 97 41 38 43 80 94 3 75 44 68 58 95 25 53 89 52 51 74 57 63 62 87 14 8 86 22 36 27 71 100 88 44 17 51
62 61 46 75 62 62 37 57 77 41 2 89 81 37 80 73 77 32 2 14 14 73 55 38 72 95 90 15 93 34 44 78 37 54 48 39 49 6 23 91 32 16 56 15 14 28 18 89 76 31 20 99 79 95 42 62 54 84 69 70 41 18 94 1 40 73 39 25 41 24 98 54 28 58 97 12 87 35 50 94 51 35 23 67 88 19 21 78 35 32 11 99 45 94 0 29 38 86 37 14
25 100 92 35 96 71 44 17 25 27 90 65 82 71 29 40 31 64 84 77 9 5 6 86 49 97 78 84 66 54 6 1 11 46 48 70 29 83 68 81 47 20 30 57 73 8 37 72 34 9 17 91 75 5 90 73 23 61 28 92 23 0 28 86 5 82 47 6 0 0 100 82 81 38 59 82 22 47 99 81 95 82 9 13 67 65 11 62 97 81 74 66 1 14 40 53 30 22 88 19
84 10 3 16 43 100 59 7 15 61 2 0 10 15 36 94 50 98 6 55 71 16 17 37 3 9 31 26 50 31 64 2 52 19 22 27 35 50 88 94 49 30 96 7 71 90 48 72 10 46 1 54 94 47 52 100 79 25 25 14 37 41 14 1 62 32 29 67 60 1 23 18 100 7 41 40 71 63 69 8 100 84 46 42 34 95 40 54 39 48 87 34 33 83 23 5 34 90 20 21
36 92 50 51 51 65 11 0 91 28 27 30 17 35 39 60 7 85 88 84 22 80 96 78 100 60 78 19 35 42 17 21 27 94 47 43 51 4 55 44 10 48 43 43 58 79 54 51 3 29 57 30 38 87 86 29 32 34 77 83 12 0 30 36 2 84 100 25 9 27 31 99 29 97 14 31 38 55 36 65 98 83 37 59 89 43 96 38 3 99 7 92 69 53 91 85 37 93 72 1
39 76 41 84 44 49 42 81 10 86 34 45 81 9 45 65 98 65 86 58 15 91 44 62 50 38 7 86 50 18 85 40 28 49 80 77 86 27 49 79 27 33 36 71 94 2 0 74 31 54 64 15 21 84 37 65 32 15 49 33 83 99 86 27 59 17 0 18 56 48 70 65 15 10 52 87 10 21 80 93 3 95 50 100 76 37 57 65 80 56 61 7 71 57 75 81 57 21 63 15
72 2 94 25 41 58 85 43 74 8 88 46 84 5 100 72 36 81 2 42 22 56 77 83 82 52 59 18 80 9 9 14 76 97 76 1 12 83 76 41 80 5 93 59 68 44 54 25 91 23 43 70 75 71 2 68 28 86 100 19 48 43 52 9 77 14 18 71 38 80 90 37 76 27 67 49 87 80 59 1 47 63 47 58 50 76 93 69 94 22 78 28 6 91 28 58 48 21 68 87
49 89 37 93 22 50 35 36 38 31 44 8 49 70 73 2 79 92 17 26 26 61 91 37 64 85 4 61 21 71 65 18 68 19 18 18 3 3 53 86 50 78 61 93 29 99 5 3 3 49 67 36 41 100 65 10 72 71 98 4 78 1 13 39 90 21 13 24 15 100 93 88 24 16 86 50 10 64 98 56 27 85 76 79 48 86 13 67 64 44 19 56 35 75 37 20 86 32 61 87
86 35 66 79 4 54 4 7 4 35 50 71 27 17 57 93 17 72 89 73 73 92 16 28 89 76 19 55 78 71 34 11 20 70 4 9 19 50 25 20 44 16 69 19 44 73 74 15 24 26 35 37 30 5 95 69 80 27 76 5 35 98 33 88 40 53 12 40 93 93 49 13 81 4 33 4 58 59 45 26 85 6 41 55 23 21 18 69 5 46 59 55 54 17 59 76 10 64 55 83
13 64 0 99 62 67 83 68 0 56 28 20 33 20 62 3 36 62 39 59 88 15 70 66 64 21 90 8 22 83 79 84 65 58 51 53 93 49 72 5 82 71 54 6 96 27 10 54 51 62 4 90 81 20 39 98 49 44 67 81 14 69 69 57 86 3 31 31 15 100 20 70 24 3 22 71 43 69 63 86 88 80 40 60 0 45 25 77 33 20 41 57 34 63 25 25 60 80 54 38
87 1 31 45 32 7 14 7 29 4 63 62 62 90 88 82 81 93 93 4 3 68 14 45 56 35 56 75 13 54 18 45 43 34 19 99 100 46 81 22 33 88 45 6 29 86 61 58 4 12 36 12 52 47 26 29 6 44 84 35 22 19 19 11 76 4 34 71 100 9 13 30 10 18 35 4 64 65 78 92 5 56 39 41 82 93 34 1 9 31 60 0 52 84 35 51 98 75 40 2
97 10 40 5 16 4 84 99 4 56 41 23 87 41 50 33 88 66 2 60 66 30 11 61 33 57 68 34 47 99 62 84 54 11 86 55 34 94 92 44 76 61 79 73 68 47 63 74 84 33 58 68 10 71 25 43 56 59 1 20 46 4 99 26 17 33 68 18 99 100 39 72 51 93 92 12 16 73 73 89 3 6 5 29 7 91 18 92 51 20 20 36 72 18 48 63 0 30 7 80
47 44 77 84 100 10 89 34 99 59 45 92 86 38 100 42 57 71 87 54 52 40 52 48 41 21 11 52 57 71 33 60 100 37 19 94 100 76 25 93 56 66 2 29 79 11 81 99 43 59 77 87 70 33 53 96 51 77 40 4 34 57 29 50 76 58 96 24 65 21 21 38 59 73 69 14 2 94 82 49 61 25 94 70 54 33 35 3 74 34 84 25 80 9 30 81 36 62 85 45
50 80 13 18 37 90 15 58 15 1 39 7 68 1 5 69 16 71 12 23 31 88 77 64 92 81 28 53 51 2 3 24 32 92 71 91 39 84 88 75 63 59 94 1 13 94 80 42 28 36 52 96 3 69 12 27 34 77 40 86 55 79 46 47 17 64 96 53 71 2 57 65 34 30 9 32 52 21 7 31 41 91 74 83 46 77 51 46 34 98 60 94 78 12 67 53 98 100 60 2
28 62 44 27 24 89 99 40 95 42 9 15 20 44 59 29 93 43 27 22 20 77 29 14 35 99 8 96 66 20 21 41 98 57 66 69 58 45 83 32 90 28 71 43 51 91 79 84 27 70 96 70 0 0 22 3 70 79 62 0 1 88 27 64 20 74 75 76 47 31 28 69 27 73 19 54 98 74 12 39 66 18 24 67 9 63 35 36 8 79 85 21 50 73 90 40 56 81 78 83
81 89 91 69 48 73 54 55 72 38 50 11 80 85 23 6 78 55 10 97 32 73 88 19 33 58 21 10 27 30 71 38 11 100 18 0 67 3 25 96 59 93 17 75 95 12 42 99 0 70 81 48 61 30 6 31 32 94 9 22 9 94 16 86 54 16 28 44 97 46 92 47 27 85 60 94 89 60 52 39 79 95 79 43 7 80 35 63 22 18 9 46 18 2 97 81 73 22 40 2
35 78 66 59 79 54 2 95 25 16 11 1 62 50 59 55 4 23 24 6 58 60 84 52 20 53 28 27 10 3 72 40 89 72 34 86 14 20 55 68 34 68 79 78 64 67 30 9 38 23 77 14 60 78 16 92 93 52 18 31 48 90 20 13 3 88 80 65 65 67 78 91 36 29 18 36 70 4 26 80 53 79 75 54 81 99 31 85 78 49 61 80 75 38 45 65 1 71 52 26
63 26 75 57 19 38 33 85 86 42 99 56 4 98 60 11 28 58 81 34 66 91 90 24 11 72 58 95 69 70 73 70 54 84 50 8 31 62 86 16 5 91 54 12 24 28 61 77 2 13 11 9 40 66 46 3 89 26 46 56 63 96 73 8 75 77 72 19 13 87 12 8 86 87 40 98 36 53 38 54 12 64 39 88 64 67 96 38 17 11 79 85 74 37 75 65 57 16 48 4
57 50 90 99 25 4 93 12 40 19 44 55 65 88 46 38 68 73 91 42 19 18 46 72 22 46 70 43 8 74 99 58 90 89 25 100 82 96 46 77 67 11 63 16 57 64 28 6 88 1 6 5 80 67 39 67 55 35 41 38 21 82 65 38 42 75 100 43 29 22 3 98 89 84 38 9 99 42 41 87 12 13 61 43 48 80 93 64 86 48 44 10 48 4 33 66 53 49 6 16
24 88 27 57 99 66 10 2 69 45 69 1 88 59 32 83 64 22 97 6 6 51 23 64 97 16 74 12 15 43 25 27 71 53 4 56 67 71 68 88 83 1 15 44 68 66 100 92 26 75 20 5 27 30 55 35 83 17 17 77 59 51 87 57 85 63 49 30 67 31 55 10 87 23 82 40 75 34 21 89 73 30 58 28 79 52 33 95 69 40 77 82 69 14 61 11 45 4 70 35
74 5 75 75 11 71 64 82 49 35 42 27 32 56 9 26 4 39 52 24 93 20 97 33 8 67 69 82 97 52 48 57 42 63 78 90 68 15 83 41 87 51 79 45 100 18 24 99 80 12 2 81 65 62 89 70 79 28 10 6 89 97 3 29 83 75 33 84 14 10 70 53 23 94 24 8 14 37 53 74 31 64 3 68 7 81 52 0 52 58 57 53 84 50 29 64 10 50 35 24
81 16 70 48 39 22 79 94 50 58 47 43 71 87 18 98 77 67 69 86 47 48 68 67 20 22 31 83 54 37 63 60 11 9 22 95 16 44 54 17 0 92 59 91 35 37 16 49 77 0 27 56 41 71 0 80 12 44 76 99 28 68 70 15 80 100 44 12 42 29 74 33 85 11 88 56 67 20 96 65 12 27 48 50 29 84 57 67 38 79 74 91 25 77 39 8 63 28 75 30
22 56 9 32 28 39 91 28 27 33 18 75 46 78 58 15 17 91 20 45 33 8 5 93 19 5 32 33 89 91 21 17 84 9 52 23 29 26 45 79 34 77 33 56 38 52 55 72 88 10 68 69 21 21 82 1 6 38 46 22 77 12 3 81 78 67 80 98 68 85 0 59 27 75 97 2 73 94 73 37 52 79 59 82 81 95 3 50 54 98 84 6 99 2 16 59 31 36 99 52
88 100 71 20 74 16 32 55 55 42 8 98 62 59 71 16 54 1 80 41 8 89 70 38 91 12 48 29 81 45 15 59 44 15 56 54 67 95 66 20 30 59 86 48 46 53 3 85 44 20 16 44 64 41 2 11 51 3 77 98 3 21 4 72 6 92 24 83 93 68 36 10 95 77 90 25 45 26 10 86 60 2 95 71 56 53 34 4 98 12 0 56 90 20 38 85 53 53 29 53
91 44 0 93 78 95 35 63 53 14 80 87 28 100 56 48 59 8 74 75 62 76 77 28 60 85 89 60 81 65 86 73 8 36 75 7 40 58 45 69 39 10 99 11 22 42 32 67 23 5 13 27 0 22 32 35 6 57 40 99 16 75 19 66 82 65 0 29 81 39 41 47 72 73 59 65 87 72 43 67 34 9 11 24 89 1 47 84 38 73 36 0 24 99 16 67 66 53 1 67
98 100 61 5 67 37 22 82 2 53 7 90 37 40 8 97 32 7 76 17 98 0 46 53 68 43 64 44 13 98 11 33 36 80 86 42 36 26 8 46 30 92 66 85 55 19 59 99 19 59 76 91 40 16 99 93 41 79 53 52 49 90 82 49 59 15 77 28 36 47 93 88 63 76 20 38 34 91 81 79 97 37 41 27 74 74 11 93 60 92 87 7 69 53 34 38 19 37 0 23
63 67 94 35 65 9 88 53 3 98 19 93 4 34 76 34 67 69 65 33 100 57 66 82 95 45 49 90 10 96 20 20 55 39 39 82 67 34 27 7 95 78 59 62 54 45 49 50 21 35 25 32 30 43 72 61 61 91 62 36 100 74 91 46 41 64 39 77 68 22 100 73 12 57 19 27 78 85 48 5 76 13 5 77 59 77 26 54 15 33 84 96 32 46 83 95 40 75 85 27
59 64 50 80 15 81 92 32 69 78 28 32 39 0 87 46 31 56 68 11 69 21 95 72 28 83 60 78 22 77 48 22 68 97 22 58 96 40 48 23 13 68 50 57 26 90 32 11 98 78 28 87 79 24 73 89 20 8 16 30 67 62 63 79 57 25 60 90 49 49 98 80 67 65 82 74 84 74 61 13 80 61 21 23 11 17 100 42 81 24 27 57 48 91 13 28 92 48 28 87
61 45 67 73 53 61 78 70 3 22 72 52 79 81 44 82 86 38 29 12 20 38 24 39 78 0 40 77 93 2 59 98 32 57 2 91 100 71 17 46 72 85 91 4 89 86 3 56 52 12 20 81 1 76 36 98 32 3 13 35 53 57 12 38 38 79 59 10 63 14 20 5 19 93 0 46 81 47 74 5 33 33 30 7 58 73 13 41 40 71 78 17 72 13 47 37 10 75 48 0
20 50 5 8 51 18 98 18 83 17 92 46 3 35 15 82 27 4 44 5 24 40 26 44 74 59 72 60 30 83 55 95 81 78 75 78 71 93 37 97 87 60 48 14 27 100 36 79 70 14 24 89 19 38 20 38 91 16 84 57 38 24 3 97 87 65 60 74 90 52 54 33 77 14 70 99 51 78 37 94 25 93 54 77 30 27 94 59 35 50 64 74 67 56 45 88 71 24 6 44
33 3 34 7 27 77 3 75 82 81 33 22 50 6 90 46 28 14 56 42 31 69 14 19 77 67 87 4 24 92 84 24 15 22 86 55 14 83 15 71 2 12 87 67 94 70 91 27 43 43 2 18 1 26 67 87 83 91 30 40 33 90 78 82 2 81 11 52 56 76 29 100 61 69 62 69 16 60 83 72 2 84 71 16 24 86 42 22 87 50 61 68 62 83 63 46 45 88 94 75
27 21 3 88 58 11 46 97 80 35 95 87 58 46 30 38 89 82 23 30 32 87 87 58 83 97 38 22 52 32 99 4 61 21 45 29 18 80 7 8 8 66 27 90 29 49 52 73 10 97 31 78 52 72 8 94 54 39 58 99 34 11 73 32 2 58 59 64 33 63 37 92 34 85 76 62 55 21 49 68 12 39 81 24 91 44 14 21 9 71 16 4 16 73 45 65 96 5 40 17
68 89 83 62 24 87 4 63 6 28 86 37 89 76 17 16 58 93 77 44 48 99 50 49 93 32 30 37 90 98 26 87 45 22 37 75 87 76 85 92 69 100 88 1 33 24 6 26 83 42 73 62 2 57 24 47 15 8 24 44 17 92 8 52 37 87 87 16 18 100 36 5 12 23 98 2 88 15 16 79 52 100 84 71 24 53 81 17 70 8 60 34 97 42 14 72 10 46 73 89
26 73 48 34 35 45 46 33 4 37 9 74 28 28 94 45 96 57 52 52 34 53 20 37 28 15 93 40 52 85 1 62 59 40 78 64 10 25 71 33 83 13 90 11 5 40 27 45 72 60 37 69 91 55 9 34 23 10 13 52 85 18 14 19 37 96 4 37 52 97 60 100 100 88 76 25 68 65 40 91 39 22 7 52 84 59 9 23 70 98 46 5 12 20 52 33 30 79 51 52
49 15 43 23 64 72 78 81 80 7 37 84 59 46 36 50 95 46 14 54 69 43 34 71 6 86 5 92 41 20 1 78 77 25 73 86 84 49 79 42 36 69 73 50 72 82 37 82 34 63 40 86 7 6 47 83 20 59 83 15 97 37 34 9 7 51 56 93 48 72 72 80 15 57 12 43 67 68 96 7 5 59 91 32 30 16 25 75 56 20 96 87 25 9 25 53 65 34 31 54
67 17 43 0 24 95 18 80 62 97 65 55 71 51 21 2 68 4 57 74 18 17 2 60 81 71 50 13 33 33 68 34 97 10 85 27 53 61 6 54 91 40 33 91 0 98 54 80 98 75 78 70 58 95 19 86 42 7 79 14 67 87 61 59 28 77 2 2 37 11 84 7 77 13 34 50 25 19 4 74 6 13 1 63 77 100 25 58 12 1 45 30 100 61 86 52 81 71 88 63
1 45 92 75 54 79 39 35 4 61 96 89 62 63 100 89 89 66 55 60 4 73 45 15 50 79 45 29 23 12 21 22 67 16 94 60 66 74 32 41 65 63 98 85 58 97 6 75 24 54 38 23 82 77 34 25 24 16 78 67 58 68 15 18 28 60 74 7 26 49 79 94 30 45 22 47 65 64 24 40 50 92 40 73 28 51 2 90 68 45 35 53 34 96 56 86 54 62 18 35
46 41 99 13 35 2 87 3 39 77 41 27 57 45 90 37 50 58 85 78 26 77 21 70 57 79 82 10 36 46 5 50 20 37 57 38 86 57 73 89 93 94 23 95 65 10 59 98 98 73 65 4 21 61 53 72 89 16 18 2 3 80 27 90 33 67 76 13 84 80 27 43 50 66 63 39 55 40 94 63 16 7 22 77 58 40 15 10 48 62 71 1 64 93 8 70 13 19 21 25
44 68 19 69 8 39 76 27 45 39 94 28 59 69 17 41 15 79 17 61 45 60 53 29 85 83 66 93 41 87 33 66 43 69 87 77 1 41 25 41 10 9 79 36 74 80 34 46 76 55 66 87 27 67 35 99 15 0 26 56 33 3 28 65 32 80 62 74 56 80 10 24 83 8 90 45 93 78 21 37 86 14 31 35 43 14 66 46 69 63 14 18 57 32 72 0 99 58 94 68
48 3 95 35 36 12 6 6 97 75 12 97 21 65 0 81 75 26 80 75 86 46 31 10 52 65 10 17 94 85 11 82 3 0 23 68 80 34 32 86 15 59 92 90 9 28 60 15 7 0 8 3 60 14 96 9 13 71 19 80 99 97 58 94 22 6 77 21 78 98 44 9 43 33 73 40 9 0 28 25 11 61 24 79 25 27 91 21 80 28 55 99 79 6 37 51 100 92 5 17
78 66 91 71 99 76 97 71 21 46 28 90 44 64 62 28 0 14 58 86 70 44 16 9 95 35 68 5 55 52 16 45 99 69 31 32 34 50 89 41 4 12 88 74 84 80 85 87 48 54 15 63 40 16 50 81 96 28 88 65 7 40 61 13 48 70 9 48 18 12 40 17 26 36 32 59 13 1 57 87 91 7 77 34 94 42 4 36 69 70 28 32 68 38 16 46 84 55 75 71
48 88 80 93 35 48 56 52 0 35 49 76 69 5 48 85 43 86 88 7 38 100 10 12 27 39 40 55 14 56 84 52 10 86 51 37 42 12 60 46 6 9 7 4 35 66 48 19 31 25 87 78 74 71 48 68 78 12 22 76 31 50 66 32 18 61 90 48 27 17 14 83 46 64 90 90 82 62 2 26 76 94 50 44 46 88 60 16 36 18 13 2 72 24 61 68 35 91 17 21
57 59 84 58 77 17 34 40 24 39 94 70 55 93 2 13 94 96 38 97 24 3 86 31 65 18 45 34 80 21 81 38 71 0 87 97 34 81 17 47 51 34 64 81 92 8 31 53 79 96 11 12 100 96 85 58 90 33 47 0 23 72 33 59 29 33 69 86 83 50 43 16 98 18 73 14 76 34 47 99 13 0 22 37 78 53 56 7 88 27 90 8 72 94 43 22 55 15 56 10
28 13 40 18 64 89 65 40 41 56 2 24 25 62 5 65 90 82 61 51 58 75 86 27 78 41 96 54 60 11 27 74 25 1 88 53 63 76 2 48 25 18 55 21 48 49 70 84 16 2 35 39 82 68 24 4 0 48 62 86 24 95 73 52 49 0 74 26 59 82 58 10 98 25 15 55 87 4 69 99 12 89 44 28 40 76 96 4 80 49 67 10 89 25 38 62 34 65 24 4
77 46 77 97 6 54 19 36 91 70 12 7 13 95 29 33 91 15 52 94 60 31 46 68 31 53 81 99 14 91 44 0 24 60 85 77 11 89 21 63 3 78 51 17 91 44 76 93 81 20 68 41 97 41 36 11 91 71 62 67 67 41 86 56 89 77 58 11 1 80 92 38 34 82 39 36 34 95 88 0 24 14 7 78 94 26 63 20 69 85 2 42 90 37 75 47 64 5 16 69
59 20 56 34 60 6 55 12 63 38 82 86 64 97 15 78 11 21 62 34 94 76 83 69 89 47 26 7 56 30 98 19 70 60 55 90 64 82 65 5 22 26 21 66 19 48 94 6 77 91 4 25 24 68 70 67 36 67 100 44 40 96 27 92 59 92 9 39 13 97 34 54 20 2 19 73 63 16 89 81 58 82 74 34 68 73 87 22 40 94 51 34 46 7 53 22 25 51 14 43
15 10 58 81 54 14 81 95 43 9 37 76 3 73 19 35 28 55 11 90 44 49 63 1 81 5 54 36 43 4 85 68 37 67 55 38 69 100 24 14 44 47 1 46 87 97 0 81 25 82 31 73 95 60 79 51 36 86 39 11 0 91 5 76 21 39 56 51 48 44 41 21 30 0 14 18 8 70 5 91 91 99 86 35 52 95 81 92 71 62 31 76 37 74 23 78 0 66 41 34
67 17 67 81 16 7 56 93 60 100 33 80 0 35 35 19 15 52 41 18 81 48 22 77 96 31 42 34 85 77 75 47 29 68 97 67 42 60 42 2 15 23 38 58 65 2 48 40 86 85 66 46 34 84 86 38 53 96 44 39 16 13 79 53 70 79 43 54 16 70 10 39 49 49 51 18 31 65 60 32 78 14 84 94 1 79 10 80 15 35 26 57 53 82 0 27 22 57 19 25
68 4 78 31 72 56 83 60 10 15 4 40 62 27 5 32 49 85 42 18 45 17 99 19 19 90 26 49 74 38 89 60 58 94 48 100 18 41 29 22 37 35 12 25 74 18 58 44 6 76 70 61 56 11 37 31 71 40 87 56 64 76 1 43 92 67 49 36 22 7 45 52 40 54 4 19 86 90 40 23 20 76 12 51 1 65 88 12 80 48 46 37 74 2 37 56 38 0 59 24
34 46 63 11 39 75 47 82 100 16 15 79 21 97 60 96 64 45 11 72 65 87 24 64 4 43 20 0 86 15 77 79 29 88 21 87 27 14 71 58 21 79 45 69 44 35 31 22 27 22 67 48 75 32 22 88 38 31 69 69 38 22 81 88 78 8 1 35 62 73 34 32 1 19 100 17 88 61 45 22 75 31 95 55 61 6 13 49 87 54 45 52 55 31 36 10 57 24 40 5
28 66 36 19 25 90 71 57 45 3 57 69 20 44 86 30 32 75 35 33 27 49 72 86 77 31 67 71 28 2 19 50 89 98 63 90 71 0 12 14 38 95 87 78 88 40 24 51 29 37 89 20 70 15 37 77 80 17 17 53 64 46 48 71 11 57 61 33 67 99 13 56 2 81 88 36 93 4 89 6 78 94 100 97 43 20 56 5 54 5 100 28 7 3 86 42 60 78 46 72
37 7 89 21 77 48 17 100 78 45 7 80 27 98 72 89 38 96 67 95 94 63 66 87 32 70 50 39 24 70 21 73 83 90 15 69 96 66 18 42 58 83 49 2 86 5 79 93 31 78 56 71 83 89 36 91 30 90 22 71 4 96 8 46 87 24 24 5 63 6 51 90 29 70 52 10 50 77 70 79 12 40 38 73 59 88 92 9 5 21 12 33 57 50 21 37 80 77 63 39
66 55 76 47 89 91 84 40 74 78 16 51 32 62 46 69 39 3 10 83 98 23 95 72 61 45 87 29 71 24 69 5 74 34 10 98 77 65 80 32 4 79 77 3 0 39 58 84 9 65 90 59 68 25 4 95 22 4 5 20 51 42 65 4 31 72 17 21 2 3 85 74 16 14 19 6 88 80 38 70 91 65 62 84 61 37 25 10 77 3 13 94 40 95 68 38 73 83 64 28
4 65 98 39 13 20 14 75 24 66 27 41 81 8 76 68 71 96 55 27 40 93 84 57 51 25 18 39 70 83 91 75 44 74 22 60 29 45 36 97 76 68 1 29 68 95 85 49 82 99 17 77 50 49 16 70 40 91 64 99 61 61 39 36 99 40 82 90 77 54 35 93 40 48 73 69 97 45 17 31 11 74 24 68 31 4 11 50 83 66 76 41 41 57 90 44 29 89 94 72
25 18 19 94 72 27 8 82 39 30 82 53 68 10 13 41 65 76 44 47 62 30 17 49 70 80 5 68 96 74 100 38 46 34 67 90 75 89 0 19 15 47 53 84 76 84 34 76 48 90 58 58 78 99 52 26 44 79 24 59 93 52 9 31 12 84 97 90 24 18 87 68 62 46 56 90 5 41 9 41 99 46 86 36 7 25 75 33 63 61 83 8 37 17 5 72 5 47 8 91
78 59 77 45 80 89 69 36 61 31 89 75 56 69 20 33 82 55 18 53 81 76 43 86 23 34 45 28 82 53 94 55 23 94 14 91 36 40 14 4 99 78 94 82 43 63 53 79 58 4 100 86 41 38 83 96 36 11 7 61 87 52 53 7 32 25 5 25 14 12 5 4 3 56 91 39 22 25 27 33 22 85 41 1 6 44 29 39 56 96 0 28 63 15 95 20 36 9 40 46
90 76 14 11 63 75 59 97 49 84 29 43 47 37 69 93 21 38 96 80 91 35 42 99 57 84 39 97 100 38 74 65 13 39 3 29 19 19 26 8 17 80 49 41 52 51 21 9 81 88 15 24 17 59 84 13 69 26 56 53 9 46 19 29 83 41 54 49 29 73 0 10 36 13 19 35 3 70 10 47 13 19 61 61 39 60 93 3 44 54 92 78 68 44 47 43 27 54 4 83
76 62 30 49 91 45 0 60 83 61 13 6 86 13 75 31 23 43 31 69 70 81 33 81 53 72 33 46 4 74 6 11 13 84 2 20 53 40 52 75 49 85 85 31 4 63 86 80 11 39 96 56 2 42 46 37 50 12 42 15 83 87 14 56 83 4 13 0 10 50 48 3 3 55 75 94 68 63 100 99 90 66 57 15 9 16 63 83 6 23 68 50 81 68 0 50 12 44 33 45
21 33 94 17 55 59 61 99 58 0 40 48 10 68 0 18 94 0 43 19 95 16 92 43 14 52 33 93 75 27 58 4 62 54 41 21 0 48 4 76 23 6 97 4 23 14 56 95 92 67 42 14 92 14 44 17 99 98 73 44 40 62 93 64 27 49 2 59 50 65 88 36 84 89 57 44 95 44 36 100 99 83 65 41 3 38 61 88 25 78 62 24 58 35 45 51 32 49 86 82
13 64 37 68 92 33 31 57 76 77 36 65 61 22 90 63 18 70 17 5 32 5 100 24 7 49 5 55 65 72 13 33 15 75 29 67 93 82 24 62 61 25 53 53 40 71 59 52 39 84 74 5 86 23 73 52 39 50 55 47 73 88 66 45 7 28 81 65 23 75 11 19 6 54 86 31 69 33 12 43 29 29 19 80 87 17 36 0 98 39 49 83 54 12 22 97 95 20 62 95
37 95 34 0 65 38 54 59 28 99 99 15 18 25 1 69 78 28 15 23 60 4 35 90 21 63 81 45 10 29 53 26 68 96 70 51 7 23 45 98 21 19 29 91 88 2 89 19 70 48 63 43 38 37 28 95 93 77 29 31 86 26 80 43 46 49 34 20 92 52 2 50 33 74 82 73 89 49 21 38 49 67 28 90 70 5 9 60 14 3 82 17 44 11 72 20 96 88 49 84
10 61 93 95 87 70 48 83 20 77 82 28 40 77 98 81 56 98 72 82 26 80 38 77 24 57 23 44 71 66 26 20 93 24 72 91 70 53 55 77 38 57 90 98 64 92 50 88 78 90 16 75 86 55 33 54 78 71 21 1 30 71 21 95 62 36 68 41 44 97 63 71 38 36 1 99 80 51 99 46 59 98 71 36 47 35 96 75 56 8 68 17 82 14 92 52 41 95 87 38
80 10 18 79 79 91 70 33 20 14 8 13 91 0 52 25 8 32 30 98 62 44 8 16 34 38 13 32 84 18 32 40 58 26 36 24 70 9 12 96 19 34 72 85 80 11 33 32 76 30 77 20 80 100 89 31 68 1 61 62 78 53 84 39 23 23 66 21 40 67 95 82 73 47 78 1 35 87 19 60 26 71 15 84 98 66 65 62 79 91 92 23 34 18 16 37 4 39 36 96
20 22 7 81 97 91 30 42 87 20 48 51 57 85 46 73 87 54 61 34 0 72 89 3 61 75 50 44 23 11 78 25 93 56 54 16 86 5 93 4 53 80 6 4 52 14 58 80 89 59 38 76 64 94 17 50 9 97 48 22 52 38 10 70 95 15 30 66 89 84 88 85 78 70 70 39 41 89 81 34 60 80 95 1 97 77 94 64 85 97 36 86 52 85 57 38 83 7 74 60
29 7 60 93 69 77 62 87 46 7 94 21 39 89 97 26 51 9 98 74 11 80 30 77 63 23 70 100 71 57 5 61 17 3 74 25 74 77 65 31 1 83 96 99 38 6 9 100 25 32 18 7 4 98 5 84 68 62 25 83 42 31 54 99 28 86 19 93 24 33 94 28 75 76 87 97 21 71 45 89 2 8 56 44 24 47 10 24 32 37 47 76 2 33 6 78 97 66 46 100
27 10 27 72 79 23 63 25 85 86 71 33 50 95 15 86 82 53 83 75 16 48 36 38 16 79 53 62 69 66 16 79 20 41 97 59 90 31 82 12 89 35 32 42 53 15 29 26 12 4 51 92 14 72 84 58 75 36 56 67 43 54 0 73 1 54 20 65 73 31 64 51 71 34 24 40 23 32 66 48 18 88 6 25 66 22 5 34 37 45 54 41 98 11 19 38 13 86 61 18
35 50 75 38 88 94 88 68 76 67 40 98 40 13 35 99 54 37 16 45 38 32 20 39 46 84 41 39 8 17 19 74 74 75 61 13 53 70 68 84 63 88 79 55 43 13 47 5 81 86 75 0 88 23 13 92 80 42 77 19 70 89 76 11 14 72 20 7 25 93 26 73 75 94 86 58 59 2 43 85 34 81 69 66 5 5 48 35 26 2 36 20 23 36 54 4 71 60 80 14
76 15 15 52 91 99 42 58 52 51 23 57 92 26 10 79 65 1 27 57 76 99 81 25 83 81 29 57 50 48 91 71 98 22 24 31 5 55 20 87 67 62 31 29 55 32 46 96 11 66 48 8 21 78 47 87 99 65 87 38 41 0 23 9 92 32 47 94 87 35 72 50 93 32 95 2 60 66 2 25 45 61 18 53 26 80 88 18 81 84 51 26 76 43 55 93 82 35 47 74
37 12 67 74 8 62 30 7 16 57 63 9 0 8 5 77 80 9 64 90 31 91 17 27 83 86 70 21 57 24 55 80 49 11 2 16 28 91 99 50 25 46 28 80 6 18 31 91 76 36 67 80 93 86 39 94 6 57 1 59 52 22 33 37 48 93 54 47 27 46 53 83 55 44 29 41 8 48 69 50 31 46 78 93 85 30 49 84 84 81 25 10 30 88 27 0 0 99 37 29
60 100 84 14 68 7 4 98 35 75 68 35 82 36 96 1 55 83 32 49 78 92 70 12 8 73 6 18 7 20 0 46 80 7 98 6 84 88 47 80 37 93 87 67 4 1 77 10 44 74 33 9 60 5 71 79 25 88 84 54 95 98 31 86 6 12 95 87 79 6 45 87 45 53 12 94 42 53 54 35 100 36 77 3 3 14 43 91 92 99 63 99 61 73 60 35 13 17 42 69
18 30 14 19 78 85 29 43 60 77 61 67 44 56 89 5 19 82 11 48 56 19 24 71 41 65 10 60 45 14 81 23 51 88 57 6 69 77 76 81 22 15 83 70 11 11 14 95 56 42 61 19 7 42 59 89 59 1 35 79 94 79 25 50 80 41 61 81 95 25 63 41 1 42 70 66 86 67 63 14 95 2 27 82 43 49 74 60 42 67 88 51 8 45 39 52 69 20 61 100
42 36 83 3 76 18 30 47 47 61 86 34 86 11 43 16 86 20 85 86 32 93 87 69 45 20 79 86 17 35 44 90 76 56 69 11 48 61 87 75 22 69 50 50 47 86 43 21 28 52 49 34 44 96 6 96 86 0 94 68 26 34 42 25 41 1 10 3 96 38 54 62 56 35 12 7 14 99 94 90 13 99 96 40 73 93 43 13 91 13 41 95 80 20 23 44 81 92 1 36
77 63 62 22 96 72 16 75 23 58 42 70 46 21 45 21 50 58 38 48 16 55 48 5 7 89 79 91 36 20 39 47 6 48 2 96 30 100 70 86 84 51 84 46 43 73 62 64 92 38 49 23 6 74 69 86 86 38 50 94 81 4 41 69 7 62 38 77 58 21 7 16 6 100 90 94 14 57 93 15 38 62 18 90 23 4 41 3 11 59 60 3 50 4 30 71 39 9 37 66
37 11 99 25 33 81 57 67 78 4 84 97 83 55 88 60 22 73 28 54 84 56 46 30 58 52 15 41 23 29 5 2 30 23 17 10 27 81 35 79 96 59 19 97 7 34 45 53 36 38 31 41 0 77 33 79 55 22 63 85 15 70 28 42 29 58 1 8 65 69 72 33 24 31 91 22 26 77 83 96 40 23 57 36 59 6 24 46 4 97 20 53 76 22 83 92 23 66 83 61
50 74 25 54 94 50 19 92 34 56 90 39 26 92 15 18 8 8 48 21 94 40 60 100 31 28 58 37 58 17 48 12 63 3 92 47 45 65 33 69 35 21 34 79 67 2 44 29 99 75 74 7 77 45 57 55 49 69 18 32 8 74 57 9 45 49 71 65 93 61 69 89 87 93 93 7 47 54 32 21 83 51 60 38 63 54 78 1 52 100 5 46 5 1 98 49 85 11 71 92
68 69 29 49 78 39 46 79 54 36 13 46 83 4 1 39 25 59 33 71 66 10 8 36 20 96 80 3 53 3 96 59 29 31 35 95 93 93 81 11 64 60 71 26 4 87 13 26 22 20 32 40 26 62 47 86 74 6 5 29 68 81 97 89 19 47 89 31 35 86 42 89 26 72 11 19 11 39 35 95 42 44 54 84 93 50 12 98 35 93 72 32 14 94 77 31 85 49 89 19
89 30 47 70 72 56 60 8 86 42 29 89 60 16 0 73 69 76 11 56 66 24 34 82 69 89 74 27 60 92 7 82 55 88 61 83 95 43 41 60 46 3 18 6 8 99 9 70 14 100 48 37 92 71 4 98 57 29 30 95 52 78 63 16 56 59 76 72 3 16 17 43 11 23 76 63 52 82 5 51 98 20 9 70 39 15 44 31 91 73 19 49 45 54 13 23 46 69 84 76
92 39 42 25 37 13 68 95 89 76 66 76 13 69 25 87 79 20 38 27 40 28 76 90 7 78 19 86 31 13 70 20 94 63 23 85 92 76 32 34 62 99 61 40 42 54 34 5 33 72 57 13 27 60 91 63 55 69 90 82 61 24 15 2 38 78 64 44 43 54 41 74 64 8 10 90 54 5 32 24 83 25 83 51 11 21 8 72 70 9 98 54 53 44 55 36 50 29 63 72
71 58 88 29 21 69 86 98 9 86 51 61 13 96 88 20 26 64 0 33 49 46 8 46 9 12 81 52 92 46 56 73 30 20 60 97 6 5 98 49 3 53 33 89 60 58 64 5 82 15 91 76 12 70 18 20 79 99 54 48 27 95 3 33 68 27 90 75 5 30 98 89 60 63 6 36 9 86 94 9 37 66 44 41 18 40 18 56 82 90 70 47 61 7 69 2 91 92 66 72
6 3 36 27 15 46 88 25 25 14 28 26 28 91 86 14 98 73 81 72 48 71 26 21 48 58 23 25 100 17 71 87 85 42 99 60 61 67 34 24 55 68 31 6 17 45 15 99 99 80 89 77 7 92 75 33 84 17 37 79 90 80 46 23 77 37 28 55 18 57 44 49 40 56 78 37 65 24 13 34 93 76 22 84 5 18 23 99 76 92 16 27 53 80 67 97 56 92 95 94
