0 1 2 3 4 5 6 7 8 9 10 11
0 1 2 3 4 5 6 7 12 13 14 15
0 1 2 3 4 5 6 7 16 17 18 19
0 1 2 3 4 5 6 7 20 21 22 23
0 1 2 3 8 9 10 11 12 13 14 15
0 1 2 3 8 9 10 11 16 17 18 19
0 1 2 3 8 9 10 11 20 21 22 23
0 1 2 3 12 13 14 15 16 17 18 19
0 1 2 3 12 13 14 15 20 21 22 23
0 1 2 3 16 17 18 19 20 21 22 23
4 5 6 7 8 9 10 11 12 13 14 15
4 5 6 7 8 9 10 11 16 17 18 19
4 5 6 7 8 9 10 11 20 21 22 23
4 5 6 7 12 13 14 15 16 17 18 19
4 5 6 7 12 13 14 15 20 21 22 23
4 5 6 7 16 17 18 19 20 21 22 23
8 9 10 11 12 13 14 15 16 17 18 19
8 9 10 11 12 13 14 15 20 21 22 23
8 9 10 11 16 17 18 19 20 21 22 23
12 13 14 15 16 17 18 19 20 21 22 23
