20 21 22 23 24 25 26 27 28 29 30 31
20 21 22 23 24 25 26 27 28 32 33 34
20 21 22 23 24 25 26 27 28 35 36 37
20 21 22 23 24 25 26 27 28 38 39 40
20 21 22 23 24 25 29 30 31 32 33 34
20 21 22 23 24 25 29 30 31 35 36 37
20 21 22 23 24 25 29 30 31 38 39 40
20 21 22 23 24 25 32 33 34 35 36 37
20 21 22 23 24 25 32 33 34 38 39 40
20 21 22 23 24 25 35 36 37 38 39 40
20 21 22 26 27 28 29 30 31 32 33 34
20 21 22 26 27 28 29 30 31 35 36 37
20 21 22 26 27 28 29 30 31 38 39 40
20 21 22 26 27 28 32 33 34 35 36 37
20 21 22 26 27 28 32 33 34 38 39 40
20 21 22 26 27 28 35 36 37 38 39 40
20 21 22 29 30 31 32 33 34 35 36 37
20 21 22 29 30 31 32 33 34 38 39 40
20 21 22 29 30 31 35 36 37 38 39 40
20 21 22 32 33 34 35 36 37 38 39 40
23 24 25 26 27 28 29 30 31 32 33 34
23 24 25 26 27 28 29 30 31 35 36 37
23 24 25 26 27 28 29 30 31 38 39 40
23 24 25 26 27 28 32 33 34 35 36 37
23 24 25 26 27 28 32 33 34 38 39 40
23 24 25 26 27 28 35 36 37 38 39 40
23 24 25 29 30 31 32 33 34 35 36 37
23 24 25 29 30 31 32 33 34 38 39 40
23 24 25 29 30 31 35 36 37 38 39 40
23 24 25 32 33 34 35 36 37 38 39 40
26 27 28 29 30 31 32 33 34 35 36 37
26 27 28 29 30 31 32 33 34 38 39 40
26 27 28 29 30 31 35 36 37 38 39 40
26 27 28 32 33 34 35 36 37 38 39 40
29 30 31 32 33 34 35 36 37 38 39 40
0 1 2 3 4 5 6 7 8 9 10 11
0 1 2 3 4 5 6 7 12 13 14 15
0 1 2 3 4 5 6 7 16 17 18 19
0 1 2 3 8 9 10 11 12 13 14 15
0 1 2 3 8 9 10 11 16 17 18 19
0 1 2 3 12 13 14 15 16 17 18 19
4 5 6 7 8 9 10 11 12 13 14 15
4 5 6 7 8 9 10 11 16 17 18 19
4 5 6 7 12 13 14 15 16 17 18 19
8 9 10 11 12 13 14 15 16 17 18 19
